<!DOCTYPE HTML>
<html>
  <head>
    <meta charset="UTF-8">
    <title>AME Results</title>
    <script type="text/javascript">
      //@JSON_VAR data
      var data = {
        "version": "5.4.1",
        "revision": "85e92e5f19b20c2557895c8f98f933c870ccf7a4",
        "release": "Sat Aug 21 19:23:23 2021 -0700",
        "program": "AME",
        "cmd": [
          "ame", "--o", "../../data/ATAC/output/ame_MPP3_WT_shuffled",
          "--control", "--shuffle--", "../../data/ATAC/output/MPP3_WT.fna",
          "../../LFS/genomeData/JASPAR_motifs.meme"
        ],
        "options": {
          "scoring": "avg_odds",
          "positive_list": "FASTA",
          "pvalue_method": "Fisher's exact test",
          "pseudocount": 0.1,
          "fisher_fasta_threshold": 0.001,
          "hit_lo_fraction": 0.25,
          "evalue_report_threshold": 10,
          "noseq": false,
          "log_fscores": false,
          "log_pwmscores": false,
          "linreg_switchxy": true,
          "fix_partition": true,
          "partition": "number of primary sequences",
          "kmer": 2
        },
        "motif_dbs": [
          {
            "source": "../../LFS/genomeData/JASPAR_motifs.meme",
            "count": 746
          }
        ],
        "alphabet": {
          "name": "DNA",
          "like": "dna",
          "ncore": 4,
          "symbols": [
            {
              "symbol": "A",
              "name": "Adenine",
              "colour": "CC0000",
              "complement": "T"
            }, {
              "symbol": "C",
              "name": "Cytosine",
              "colour": "0000CC",
              "complement": "G"
            }, {
              "symbol": "G",
              "name": "Guanine",
              "colour": "FFB300",
              "complement": "C"
            }, {
              "symbol": "T",
              "aliases": "U",
              "name": "Thymine",
              "colour": "008000",
              "complement": "A"
            }, {
              "symbol": "N",
              "aliases": "X.",
              "name": "Any base",
              "equals": "ACGT"
            }, {
              "symbol": "V",
              "name": "Not T",
              "equals": "ACG"
            }, {
              "symbol": "H",
              "name": "Not G",
              "equals": "ACT"
            }, {
              "symbol": "D",
              "name": "Not C",
              "equals": "AGT"
            }, {
              "symbol": "B",
              "name": "Not A",
              "equals": "CGT"
            }, {
              "symbol": "M",
              "name": "Amino",
              "equals": "AC"
            }, {
              "symbol": "R",
              "name": "Purine",
              "equals": "AG"
            }, {
              "symbol": "W",
              "name": "Weak",
              "equals": "AT"
            }, {
              "symbol": "S",
              "name": "Strong",
              "equals": "CG"
            }, {
              "symbol": "Y",
              "name": "Pyrimidine",
              "equals": "CT"
            }, {
              "symbol": "K",
              "name": "Keto",
              "equals": "GT"
            }
          ]
        },
        "background": {
          "source": "--sequences--",
          "file": "../../data/ATAC/output/MPP3_WT.fna",
          "frequencies": [0.232446, 0.267554, 0.267554, 0.232446]
        },
        "sequence_db": {
          "source": "../../data/ATAC/output/MPP3_WT.fna",
          "count": 410,
          "skipped": 0,
          "fasta_scores": false
        },
        "control_db": {
          "source": "--shuffle--",
          "count": 1230,
          "skipped": 0
        },
        "min_sequence_score": 6.76274e-21,
        "max_sequence_score": 82712.4,
        "max_median_sequence_score": 1.47948,
        "motifs": [
          {
            "db": 0,
            "id": "MA1100.2",
            "alt": "ASCL1",
            "len": 10,
            "motif_evalue": 0,
            "motif_nsites": 4414,
            "url": "http://jaspar.genereg.net/matrix/MA1100.2",
            "pwm": [
              [0.28704, 0.209788, 0.338693, 0.164479], 
              [0.252269, 0.0985288, 0.582255, 0.0669477], 
              [5.26599e-06, 0.996821, 6.06135e-06, 0.00316719], 
              [0.910257, 0.0323893, 0.0123818, 0.0449712], 
              [0.0166379, 0.20022, 0.685985, 0.0971581], 
              [0.112468, 0.680799, 0.203642, 0.0030902], 
              [0.0252397, 0.00513895, 0.0258825, 0.943739], 
              [0.011576, 6.06135e-06, 0.98196, 0.00645812], 
              [0.0327515, 0.567061, 0.150604, 0.249584], 
              [0.191028, 0.336957, 0.201451, 0.270563]
            ],
            "pos": 410,
            "neg": 1230,
            "tp": 303,
            "fp": 360,
            "positive_thresh": 410,
            "true_positive_thresh": 2.21665,
            "number_of_tests": 945,
            "corrected_pvalue": "2.45e-54",
            "evalue": "1.83e-51"
          }, {
            "db": 0,
            "id": "MA1604.1",
            "alt": "Ebf2",
            "len": 13,
            "motif_evalue": 0,
            "motif_nsites": 26261,
            "url": "http://jaspar.genereg.net/matrix/MA1604.1",
            "pwm": [
              [0.177868, 0.223525, 0.292373, 0.306234], 
              [0.122273, 0.274019, 0.122578, 0.481131], 
              [0.00746486, 0.970904, 0.014319, 0.00731186], 
              [0.0195358, 0.923497, 0.00986398, 0.0471047], 
              [0.0165648, 0.957196, 0.00921598, 0.0170218], 
              [0.732453, 0.142569, 0.0543398, 0.0706376], 
              [0.729407, 0.0512938, 0.138418, 0.0808806], 
              [0.0280648, 0.00910198, 0.955901, 0.00693086], 
              [0.0485897, 0.00837799, 0.928598, 0.0144328], 
              [0.0369757, 0.0220869, 0.918623, 0.0223148], 
              [0.830202, 0.0547208, 0.0647738, 0.0503037], 
              [0.269449, 0.291992, 0.262633, 0.175926], 
              [0.253875, 0.272571, 0.184037, 0.289517]
            ],
            "pos": 410,
            "neg": 1230,
            "tp": 217,
            "fp": 178,
            "positive_thresh": 410,
            "true_positive_thresh": 2.31632,
            "number_of_tests": 583,
            "corrected_pvalue": "2.20e-48",
            "evalue": "1.64e-45"
          }, {
            "db": 0,
            "id": "MA1472.1",
            "alt": "BHLHA15(var.2)",
            "len": 10,
            "motif_evalue": 0,
            "motif_nsites": 1505,
            "url": "http://jaspar.genereg.net/matrix/MA1472.1",
            "pwm": [
              [0.463108, 0.186716, 0.237211, 0.112965], 
              [0.412212, 0.278951, 0.271599, 0.037237], 
              [0.0295735, 0.945867, 0.00379153, 0.0207691], 
              [0.881035, 0.0193485, 0.0193485, 0.0802681], 
              [0.00548208, 0.0149278, 0.747483, 0.232107], 
              [0.218997, 0.740126, 0.0354484, 0.00542808], 
              [0.0345841, 0.00257861, 1.77765e-05, 0.962819], 
              [1.54439e-05, 1.77765e-05, 0.999951, 1.54439e-05], 
              [0.0249218, 0.281364, 0.225557, 0.468157], 
              [0.134226, 0.272425, 0.209971, 0.383379]
            ],
            "pos": 410,
            "neg": 1230,
            "tp": 247,
            "fp": 249,
            "positive_thresh": 410,
            "true_positive_thresh": 3.12369,
            "number_of_tests": 876,
            "corrected_pvalue": "9.16e-47",
            "evalue": "6.83e-44"
          }, {
            "db": 0,
            "id": "MA1637.1",
            "alt": "EBF3",
            "len": 13,
            "motif_evalue": 0,
            "motif_nsites": 22062,
            "url": "http://jaspar.genereg.net/matrix/MA1637.1",
            "pwm": [
              [0.173058, 0.23366, 0.276584, 0.316698], 
              [0.115222, 0.272323, 0.138157, 0.474299], 
              [0.00992801, 0.965322, 0.0163641, 0.00838602], 
              [0.017316, 0.937401, 0.0118312, 0.0334519], 
              [0.015231, 0.95263, 0.0146871, 0.017452], 
              [0.683934, 0.164718, 0.0650899, 0.0862577], 
              [0.721873, 0.052127, 0.152934, 0.0730677], 
              [0.0233439, 0.0117862, 0.960381, 0.00448803], 
              [0.0399339, 0.0104262, 0.933231, 0.016409], 
              [0.0257919, 0.0233441, 0.929876, 0.020987], 
              [0.755233, 0.0824498, 0.0899748, 0.0723427], 
              [0.298568, 0.277128, 0.262397, 0.161907], 
              [0.258, 0.248708, 0.206962, 0.286329]
            ],
            "pos": 410,
            "neg": 1230,
            "tp": 199,
            "fp": 157,
            "positive_thresh": 410,
            "true_positive_thresh": 2.84308,
            "number_of_tests": 605,
            "corrected_pvalue": "2.06e-44",
            "evalue": "1.53e-41"
          }, {
            "db": 0,
            "id": "MA1631.1",
            "alt": "ASCL1(var.2)",
            "len": 13,
            "motif_evalue": 0,
            "motif_nsites": 34356,
            "url": "http://jaspar.genereg.net/matrix/MA1631.1",
            "pwm": [
              [0.198888, 0.343608, 0.243655, 0.213849], 
              [0.260566, 0.232798, 0.250349, 0.256287], 
              [0.169868, 0.193678, 0.540691, 0.0957624], 
              [0.00535666, 0.976887, 0.00934375, 0.00841265], 
              [0.940591, 0.0163877, 0.0250327, 0.0179886], 
              [0.00474466, 0.878127, 0.0934045, 0.0237226], 
              [0.00570566, 0.97223, 0.0176687, 0.00439566], 
              [0.0107116, 0.0215397, 0.0143217, 0.953427], 
              [0.00730666, 0.0129537, 0.972492, 0.00724866], 
              [0.0116146, 0.83956, 0.0791425, 0.0696825], 
              [0.13069, 0.520519, 0.0863315, 0.262458], 
              [0.206165, 0.307224, 0.260187, 0.226423], 
              [0.173827, 0.349168, 0.243218, 0.233787]
            ],
            "pos": 410,
            "neg": 1230,
            "tp": 253,
            "fp": 280,
            "positive_thresh": 410,
            "true_positive_thresh": 1.76969,
            "number_of_tests": 718,
            "corrected_pvalue": "3.73e-43",
            "evalue": "2.78e-40"
          }, {
            "db": 0,
            "id": "MA0048.2",
            "alt": "NHLH1",
            "len": 10,
            "motif_evalue": 0,
            "motif_nsites": 3246,
            "url": "http://jaspar.genereg.net/matrix/MA0048.2",
            "pwm": [
              [0.24276, 0.667271, 0.0557675, 0.0342021], 
              [0.156379, 0.0607254, 0.734721, 0.0481737], 
              [0.00139012, 0.998594, 8.24232e-06, 7.16078e-06], 
              [0.998133, 0.0013902, 0.000469228, 7.16078e-06], 
              [7.16078e-06, 0.116626, 0.839192, 0.0441748], 
              [0.0402409, 0.907775, 0.0519766, 7.16078e-06], 
              [7.16078e-06, 0.00184819, 0.00184819, 0.996296], 
              [0.000927132, 0.00184919, 0.996757, 0.000467147], 
              [0.101583, 0.743293, 0.0350102, 0.120113], 
              [0.0655511, 0.156632, 0.460943, 0.316873]
            ],
            "pos": 410,
            "neg": 1230,
            "tp": 253,
            "fp": 283,
            "positive_thresh": 410,
            "true_positive_thresh": 1.0367,
            "number_of_tests": 541,
            "corrected_pvalue": "1.22e-42",
            "evalue": "9.07e-40"
          }, {
            "db": 0,
            "id": "MA1619.1",
            "alt": "Ptf1a(var.2)",
            "len": 12,
            "motif_evalue": 0,
            "motif_nsites": 7253,
            "url": "http://jaspar.genereg.net/matrix/MA1619.1",
            "pwm": [
              [0.257686, 0.248587, 0.272163, 0.221563], 
              [0.272714, 0.335033, 0.224598, 0.167656], 
              [0.599195, 0.147527, 0.18034, 0.0729372], 
              [0.00675911, 0.985651, 0.00386364, 0.00372615], 
              [0.981515, 0.00565661, 0.00896557, 0.00386315], 
              [0.00469114, 0.0423301, 0.92223, 0.0307488], 
              [0.0308868, 0.923333, 0.0412271, 0.00455314], 
              [0.00358816, 0.00910356, 0.00551861, 0.981791], 
              [0.00372615, 0.00372664, 0.985789, 0.00675911], 
              [0.0737652, 0.180892, 0.146838, 0.598506], 
              [0.168345, 0.225011, 0.334481, 0.272162], 
              [0.220874, 0.272577, 0.248587, 0.257962]
            ],
            "pos": 410,
            "neg": 1230,
            "tp": 255,
            "fp": 305,
            "positive_thresh": 410,
            "true_positive_thresh": 1.84925,
            "number_of_tests": 690,
            "corrected_pvalue": "4.45e-39",
            "evalue": "3.32e-36"
          }, {
            "db": 0,
            "id": "MA0816.1",
            "alt": "Ascl2",
            "len": 10,
            "motif_evalue": 0,
            "motif_nsites": 352,
            "url": "http://jaspar.genereg.net/matrix/MA0816.1",
            "pwm": [
              [0.67317, 0.10232, 0.179002, 0.0455081], 
              [0.374229, 0.119925, 0.502857, 0.00298919], 
              [0.00993121, 0.986638, 7.5988e-05, 0.00335408], 
              [0.952177, 7.5988e-05, 7.5988e-05, 0.0476715], 
              [0.0201753, 0.0661492, 0.8619, 0.0517753], 
              [0.00986723, 0.98019, 0.00661013, 0.00333309], 
              [0.0132203, 7.5988e-05, 7.5988e-05, 0.986628], 
              [6.60171e-05, 0.00337505, 0.989894, 0.00666514], 
              [0.0187527, 0.641639, 0.0467917, 0.292818], 
              [0.0939623, 0.279003, 0.077402, 0.549634]
            ],
            "pos": 410,
            "neg": 1230,
            "tp": 250,
            "fp": 301,
            "positive_thresh": 410,
            "true_positive_thresh": 1.33254,
            "number_of_tests": 620,
            "corrected_pvalue": "2.00e-37",
            "evalue": "1.49e-34"
          }, {
            "db": 0,
            "id": "MA1620.1",
            "alt": "Ptf1a(var.3)",
            "len": 12,
            "motif_evalue": 0,
            "motif_nsites": 10291,
            "url": "http://jaspar.genereg.net/matrix/MA1620.1",
            "pwm": [
              [0.275386, 0.239918, 0.258867, 0.225828], 
              [0.253911, 0.359536, 0.231173, 0.155379], 
              [0.667278, 0.115442, 0.137014, 0.0802655], 
              [0.0178821, 0.960735, 0.0109825, 0.0103992], 
              [0.974923, 0.00583254, 0.00816452, 0.0110802], 
              [0.0112741, 0.83247, 0.114859, 0.0413969], 
              [0.024878, 0.934014, 0.0285713, 0.0125371], 
              [0.00826218, 0.00913651, 0.00952551, 0.973076], 
              [0.00661019, 0.0105945, 0.968995, 0.0138001], 
              [0.0512118, 0.156934, 0.147314, 0.64454], 
              [0.163056, 0.245554, 0.324652, 0.266738], 
              [0.222816, 0.291906, 0.212128, 0.273151]
            ],
            "pos": 410,
            "neg": 1230,
            "tp": 294,
            "fp": 422,
            "positive_thresh": 410,
            "true_positive_thresh": 1.19578,
            "number_of_tests": 779,
            "corrected_pvalue": "2.24e-37",
            "evalue": "1.67e-34"
          }, {
            "db": 0,
            "id": "MA0499.2",
            "alt": "MYOD1",
            "len": 13,
            "motif_evalue": 0,
            "motif_nsites": 34300,
            "url": "http://jaspar.genereg.net/matrix/MA0499.2",
            "pwm": [
              [0.209184, 0.328834, 0.236676, 0.225306], 
              [0.27586, 0.207085, 0.246181, 0.270875], 
              [0.132624, 0.163907, 0.638016, 0.0654525], 
              [0.0101756, 0.97166, 0.0103217, 0.00784365], 
              [0.941135, 0.0169977, 0.0247527, 0.0171146], 
              [0.0134996, 0.736879, 0.213878, 0.0357436], 
              [0.0155696, 0.947636, 0.0271727, 0.00962165], 
              [0.00702666, 0.0164147, 0.0106717, 0.965887], 
              [0.00606466, 0.0112547, 0.975741, 0.00693966], 
              [0.0117206, 0.0744906, 0.0495346, 0.864255], 
              [0.0527115, 0.555451, 0.129446, 0.262391], 
              [0.27586, 0.305685, 0.180816, 0.237638], 
              [0.165802, 0.342857, 0.218513, 0.272828]
            ],
            "pos": 410,
            "neg": 1230,
            "tp": 287,
            "fp": 405,
            "positive_thresh": 410,
            "true_positive_thresh": 1.08444,
            "number_of_tests": 716,
            "corrected_pvalue": "9.07e-37",
            "evalue": "6.77e-34"
          }, {
            "db": 0,
            "id": "MA0830.2",
            "alt": "TCF4",
            "len": 13,
            "motif_evalue": 0,
            "motif_nsites": 29465,
            "url": "http://jaspar.genereg.net/matrix/MA0830.2",
            "pwm": [
              [0.20526, 0.341151, 0.242321, 0.211268], 
              [0.238724, 0.229221, 0.292483, 0.239572], 
              [0.141456, 0.171797, 0.627795, 0.0589516], 
              [0.00824776, 0.97356, 0.0108949, 0.00729776], 
              [0.91712, 0.0215518, 0.0439508, 0.0173777], 
              [0.00733176, 0.908364, 0.0588167, 0.0254887], 
              [0.0120827, 0.940911, 0.0406248, 0.00638077], 
              [0.0126257, 0.0344828, 0.0230448, 0.929847], 
              [0.00851976, 0.0183278, 0.964939, 0.00821376], 
              [0.0574926, 0.642626, 0.17923, 0.120652], 
              [0.187816, 0.436856, 0.167419, 0.207908], 
              [0.217648, 0.29384, 0.270287, 0.218225], 
              [0.174207, 0.334057, 0.260037, 0.231699]
            ],
            "pos": 410,
            "neg": 1230,
            "tp": 239,
            "fp": 277,
            "positive_thresh": 410,
            "true_positive_thresh": 2.22809,
            "number_of_tests": 787,
            "corrected_pvalue": "1.13e-36",
            "evalue": "8.44e-34"
          }, {
            "db": 0,
            "id": "MA1635.1",
            "alt": "BHLHE22(var.2)",
            "len": 10,
            "motif_evalue": 0,
            "motif_nsites": 18356,
            "url": "http://jaspar.genereg.net/matrix/MA1635.1",
            "pwm": [
              [0.211702, 0.306221, 0.242264, 0.239813], 
              [0.242591, 0.278383, 0.395891, 0.0831348], 
              [1.26632e-06, 0.998634, 0.000600454, 0.000764262], 
              [0.995147, 0.00201745, 0.00283444, 1.26632e-06], 
              [5.5266e-05, 0.00288844, 0.996291, 0.000764262], 
              [0.000764262, 0.996291, 0.00288844, 5.5266e-05], 
              [1.26632e-06, 0.00283444, 0.00201745, 0.995147], 
              [0.000764262, 0.000818453, 0.998416, 1.26632e-06], 
              [0.0831348, 0.396, 0.278492, 0.242373], 
              [0.239595, 0.242264, 0.306439, 0.211702]
            ],
            "pos": 410,
            "neg": 1230,
            "tp": 211,
            "fp": 214,
            "positive_thresh": 410,
            "true_positive_thresh": 7.13112,
            "number_of_tests": 612,
            "corrected_pvalue": "2.00e-36",
            "evalue": "1.49e-33"
          }, {
            "db": 0,
            "id": "MA0154.4",
            "alt": "EBF1",
            "len": 15,
            "motif_evalue": 0,
            "motif_nsites": 45425,
            "url": "http://jaspar.genereg.net/matrix/MA0154.4",
            "pwm": [
              [0.311723, 0.195223, 0.239758, 0.253297], 
              [0.251029, 0.210325, 0.296775, 0.241871], 
              [0.0517784, 0.0991964, 0.121013, 0.728012], 
              [0.0290814, 0.763125, 0.0422675, 0.165526], 
              [0.0125045, 0.952249, 0.00816757, 0.0270785], 
              [0.0142655, 0.936972, 0.00975257, 0.0390094], 
              [0.0558944, 0.873417, 0.0189765, 0.0517124], 
              [0.764886, 0.0375785, 0.0379315, 0.159604], 
              [0.0770943, 0.0179205, 0.852569, 0.0524164], 
              [0.0576114, 0.0108976, 0.916917, 0.0145735], 
              [0.0333524, 0.0100176, 0.941969, 0.0146625], 
              [0.194959, 0.0541995, 0.72121, 0.0296314], 
              [0.696444, 0.139901, 0.109125, 0.0545294], 
              [0.247199, 0.292768, 0.216951, 0.243082], 
              [0.262036, 0.238547, 0.201937, 0.297479]
            ],
            "pos": 410,
            "neg": 1230,
            "tp": 181,
            "fp": 154,
            "positive_thresh": 410,
            "true_positive_thresh": 2.88089,
            "number_of_tests": 571,
            "corrected_pvalue": "4.80e-36",
            "evalue": "3.58e-33"
          }, {
            "db": 0,
            "id": "MA1641.1",
            "alt": "MYF5",
            "len": 12,
            "motif_evalue": 0,
            "motif_nsites": 11210,
            "url": "http://jaspar.genereg.net/matrix/MA1641.1",
            "pwm": [
              [0.240678, 0.240856, 0.290633, 0.227832], 
              [0.312845, 0.266369, 0.280553, 0.140233], 
              [0.668149, 0.122035, 0.158253, 0.0515626], 
              [0.008477, 0.973321, 0.0143643, 0.00383804], 
              [0.978138, 0.00419535, 0.00615733, 0.01151], 
              [0.00892299, 0.0205192, 0.950752, 0.0198059], 
              [0.0198949, 0.950663, 0.0205192, 0.00892299], 
              [0.01151, 0.00606833, 0.00419535, 0.978227], 
              [0.00374904, 0.0143643, 0.973411, 0.008477], 
              [0.0515626, 0.158342, 0.122035, 0.66806], 
              [0.140233, 0.280642, 0.26628, 0.312845], 
              [0.227832, 0.290633, 0.240946, 0.240589]
            ],
            "pos": 410,
            "neg": 1230,
            "tp": 256,
            "fp": 324,
            "positive_thresh": 410,
            "true_positive_thresh": 1.33266,
            "number_of_tests": 652,
            "corrected_pvalue": "5.71e-36",
            "evalue": "4.26e-33"
          }, {
            "db": 0,
            "id": "MA1648.1",
            "alt": "TCF12(var.2)",
            "len": 11,
            "motif_evalue": 0,
            "motif_nsites": 61876,
            "url": "http://jaspar.genereg.net/matrix/MA1648.1",
            "pwm": [
              [0.210324, 0.313417, 0.274678, 0.201581], 
              [0.239754, 0.284343, 0.299955, 0.175949], 
              [0.0154344, 0.934901, 0.0191674, 0.0304963], 
              [0.848939, 0.0324364, 0.0906173, 0.0280083], 
              [0.0120244, 0.898538, 0.0610903, 0.0283473], 
              [0.0309173, 0.901237, 0.0571473, 0.0106994], 
              [0.0223033, 0.0628033, 0.0424244, 0.87247], 
              [0.0455593, 0.0337454, 0.903774, 0.0169213], 
              [0.0176003, 0.889859, 0.0373974, 0.0551433], 
              [0.22411, 0.284488, 0.230994, 0.260408], 
              [0.184466, 0.293393, 0.324197, 0.197944]
            ],
            "pos": 410,
            "neg": 1230,
            "tp": 295,
            "fp": 437,
            "positive_thresh": 410,
            "true_positive_thresh": 1.05346,
            "number_of_tests": 764,
            "corrected_pvalue": "2.29e-35",
            "evalue": "1.71e-32"
          }, {
            "db": 0,
            "id": "MA1621.1",
            "alt": "Rbpjl",
            "len": 14,
            "motif_evalue": 0,
            "motif_nsites": 9652,
            "url": "http://jaspar.genereg.net/matrix/MA1621.1",
            "pwm": [
              [0.207833, 0.298487, 0.256527, 0.237153], 
              [0.255491, 0.25145, 0.26409, 0.228968], 
              [0.349046, 0.322937, 0.186698, 0.141319], 
              [0.622147, 0.142251, 0.15458, 0.0810206], 
              [0.0144033, 0.960727, 0.0106737, 0.0141963], 
              [0.972433, 0.0072547, 0.0113997, 0.00891232], 
              [0.00870532, 0.884059, 0.0696251, 0.037611], 
              [0.0242462, 0.93296, 0.0328454, 0.00994831], 
              [0.00652934, 0.0149216, 0.0136786, 0.96487], 
              [0.0105703, 0.0135746, 0.963006, 0.0128493], 
              [0.0589538, 0.177995, 0.163801, 0.59925], 
              [0.15945, 0.336406, 0.278388, 0.225756], 
              [0.235495, 0.298798, 0.202861, 0.262847], 
              [0.215707, 0.311127, 0.236324, 0.236842]
            ],
            "pos": 410,
            "neg": 1230,
            "tp": 288,
            "fp": 416,
            "positive_thresh": 410,
            "true_positive_thresh": 1.24835,
            "number_of_tests": 785,
            "corrected_pvalue": "2.34e-35",
            "evalue": "1.75e-32"
          }, {
            "db": 0,
            "id": "MA0761.2",
            "alt": "ETV1",
            "len": 14,
            "motif_evalue": 0,
            "motif_nsites": 37339,
            "url": "http://jaspar.genereg.net/matrix/MA0761.2",
            "pwm": [
              [0.338038, 0.200005, 0.258255, 0.203701], 
              [0.304213, 0.23134, 0.278717, 0.185731], 
              [0.610647, 0.116206, 0.161092, 0.112054], 
              [0.0494925, 0.860733, 0.0639815, 0.0257916], 
              [0.891961, 0.0820595, 0.0153467, 0.0106326], 
              [0.00618761, 0.0073657, 0.977073, 0.0093746], 
              [0.0101236, 0.0072587, 0.967378, 0.0152396], 
              [0.967619, 0.0126147, 0.0100437, 0.0097226], 
              [0.893648, 0.0130167, 0.0110347, 0.0823004], 
              [0.11342, 0.0350046, 0.837085, 0.0144896], 
              [0.0895314, 0.104154, 0.0842555, 0.722059], 
              [0.212164, 0.135515, 0.507967, 0.144353], 
              [0.312756, 0.200193, 0.289777, 0.197274], 
              [0.264094, 0.244088, 0.259728, 0.23209]
            ],
            "pos": 410,
            "neg": 1230,
            "tp": 202,
            "fp": 205,
            "positive_thresh": 410,
            "true_positive_thresh": 1.79494,
            "number_of_tests": 584,
            "corrected_pvalue": "3.90e-34",
            "evalue": "2.91e-31"
          }, {
            "db": 0,
            "id": "MA0500.2",
            "alt": "MYOG",
            "len": 12,
            "motif_evalue": 0,
            "motif_nsites": 22357,
            "url": "http://jaspar.genereg.net/matrix/MA0500.2",
            "pwm": [
              [0.23751, 0.285414, 0.250302, 0.226775], 
              [0.376973, 0.167912, 0.245248, 0.209867], 
              [0.320213, 0.12211, 0.482622, 0.0750557], 
              [0.00384802, 0.983492, 0.00451918, 0.008142], 
              [0.974278, 0.00787316, 0.0105571, 0.00729201], 
              [0.00425002, 0.00581617, 0.982374, 0.00756001], 
              [0.00747101, 0.982419, 0.00586017, 0.00425002], 
              [0.00729201, 0.0106461, 0.00800716, 0.974054], 
              [0.008142, 0.00456318, 0.983358, 0.00393702], 
              [0.0745637, 0.482711, 0.121037, 0.321689], 
              [0.208749, 0.245874, 0.166301, 0.379075], 
              [0.224449, 0.253165, 0.284877, 0.23751]
            ],
            "pos": 410,
            "neg": 1230,
            "tp": 245,
            "fp": 307,
            "positive_thresh": 410,
            "true_positive_thresh": 1.30261,
            "number_of_tests": 583,
            "corrected_pvalue": "6.30e-34",
            "evalue": "4.70e-31"
          }, {
            "db": 0,
            "id": "MA0522.3",
            "alt": "TCF3",
            "len": 11,
            "motif_evalue": 0,
            "motif_nsites": 31261,
            "url": "http://jaspar.genereg.net/matrix/MA0522.3",
            "pwm": [
              [0.200569, 0.326669, 0.273152, 0.19961], 
              [0.256934, 0.296504, 0.301718, 0.144845], 
              [0.0150037, 0.939795, 0.0226488, 0.0225527], 
              [0.924984, 0.0126688, 0.0503507, 0.0119967], 
              [0.00988571, 0.916156, 0.0435697, 0.0303896], 
              [0.0360516, 0.87006, 0.0848346, 0.00905371], 
              [0.0121567, 0.0640737, 0.0428337, 0.880936], 
              [0.0348366, 0.0332047, 0.916219, 0.0157387], 
              [0.00943771, 0.919418, 0.0315738, 0.0395706], 
              [0.23275, 0.279166, 0.25671, 0.231375], 
              [0.175458, 0.32379, 0.295, 0.205752]
            ],
            "pos": 410,
            "neg": 1230,
            "tp": 259,
            "fp": 352,
            "positive_thresh": 410,
            "true_positive_thresh": 1.0242,
            "number_of_tests": 617,
            "corrected_pvalue": "1.96e-32",
            "evalue": "1.47e-29"
          }, {
            "db": 0,
            "id": "MA0764.2",
            "alt": "ETV4",
            "len": 10,
            "motif_evalue": 0,
            "motif_nsites": 8414,
            "url": "http://jaspar.genereg.net/matrix/MA0764.2",
            "pwm": [
              [0.37069, 0.177562, 0.323389, 0.128358], 
              [0.143334, 0.547656, 0.230093, 0.0789178], 
              [0.992741, 0.00725309, 3.17983e-06, 2.76258e-06], 
              [2.76258e-06, 0.010937, 0.987393, 0.00166674], 
              [0.000121761, 0.000122178, 0.99179, 0.00796567], 
              [0.995237, 3.17983e-06, 3.17983e-06, 0.00475671], 
              [0.990364, 0.00867908, 3.17983e-06, 0.000953751], 
              [0.00130975, 0.00333114, 0.991672, 0.00368672], 
              [0.15403, 0.260756, 0.231638, 0.353576], 
              [0.277632, 0.189804, 0.363084, 0.16948]
            ],
            "pos": 410,
            "neg": 1230,
            "tp": 118,
            "fp": 62,
            "positive_thresh": 410,
            "true_positive_thresh": 11.7191,
            "number_of_tests": 642,
            "corrected_pvalue": "6.80e-32",
            "evalue": "5.08e-29"
          }, {
            "db": 0,
            "id": "MA1508.1",
            "alt": "IKZF1",
            "len": 12,
            "motif_evalue": 0,
            "motif_nsites": 10918,
            "url": "http://jaspar.genereg.net/matrix/MA1508.1",
            "pwm": [
              [0.301794, 0.188222, 0.354734, 0.155249], 
              [0.383494, 0.20993, 0.262685, 0.143892], 
              [0.743904, 0.106064, 0.0922346, 0.0577956], 
              [0.836869, 0.0433251, 0.0875636, 0.0322418], 
              [0.0616426, 0.794829, 0.116506, 0.0270219], 
              [0.933681, 0.0194193, 0.0230832, 0.0238159], 
              [0.011451, 0.00971136, 0.968028, 0.01081], 
              [0.0382868, 0.0163053, 0.932857, 0.01255], 
              [0.945496, 0.0226252, 0.0272052, 0.00467309], 
              [0.939177, 0.0104434, 0.0239072, 0.0264719], 
              [0.302252, 0.153417, 0.450538, 0.0937913], 
              [0.203426, 0.273951, 0.212219, 0.310404]
            ],
            "pos": 410,
            "neg": 1230,
            "tp": 177,
            "fp": 164,
            "positive_thresh": 410,
            "true_positive_thresh": 2.73665,
            "number_of_tests": 642,
            "corrected_pvalue": "1.16e-31",
            "evalue": "8.62e-29"
          }, {
            "db": 0,
            "id": "MA0062.3",
            "alt": "GABPA",
            "len": 14,
            "motif_evalue": 0,
            "motif_nsites": 65479,
            "url": "http://jaspar.genereg.net/matrix/MA0062.3",
            "pwm": [
              [0.242627, 0.258434, 0.243513, 0.255425], 
              [0.167703, 0.331083, 0.210006, 0.291208], 
              [0.116663, 0.632232, 0.106737, 0.144367], 
              [0.798117, 0.0609053, 0.0744213, 0.0665563], 
              [0.0141883, 0.850104, 0.0331254, 0.102583], 
              [0.0593323, 0.0220384, 0.0147384, 0.903892], 
              [0.0131653, 0.0187854, 0.0249394, 0.943111], 
              [0.0213503, 0.937292, 0.0175634, 0.0237943], 
              [0.0151653, 0.963774, 0.0079414, 0.0131193], 
              [0.0262993, 0.0235504, 0.0696563, 0.880495], 
              [0.0338893, 0.0966423, 0.792925, 0.0765442], 
              [0.0816142, 0.183356, 0.1179, 0.617128], 
              [0.181783, 0.277249, 0.230318, 0.310649], 
              [0.206509, 0.265459, 0.201393, 0.326639]
            ],
            "pos": 410,
            "neg": 1230,
            "tp": 219,
            "fp": 263,
            "positive_thresh": 410,
            "true_positive_thresh": 1.42431,
            "number_of_tests": 608,
            "corrected_pvalue": "3.15e-30",
            "evalue": "2.35e-27"
          }, {
            "db": 0,
            "id": "MA0521.1",
            "alt": "Tcf12",
            "len": 11,
            "motif_evalue": 0,
            "motif_nsites": 12895,
            "url": "http://jaspar.genereg.net/matrix/MA0521.1",
            "pwm": [
              [0.478478, 0.122917, 0.397285, 0.00131979], 
              [0.683982, 0.009618, 0.306398, 1.80259e-06], 
              [1.80259e-06, 0.999994, 2.07485e-06, 1.80259e-06], 
              [0.999994, 2.07485e-06, 2.07485e-06, 1.80259e-06], 
              [0.000621798, 2.07485e-06, 0.999374, 1.80259e-06], 
              [0.0142707, 0.839236, 0.146492, 1.80259e-06], 
              [1.80259e-06, 2.07485e-06, 2.07485e-06, 0.999994], 
              [1.80259e-06, 2.07485e-06, 0.999994, 1.80259e-06], 
              [0.145406, 0.428615, 0.295541, 0.130439], 
              [0.303372, 0.18736, 0.226832, 0.282435], 
              [0.222024, 0.233036, 0.375028, 0.169911]
            ],
            "pos": 410,
            "neg": 1230,
            "tp": 232,
            "fp": 298,
            "positive_thresh": 410,
            "true_positive_thresh": 1.65786,
            "number_of_tests": 588,
            "corrected_pvalue": "1.16e-29",
            "evalue": "8.67e-27"
          }, {
            "db": 0,
            "id": "MA1618.1",
            "alt": "Ptf1a",
            "len": 13,
            "motif_evalue": 0,
            "motif_nsites": 14441,
            "url": "http://jaspar.genereg.net/matrix/MA1618.1",
            "pwm": [
              [0.28336, 0.20698, 0.253514, 0.256146], 
              [0.30995, 0.253584, 0.247074, 0.189391], 
              [0.592339, 0.190223, 0.167164, 0.0502753], 
              [0.00921155, 0.969872, 0.00900379, 0.0119125], 
              [0.973889, 0.0081728, 0.0105968, 0.00734156], 
              [0.0173135, 0.0322706, 0.905196, 0.0452193], 
              [0.840104, 0.119383, 0.0302626, 0.0102505], 
              [0.00872655, 0.0155127, 0.0081728, 0.967587], 
              [0.0166905, 0.00844979, 0.960316, 0.0145435], 
              [0.0668251, 0.142512, 0.197632, 0.593032], 
              [0.104634, 0.162109, 0.158924, 0.574335], 
              [0.241742, 0.249359, 0.253722, 0.255176], 
              [0.259954, 0.255453, 0.233779, 0.250814]
            ],
            "pos": 410,
            "neg": 1230,
            "tp": 259,
            "fp": 387,
            "positive_thresh": 410,
            "true_positive_thresh": 1.03099,
            "number_of_tests": 649,
            "corrected_pvalue": "8.86e-27",
            "evalue": "6.61e-24"
          }, {
            "db": 0,
            "id": "MA0098.3",
            "alt": "ETS1",
            "len": 10,
            "motif_evalue": 0,
            "motif_nsites": 3774,
            "url": "http://jaspar.genereg.net/matrix/MA0098.3",
            "pwm": [
              [0.710904, 0.0556496, 0.169584, 0.0638625], 
              [0.0565727, 0.843165, 0.0933426, 0.00691998], 
              [0.13644, 0.8613, 0.00225403, 6.15898e-06], 
              [6.15898e-06, 0.00777288, 0.992215, 6.15898e-06], 
              [6.15898e-06, 7.08921e-06, 0.995528, 0.00445904], 
              [0.99998, 7.08921e-06, 7.08921e-06, 6.15898e-06], 
              [0.738698, 0.00248502, 0.00854186, 0.250275], 
              [0.405888, 0.00774188, 0.581944, 0.00442604], 
              [0.0307483, 0.245942, 0.042838, 0.680472], 
              [0.29929, 0.149463, 0.403649, 0.147598]
            ],
            "pos": 410,
            "neg": 1230,
            "tp": 127,
            "fp": 95,
            "positive_thresh": 410,
            "true_positive_thresh": 1.03321,
            "number_of_tests": 222,
            "corrected_pvalue": "2.18e-26",
            "evalue": "1.63e-23"
          }, {
            "db": 0,
            "id": "MA1109.1",
            "alt": "NEUROD1",
            "len": 13,
            "motif_evalue": 0,
            "motif_nsites": 2282,
            "url": "http://jaspar.genereg.net/matrix/MA1109.1",
            "pwm": [
              [0.245836, 0.187996, 0.31814, 0.248027], 
              [0.330846, 0.141549, 0.397014, 0.130591], 
              [0.56484, 0.198075, 0.216479, 0.0206053], 
              [0.00745986, 0.981564, 0.00570847, 0.00526896], 
              [0.982, 0.00307859, 0.00702242, 0.00789784], 
              [0.00702088, 0.0105283, 0.943002, 0.0394475], 
              [0.891294, 0.0657408, 0.0337522, 0.00921178], 
              [0.0241111, 0.0223597, 0.00833736, 0.945192], 
              [0.00570694, 0.00307859, 0.97762, 0.0135946], 
              [0.0258641, 0.0407639, 0.859746, 0.073627], 
              [0.163456, 0.399205, 0.183177, 0.254162], 
              [0.30324, 0.236636, 0.262489, 0.197636], 
              [0.235758, 0.258983, 0.275197, 0.230061]
            ],
            "pos": 410,
            "neg": 1230,
            "tp": 231,
            "fp": 317,
            "positive_thresh": 410,
            "true_positive_thresh": 1.06893,
            "number_of_tests": 564,
            "corrected_pvalue": "4.47e-26",
            "evalue": "3.34e-23"
          }, {
            "db": 0,
            "id": "MA0820.1",
            "alt": "FIGLA",
            "len": 10,
            "motif_evalue": 0,
            "motif_nsites": 1780,
            "url": "http://jaspar.genereg.net/matrix/MA0820.1",
            "pwm": [
              [0.497738, 0.151692, 0.0983245, 0.252246], 
              [0.387631, 0.389319, 0.089898, 0.133152], 
              [1.3058e-05, 0.983929, 1.50303e-05, 0.0160432], 
              [0.96735, 0.0250136, 1.50303e-05, 0.00762163], 
              [1.3058e-05, 0.771537, 0.228437, 1.3058e-05], 
              [0.00429882, 0.847586, 0.148102, 1.3058e-05], 
              [0.0302324, 1.50303e-05, 0.00918851, 0.960563], 
              [0.018821, 0.0172551, 0.929953, 0.0339712], 
              [0.0865252, 0.126412, 0.31966, 0.467403], 
              [0.255617, 0.158995, 0.162366, 0.423023]
            ],
            "pos": 410,
            "neg": 1230,
            "tp": 301,
            "fp": 519,
            "positive_thresh": 410,
            "true_positive_thresh": 1.07018,
            "number_of_tests": 848,
            "corrected_pvalue": "8.57e-26",
            "evalue": "6.40e-23"
          }, {
            "db": 0,
            "id": "MA0076.2",
            "alt": "ELK4",
            "len": 11,
            "motif_evalue": 0,
            "motif_nsites": 3427,
            "url": "http://jaspar.genereg.net/matrix/MA0076.2",
            "pwm": [
              [0.0869612, 0.42544, 0.258535, 0.229063], 
              [0.114097, 0.555872, 0.166329, 0.163702], 
              [0.593511, 0.0423176, 0.302888, 0.061283], 
              [6.78259e-06, 0.784344, 0.00467667, 0.210973], 
              [0.00234071, 7.807e-06, 7.807e-06, 0.997644], 
              [6.78259e-06, 7.807e-06, 7.807e-06, 0.999978], 
              [6.78259e-06, 0.999979, 7.807e-06, 6.78259e-06], 
              [6.78259e-06, 0.999979, 7.807e-06, 6.78259e-06], 
              [6.78259e-06, 7.807e-06, 0.850581, 0.149404], 
              [6.78259e-06, 0.146196, 0.829573, 0.0242251], 
              [0.0846263, 0.365623, 0.194925, 0.354825]
            ],
            "pos": 410,
            "neg": 1230,
            "tp": 147,
            "fp": 133,
            "positive_thresh": 410,
            "true_positive_thresh": 1.03878,
            "number_of_tests": 283,
            "corrected_pvalue": "9.78e-26",
            "evalue": "7.30e-23"
          }, {
            "db": 0,
            "id": "MA0474.2",
            "alt": "ERG",
            "len": 10,
            "motif_evalue": 0,
            "motif_nsites": 6610,
            "url": "http://jaspar.genereg.net/matrix/MA0474.2",
            "pwm": [
              [0.690765, 0.0405484, 0.128292, 0.140394], 
              [0.113196, 0.800062, 0.069742, 0.0170003], 
              [0.12144, 0.873198, 0.00421098, 0.0011505], 
