	Cluster_14 MPP3KO_Cl6,MPP4WT_Cl22	Cluster_3 MPP3KO_Cl21,MPP4KO_Cl2	Cluster_30 MPP3KO_Cl22,MPP3KO_Cl16,MPP3KO_Cl15	Cluster_13 MPP3KO_Cl9,MPP4KO_Cl7,MPP4WT_Cl6	MPP3KO_Cluster_18 MPP3KO_Cl18	Cluster_9 MPP3KO_Cl11,MPP4WT_Cl13	MPP3KO_Cluster_10 MPP3KO_Cl10	Cluster_25 MPP3KO_Cl8,MPP4WT_Cl9	Cluster_23 MPP3KO_Cl1,MPP4WT_Cl12	Cluster_33 MPP3KO_Cl13,MPP3WT_Cl13,MPP3WT_Cl12	Cluster_26 MPP3KO_Cl5,MPP3KO_Cl4,MPP4WT_Cl4	Cluster_39 MPP3KO_Cl20,MPP3WT_Cl9	MPP3KO_MA1536.1 MPP3KO_Cl17	MPP3KO_MA0506.1 MPP3KO_Cl14	Cluster_16 MPP3KO_Cl12,MPP4WT_Cl17	MPP3KO_MA0067.1 MPP3KO_Cl23	Cluster_12 MPP3KO_Cl7,MPP4WT_Cl21,MPP4WT_Cl20	MPP3KO_MA1616.1 MPP3KO_Cl3	Cluster_29 MPP3KO_Cl19,MPP4WT_Cl3	MPP3KO_Cluster_2 MPP3KO_Cl2	Cluster_4 MPP3WT_Cl14,MPP3WT_Cl3,MPP4KO_Cl1	Cluster_5 MPP3WT_Cl8,MPP4KO_Cl4	Cluster_22 MPP3WT_Cl1,MPP3WT_Cl2	MPP3WT_MA0739.1 MPP3WT_Cl7	Cluster_7 MPP3WT_Cl4,MPP4KO_Cl5,MPP4KO_Cl7(...)	MPP3WT_Cluster_5 MPP3WT_Cl5	MPP3WT_MA0513.1 MPP3WT_Cl6	MPP3WT_MA1581.1 MPP3WT_Cl10	MPP3WT_Cluster_11 MPP3WT_Cl11	Cluster_1 MPP4KO_Cl6,MPP4KO_Cl3	MPP4WT_Cluster_5 MPP4WT_Cl5	MPP4WT_MA0041.1 MPP4WT_Cl14	MPP4WT_MA0850.1 MPP4WT_Cl15	MPP4WT_MA0109.1 MPP4WT_Cl10	Cluster_18 MPP4WT_Cl19,MPP4WT_Cl18	MPP4WT_Cluster_11 MPP4WT_Cl11	MPP4WT_MA0676.1 MPP4WT_Cl8	MPP4WT_MA0687.1 MPP4WT_Cl1	MPP4WT_Cluster_16 MPP4WT_Cl16	MPP4WT_MA1585.1 MPP4WT_Cl2	MPP4KO_MA0079.4 MPP4KO_SP1
Cluster_14 MPP3KO_Cl6,MPP4WT_Cl22	0.0	-0.018970174456772074	-0.06023985752244433	-0.01868321605869268	-0.013374318691495263	-0.04432619570798091	-0.03911174969422766	-0.015053959148548549	-0.15969300675301906	-0.0869060886998255	-0.02347192549190599	-0.0446978544231759	-0.009095053593468733	-0.01862150967487946	-0.072296863546362	-0.01252807154765874	-0.04727862348373394	-0.04668960567961748	-0.043969501740994135	-0.04469785442317594	-0.0650647120684691	-0.04230904846112175	-0.16530883357041165	-0.03563986854488104	-0.1343643434430813	-0.045367010349452716	-0.057813548622983615	-0.02764501330977894	-0.06873120739114086	-0.06522938871385174	-0.03416348597002297	-0.0941784742769678	-0.02745434145951181	-0.000969361430810715	-0.07449674367031402	-0.12894856486594294	-0.040427035538614514	-0.12951824701864229	-0.0383270049965195	-0.021886501970013045	-0.09632402727120333
Cluster_3 MPP3KO_Cl21,MPP4KO_Cl2	-0.018970174456772074	0.0	0.8727407194095914	-0.04825069540503827	4.83331937128712	-0.10940680095912989	-0.1589421874574153	-0.08685497469891455	0.5829158362810801	0.7227661483187934	3.2887244262630855	-0.10281171311174146	2.0241136429348674	6.215393717610538	-0.0397623345004749	0.5215159903048099	-0.07314425780815521	0.06523698902701507	0.22442891219617542	-0.14653039006983695	4.794894837789928	1.700773800416461	3.81560527880375	0.5982955926711305	16.44320856747309	0.3234549727193873	2.0104131360602526	2.112028739496717	5.963344899754522	8.435386805399116	-0.017113829378357235	-0.10140965693862118	-0.10760864814453666	0.6355068870571107	-0.13866565826827054	0.13155569001432202	-0.08624269543035804	0.10921907502360963	-0.14019276151198387	-0.1485457573526252	11.969333069692414
Cluster_30 MPP3KO_Cl22,MPP3KO_Cl16,MPP3KO_Cl15	-0.06023985752244433	0.8727407194095914	0.0	-0.048872053158980924	-0.11668465000771752	-0.07238545567300493	-0.11286584101619739	-0.05874899120012438	-0.28804150014714125	-0.23772759987191763	-0.11695376390375838	-0.11892318541630471	-0.07887604261299556	0.7950279462322052	-0.047561146203578396	-0.03519684969163045	-0.11294015054776164	-0.1522203707164793	1.0236448273464744	0.5587958169869355	0.37054830552348544	-0.1862904616865457	0.35381694780254824	-0.20227092308834851	-0.11348260045194138	-0.18083382676574755	-0.21476180430346614	0.49724148847805594	-0.2748481931719691	3.3669166713813623	-0.07753851359235098	-0.09600456206875427	-0.05366318846627673	-0.05703144410565477	-0.11216011745804698	-0.20122879414312667	0.6288234552147807	0.14000109583384457	0.6207883178687111	-0.07124093183775387	0.6094591749008401
Cluster_13 MPP3KO_Cl9,MPP4KO_Cl7,MPP4WT_Cl6	-0.01868321605869268	-0.04825069540503827	-0.048872053158980924	0.0	-0.02368360252553547	-0.022430516161696053	-0.04241844363371597	-0.032455067114035285	-0.19159203137065461	0.6660569282824711	-0.03733374489060154	-0.0532634912177383	-0.02943296625602708	-0.044001721476689154	-0.036836395853200886	-0.010821678694070549	-0.06636654289540835	-0.05759116962411581	-0.0679045738865275	-0.05092631206484857	0.6241907638653239	-0.059387573571428265	-0.2400763934926421	-0.05922515963017732	-0.21187161148416805	-0.08138905727774846	-0.07531036400185577	-0.06025653630359574	-0.08539673674684983	-0.12937192036865577	-0.15846761126585834	-0.06739745889061201	-0.022888313411530872	-0.0202904524479212	-0.12458879692283253	-0.21701905673374597	-0.057591169624115875	-0.1308779792358288	-0.02840223686487104	-0.026958294404583506	-0.14440686885610055
MPP3KO_Cluster_18 MPP3KO_Cl18	-0.013374318691495263	4.83331937128712	-0.11668465000771752	-0.02368360252553547	0.0	0.6601798780102718	-0.15405565548631314	-0.052219259308115024	-0.27932844960041425	-0.4361507213206552	0.5789140128836354	-0.08220665648681641	1.204533923730481	8.919113826670307	-0.03098860917170107	0.5127980587391855	-0.03733374489060152	0.32192937462062327	0.17382121752876833	-0.09836847989581168	1.2080050218114369	1.717852885848546	1.9640155877259449	1.5676200366673474	4.3399028197998755	-0.2563630541240582	0.7414920311926477	2.3741879039410176	0.03458060935375066	8.092938086012776	-0.011507130034263473	-0.08854413539490696	0.6008599968368624	-0.04962735258394946	-0.05930158214633334	-0.16507809972583867	-0.06243318525228079	-0.24667619888963258	-0.10667264415846424	-0.08556274472347587	1.319645643093132
Cluster_9 MPP3KO_Cl11,MPP4WT_Cl13	-0.04432619570798091	-0.10940680095912989	-0.07238545567300493	-0.022430516161696053	0.6601798780102718	0.0	-0.08623188738493934	-0.040466681853478376	-0.43335931381039167	-0.23780192662691368	-0.10380678598666336	-0.09516993324181677	-0.08008022078948349	-0.17129124511936075	-0.09122203684184306	-0.048322371316574554	-0.1056097995539523	-0.1317061003481445	-0.14019885925855563	-0.10357374057559693	-0.22833531795782055	0.3907910596822912	-0.07441244842756674	-0.10446119587366225	-0.05187393879253531	-0.1583671414618435	-0.25143815045053247	-0.19666543349856225	-0.26411312047286817	-0.3229748336026195	-0.0717912236543442	-0.3255108644853245	-0.19693473800591585	-0.07722335624216016	-0.19685085288282256	-0.3104274932811364	0.5179972049152382	-0.34619696742687833	-0.10627979796270515	-0.06785734547408828	-0.2700901441097992
MPP3KO_Cluster_10 MPP3KO_Cl10	-0.03911174969422766	-0.1589421874574153	-0.11286584101619739	-0.04241844363371597	-0.15405565548631314	-0.08623188738493934	0.0	-0.05454431563522401	-0.3967694336259575	1.3494902504668402	-0.16712701243965045	-0.14000933488924203	-0.11938974870034086	-0.24610296836082732	-0.10006831595649297	-0.06416963006994005	-0.12629958336982403	-0.19122760818631104	-0.20376495945528966	-0.15588592538929383	1.0125533947012662	-0.2996931458965428	-0.6291226766013577	-0.2457558671995596	0.45690218731730725	-0.4288656745754267	-0.32882737148625635	-0.28008835066121346	-0.49465608039007014	-0.5270724118599571	-0.06986322174970822	-0.13116155613953806	-0.09097948590783807	-0.07834926086481231	-0.17336505429889776	-0.2592247477874401	-0.1021831655336537	-0.36260151538467267	-0.19987929536067534	-0.09337051248000477	0.21997878378704092
Cluster_25 MPP3KO_Cl8,MPP4WT_Cl9	-0.015053959148548549	-0.08685497469891455	-0.05874899120012438	-0.032455067114035285	-0.052219259308115024	-0.040466681853478376	-0.05454431563522401	0.0	-0.24611531229102204	1.1847682083154423	-0.056535986583355236	-0.06313564423892139	0.6663151358750077	-0.11991613202795626	-0.020001681842894393	-0.03864139250604503	-0.04195694184185723	-0.09031157442555092	-0.06940809352124407	-0.0858798421135892	0.3528780240210212	-0.16054287974353268	-0.4287897741413293	-0.1095607250975327	-0.4029246411121615	-0.13610602084718507	-0.21208748177975778	-0.15892393796171694	-0.16031739242494875	0.1116975962591085	-0.040677330820732736	-0.08519972381769465	-0.032674401306502704	-0.04550935978191363	-0.0737265906749117	-0.21258093712329684	-0.05693070868004449	-0.2296735921743414	-0.08556274472347587	-0.07495019678073432	-0.34978939504453754
Cluster_23 MPP3KO_Cl1,MPP4WT_Cl12	-0.15969300675301906	0.5829158362810801	-0.28804150014714125	-0.19159203137065461	-0.27932844960041425	-0.43335931381039167	-0.3967694336259575	-0.24611531229102204	0.0	-0.06622424096659398	-0.42179011235086616	0.1510692066094698	1.0315582016597877	0.32411348602479495	-0.39050035449232634	0.17034269007444555	-0.5669364072726986	-0.26889104594180635	0.42954732084521546	-0.6658370466798318	1.2306956510288298	-0.3998167903392816	-0.6310613911281061	-0.19202289903506747	1.224682879375462	-0.5138123500350256	-0.23933474924669268	0.1677699576638859	-0.6301992439290903	1.1273598879171856	-0.3325667307948623	0.4513909370948886	-0.32359018306525095	-0.28483846625119186	-0.16242803576016307	-0.9480727914795969	-0.22683055440764785	-0.21954574190703538	-0.5523620716403167	-0.3198010990905443	1.165970336991513
Cluster_33 MPP3KO_Cl13,MPP3WT_Cl13,MPP3WT_Cl12	-0.0869060886998255	0.7227661483187934	-0.23772759987191763	0.6660569282824711	-0.4361507213206552	-0.23780192662691368	1.3494902504668402	1.1847682083154423	-0.06622424096659398	0.0	0.16349521610412177	-0.21209300773245024	0.21836945295202123	0.6267558338818711	-0.10334052419568031	0.9800945788158838	-0.15594193825023386	0.7786516991667051	0.04149964708725701	1.1009851548793033	2.650237535889965	1.614031371530762	0.10959253487086529	-0.3077194668645251	2.3299836862088408	2.5444407406247547	1.5390236000494721	0.31049417196430795	1.1426832249923078	1.5885720499707023	-0.07790996212171065	-0.24144214581068577	-0.2148588485005159	1.6064936440864495	-0.17591904333860844	-0.4014492667551946	-0.25713053482196285	-0.407103867656608	-0.2747997959091014	-0.23653187187912353	1.8451762286324647
Cluster_26 MPP3KO_Cl5,MPP3KO_Cl4,MPP4WT_Cl4	-0.02347192549190599	3.2887244262630855	-0.11695376390375838	-0.03733374489060154	0.5789140128836354	-0.10380678598666336	-0.16712701243965045	-0.056535986583355236	-0.42179011235086616	0.16349521610412177	0.0	-0.10394736879896173	-0.16772160439989214	1.347399222010081	-0.041354617291400976	-0.0982279864899476	-0.07968085282980626	0.8575611838366833	-0.1554600399305279	0.4621469779580733	0.9912288254857584	-0.33629464404601406	-0.6448678840592729	-0.2841327789586678	1.9412959986922262	-0.3196196746366424	-0.3839304672008113	0.30534044042380465	0.1179933211233916	0.37956921335395927	-0.02515483634304965	-0.13116299078678062	-0.10026526453224024	-0.0720059592233091	0.5811529379730024	-0.238338273747506	-0.10597100469846515	0.6392910434544077	-0.14543690396942358	-0.1434621415485139	-0.523878445496898
Cluster_39 MPP3KO_Cl20,MPP3WT_Cl9	-0.0446978544231759	-0.10281171311174146	-0.11892318541630471	-0.0532634912177383	-0.08220665648681641	-0.09516993324181677	-0.14000933488924203	-0.06313564423892139	0.1510692066094698	-0.21209300773245024	-0.10394736879896173	0.0	0.5799785486873356	0.45232818967630156	-0.04162964733781415	-0.06257001166143267	-0.09621966996689542	-0.18236733314393563	-0.14568597507313896	-0.1293837824907582	-0.2862292411199021	-0.233132028175098	-0.16196025877648706	-0.18073634664774893	-0.5448759697264669	-0.26150144636752	-0.28980295264597006	-0.2977398308230511	-0.31007026268952825	-0.377129369930556	-0.03952663470134833	0.4450015509312745	-0.11225735712191202	-0.0702778811279249	-0.07871496820140506	-0.3074020166502454	-0.12179497427302982	-0.3853019236369318	-0.1304385358432731	0.5844515459211445	-0.39589321250753284
MPP3KO_MA1536.1 MPP3KO_Cl17	-0.009095053593468733	2.0241136429348674	-0.07887604261299556	-0.02943296625602708	1.204533923730481	-0.08008022078948349	-0.11938974870034086	0.6663151358750077	1.0315582016597877	0.21836945295202123	-0.16772160439989214	0.5799785486873356	0.0	1.5625580372204837	-0.03240107038206894	-0.32628246079496714	-0.08726234291182239	-0.2309168429705217	0.344215186892641	0.41705517553476457	0.9951289529658742	0.8574887057035872	-0.3636111901790938	-0.23207289090172803	2.1169394324992545	0.7841057724406164	1.1372400581518594	-0.34016513572121126	0.06775884643345584	3.279035826575052	-0.03418658815360212	-0.07594859032471292	-0.07511123668453445	-0.07287505464396522	-0.07716380208794249	-0.20275329329732536	-0.1079226959663916	-0.4198665994356316	0.39813828607597557	-0.13699111304178266	2.3943336176966383
MPP3KO_MA0506.1 MPP3KO_Cl14	-0.01862150967487946	6.215393717610538	0.7950279462322052	-0.044001721476689154	8.919113826670307	-0.17129124511936075	-0.24610296836082732	-0.11991613202795626	0.32411348602479495	0.6267558338818711	1.347399222010081	0.45232818967630156	1.5625580372204837	0.0	-0.05506465708365784	1.2540863048666782	-0.07803586920685728	1.0827160924663675	2.5725335397622966	-0.25908678656935064	4.862661684184899	3.2055183230059012	4.467558734878606	2.03276903109247	18.908520957307267	0.3433067450514225	0.7722172541423713	5.4225232448540055	4.606841661438932	14.462960837611439	-0.04666919483422885	-0.16253884672811755	0.22646047540205985	0.498191854746519	-0.1897461005110449	-0.29793661552626877	-0.1256025017861944	0.6977045923090651	-0.2300693616938795	0.14968440120096238	12.842887864888883
Cluster_16 MPP3KO_Cl12,MPP4WT_Cl17	-0.072296863546362	-0.0397623345004749	-0.047561146203578396	-0.036836395853200886	-0.03098860917170107	-0.09122203684184306	-0.10006831595649297	-0.020001681842894393	-0.39050035449232634	-0.10334052419568031	-0.041354617291400976	-0.04162964733781415	-0.03240107038206894	-0.05506465708365784	0.0	-0.009095053593468731	-0.33866988739541615	-0.06944113969678886	-0.05573374948448918	-0.040938796272529054	-0.1180913179185585	-0.09506119540188178	-0.21599763720880402	-0.05831712722207154	-0.23942016741838718	-0.0951177341160289	-0.10495684711555459	-0.058353813864859064	-0.09623088094933199	-0.12754700323877408	-0.23988426686677664	-0.3741620429363186	-0.04550935978191363	-0.0225952471173659	-0.08126854117737242	-0.49552250980048834	-0.093785979670466	-0.20709791096269706	-0.06027700727611558	-0.0376017516709857	-0.16317202716543452
MPP3KO_MA0067.1 MPP3KO_Cl23	-0.01252807154765874	0.5215159903048099	-0.03519684969163045	-0.010821678694070549	0.5127980587391855	-0.048322371316574554	-0.06416963006994005	-0.03864139250604503	0.17034269007444555	0.9800945788158838	-0.0982279864899476	-0.06257001166143267	-0.32628246079496714	1.2540863048666782	-0.009095053593468731	0.0	-0.024708956868017037	0.49735603228592135	-0.15068823604418205	-0.10144927536231915	-0.35554131938332906	-0.2986619716680005	0.9289878687369918	0.5089303525992447	0.13514399700452345	0.7738340300779187	-0.2805151353748729	0.30855129395925074	0.8552790466250779	1.1715758180029257	-0.012528071547658734	-0.053263491217738296	-0.041803356564032224	0.7688558736703893	-0.04239754176344337	-0.16034062367440166	-0.09828524588714864	-0.24128050591573447	-0.07183871653582308	0.6257630012346491	2.1170119907679736
Cluster_12 MPP3KO_Cl7,MPP4WT_Cl21,MPP4WT_Cl20	-0.04727862348373394	-0.07314425780815521	-0.11294015054776164	-0.06636654289540835	-0.03733374489060152	-0.1056097995539523	-0.12629958336982403	-0.04195694184185723	-0.5669364072726986	-0.15594193825023386	-0.07968085282980626	-0.09621966996689542	-0.08726234291182239	-0.07803586920685728	-0.33866988739541615	-0.024708956868017037	0.0	-0.1645441851328151	-0.12022721220519358	-0.10202512336087421	0.46511817571864095	-0.15149084593422074	-0.5263693625791452	-0.08785273221069986	-0.349100054528475	-0.13857008594232656	-0.15770319937227523	-0.135276227777385	-0.17374809943619682	-0.229330943468262	-0.151514915183103	-0.3642973469000023	-0.041212629539463426	-0.050614797314630186	-0.138071107607524	-0.6575266927479827	-0.10536116941749595	-0.41279069767441917	-0.11263743039210514	-0.059455880362310184	-0.2359216890518355
MPP3KO_MA1616.1 MPP3KO_Cl3	-0.04668960567961748	0.06523698902701507	-0.1522203707164793	-0.05759116962411581	0.32192937462062327	-0.1317061003481445	-0.19122760818631104	-0.09031157442555092	-0.26889104594180635	0.7786516991667051	0.8575611838366833	-0.18236733314393563	-0.2309168429705217	1.0827160924663675	-0.06944113969678886	0.49735603228592135	-0.1645441851328151	0.0	0.5957314333582625	-0.3720336438707605	-0.25483735730186724	0.48047329192563215	-0.07589158632360436	0.14643303749548753	1.420434442332274	-0.4244548030528186	0.2977340928975754	0.5128447446326164	0.191589497636408	0.7280003125499795	-0.06495203924141518	-0.19693220920294896	-0.1186283262934923	-0.13275744549144708	-0.16920030247690118	-0.2385250670994598	-0.18754215373766664	0.1305218269312721	-0.23859952588166694	-0.2043931688330324	0.7799235729792677
Cluster_29 MPP3KO_Cl19,MPP4WT_Cl3	-0.043969501740994135	0.22442891219617542	1.0236448273464744	-0.0679045738865275	0.17382121752876833	-0.14019885925855563	-0.20376495945528966	-0.06940809352124407	0.42954732084521546	0.04149964708725701	-0.1554600399305279	-0.14568597507313896	0.344215186892641	2.5725335397622966	-0.05573374948448918	-0.15068823604418205	-0.12022721220519358	0.5957314333582625	0.0	-0.25425114102574403	1.2780292694126327	-0.25667220281807607	-0.5431704874293072	0.1534855457080601	3.0967087851636133	-0.30538787342243706	0.4279882191065907	0.4562674265816185	-0.5725062451489503	2.5772707714288896	-0.05080609639963579	-0.1835974571501834	-0.16263248510085376	-0.11210439918540195	-0.13192801028484144	0.40476542141632194	-0.14523402719881987	-0.514499650772591	-0.16024267179963103	-0.14929452254806164	3.457208365807391
MPP3KO_Cluster_2 MPP3KO_Cl2	-0.04469785442317594	-0.14653039006983695	0.5587958169869355	-0.05092631206484857	-0.09836847989581168	-0.10357374057559693	-0.15588592538929383	-0.0858798421135892	-0.6658370466798318	1.1009851548793033	0.4621469779580733	-0.1293837824907582	0.41705517553476457	-0.25908678656935064	-0.040938796272529054	-0.10144927536231915	-0.10202512336087421	-0.3720336438707605	-0.25425114102574403	0.0	0.47679771260253573	-0.3781754054585797	0.9045197562266654	-0.22186657775227756	0.30848119813192715	0.7094468642974117	0.5093832041391234	1.1205678859156492	-0.44961094709178406	-0.2172099346860471	-0.03820706016897563	-0.1237261393896764	-0.10153745052460217	0.5323942738510135	-0.11336354501195162	-0.09001225193117339	-0.15649858752348875	-0.5494631571765313	-0.22061114421054376	0.5353827355573102	0.6644471807054879
Cluster_4 MPP3WT_Cl14,MPP3WT_Cl3,MPP4KO_Cl1	-0.0650647120684691	4.794894837789928	0.37054830552348544	0.6241907638653239	1.2080050218114369	-0.22833531795782055	1.0125533947012662	0.3528780240210212	1.2306956510288298	2.650237535889965	0.9912288254857584	-0.2862292411199021	0.9951289529658742	4.862661684184899	-0.1180913179185585	-0.35554131938332906	0.46511817571864095	-0.25483735730186724	1.2780292694126327	0.47679771260253573	0.0	3.5462639504035938	3.161766196584964	1.5984889781909	6.440244169566279	3.89429629517518	1.8458762779794464	4.404026097286541	1.1858277598609563	7.994263512497765	-0.09094048226569379	0.3469217070898259	-0.24101190803029915	1.137031690724749	-0.20174854910271062	1.6032395546172808	0.8363112779433628	-0.5160818038301848	-0.38163244346138997	0.1802198717796133	3.406044816273181
Cluster_5 MPP3WT_Cl8,MPP4KO_Cl4	-0.04230904846112175	1.700773800416461	-0.1862904616865457	-0.059387573571428265	1.717852885848546	0.3907910596822912	-0.2996931458965428	-0.16054287974353268	-0.3998167903392816	1.614031371530762	-0.33629464404601406	-0.233132028175098	0.8574887057035872	3.2055183230059012	-0.09506119540188178	-0.2986619716680005	-0.15149084593422074	0.48047329192563215	-0.25667220281807607	-0.3781754054585797	3.5462639504035938	0.0	2.0484625016848446	1.647481025906635	5.641903846002891	-0.34268867484209387	-0.047980682720847885	2.4321167276291713	-0.05554586721196807	4.24172355935166	-0.04214736859126551	-0.21837832288222914	-0.16604455182411917	0.9106080007501464	-0.1681551597468752	-0.32411311884467453	1.8948837878312323	-0.787156388769679	0.16111598662969298	-0.2978777353312946	0.9644414144139771
Cluster_22 MPP3WT_Cl1,MPP3WT_Cl2	-0.16530883357041165	3.81560527880375	0.35381694780254824	-0.2400763934926421	1.9640155877259449	-0.07441244842756674	-0.6291226766013577	-0.4287897741413293	-0.6310613911281061	0.10959253487086529	-0.6448678840592729	-0.16196025877648706	-0.3636111901790938	4.467558734878606	-0.21599763720880402	0.9289878687369918	-0.5263693625791452	-0.07589158632360436	-0.5431704874293072	0.9045197562266654	3.161766196584964	2.0484625016848446	0.0	-0.1438364116909721	4.746424798376273	-0.8158676140278093	1.1217602879782986	2.0564417243743027	1.4004867406720787	4.215777443410273	1.9715167554543886	-0.12936605384502892	-0.06968307702019363	0.053128105894189044	0.021758425920381606	-0.6704149666426363	-0.3731825053893453	-1.53082420659707	-0.591393495699177	-0.24583151264898456	2.6511292693170114
MPP3WT_MA0739.1 MPP3WT_Cl7	-0.03563986854488104	0.5982955926711305	-0.20227092308834851	-0.05922515963017732	1.5676200366673474	-0.10446119587366225	-0.2457558671995596	-0.1095607250975327	-0.19202289903506747	-0.3077194668645251	-0.2841327789586678	-0.18073634664774893	-0.23207289090172803	2.03276903109247	-0.05831712722207154	0.5089303525992447	-0.08785273221069986	0.14643303749548753	0.1534855457080601	-0.22186657775227756	1.5984889781909	1.647481025906635	-0.1438364116909721	0.0	3.6908049077346723	1.903606149424862	1.5966175728032512	0.42784862214665464	-0.4131216281676063	5.149539437384736	-0.05004355151635662	-0.1455998651864824	-0.097700200728256	-0.11641248840745537	-0.10597100469846528	-0.27585347877519883	-0.14753577135567242	-0.5225648503582571	-0.17158613032187547	-0.23265231951387544	0.6756982414625908
Cluster_7 MPP3WT_Cl4,MPP4KO_Cl5,MPP4KO_Cl7(...)	-0.1343643434430813	16.44320856747309	-0.11348260045194138	-0.21187161148416805	4.3399028197998755	-0.05187393879253531	0.45690218731730725	-0.4029246411121615	1.224682879375462	2.3299836862088408	1.9412959986922262	-0.5448759697264669	2.1169394324992545	18.908520957307267	-0.23942016741838718	0.13514399700452345	-0.349100054528475	1.420434442332274	3.0967087851636133	0.30848119813192715	6.440244169566279	5.641903846002891	4.746424798376273	3.6908049077346723	0.0	5.241393350811027	2.522898659660204	6.867459144935212	6.051724354528922	9.384645874129232	-0.1890973342468057	-0.11037646466858754	-0.09099097119494941	0.010780100894378414	-0.5180252510630671	-0.11831400725237923	0.22218371511261384	0.04041363849322059	-0.41367490524453987	-0.3813220469027071	8.390524281950146
MPP3WT_Cluster_5 MPP3WT_Cl5	-0.045367010349452716	0.3234549727193873	-0.18083382676574755	-0.08138905727774846	-0.2563630541240582	-0.1583671414618435	-0.4288656745754267	-0.13610602084718507	-0.5138123500350256	2.5444407406247547	-0.3196196746366424	-0.26150144636752	0.7841057724406164	0.3433067450514225	-0.0951177341160289	0.7738340300779187	-0.13857008594232656	-0.4244548030528186	-0.30538787342243706	0.7094468642974117	3.89429629517518	-0.34268867484209387	-0.8158676140278093	1.903606149424862	5.241393350811027	0.0	2.369802997260471	2.5023142803456113	0.37911633445072246	5.08353640254956	-0.08027750575210903	1.4340125624691817	-0.13275744549144727	-0.1687610914813566	-0.1772936428249502	2.857402387590357	-0.23560610993764797	-0.7281742693386208	0.3237469682387909	-0.24319745613707888	6.190208047432299
MPP3WT_MA0513.1 MPP3WT_Cl6	-0.057813548622983615	2.0104131360602526	-0.21476180430346614	-0.07531036400185577	0.7414920311926477	-0.25143815045053247	-0.32882737148625635	-0.21208748177975778	-0.23933474924669268	1.5390236000494721	-0.3839304672008113	-0.28980295264597006	1.1372400581518594	0.7722172541423713	-0.10495684711555459	-0.2805151353748729	-0.15770319937227523	0.2977340928975754	0.4279882191065907	0.5093832041391234	1.8458762779794464	-0.047980682720847885	1.1217602879782986	1.5966175728032512	2.522898659660204	2.369802997260471	0.0	0.6616464726200644	0.05685871394267384	3.517987399424842	0.6047470962493142	-0.21518014006367045	-0.2278872933768729	1.0579324527229947	-0.17926065378610218	-0.2676166660396211	-0.2474439835493851	-0.21986647645546753	-0.3707547819038171	0.12212472449414426	2.7300966545601213
MPP3WT_MA1581.1 MPP3WT_Cl10	-0.02764501330977894	2.112028739496717	0.49724148847805594	-0.06025653630359574	2.3741879039410176	-0.19666543349856225	-0.28008835066121346	-0.15892393796171694	0.1677699576638859	0.31049417196430795	0.30534044042380465	-0.2977398308230511	-0.34016513572121126	5.4225232448540055	-0.058353813864859064	0.30855129395925074	-0.135276227777385	0.5128447446326164	0.4562674265816185	1.1205678859156492	4.404026097286541	2.4321167276291713	2.0564417243743027	0.42784862214665464	6.867459144935212	2.5023142803456113	0.6616464726200644	0.0	2.1536936962221556	8.90531838251828	-0.046693281824136214	-0.1592157777577573	-0.18182121382379454	0.5013358798166118	-0.1487390065981837	-0.3165812753193183	1.0343410605073367	-0.7116320901783082	0.23472558131806168	-0.28376378908116856	1.7802736100477348
MPP3WT_Cluster_11 MPP3WT_Cl11	-0.06873120739114086	5.963344899754522	-0.2748481931719691	-0.08539673674684983	0.03458060935375066	-0.26411312047286817	-0.49465608039007014	-0.16031739242494875	-0.6301992439290903	1.1426832249923078	0.1179933211233916	-0.31007026268952825	0.06775884643345584	4.606841661438932	-0.09623088094933199	0.8552790466250779	-0.17374809943619682	0.191589497636408	-0.5725062451489503	-0.44961094709178406	1.1858277598609563	-0.05554586721196807	1.4004867406720787	-0.4131216281676063	6.051724354528922	0.37911633445072246	0.05685871394267384	2.1536936962221556	0.0	7.455745134333061	-0.108454935872913	0.29792839965222445	-0.29873588445562627	-0.2186857053971271	-0.20864220716351992	-0.4524438309398492	-0.2697703422755761	-0.6289747829531259	-0.37879452136058006	-0.3515518357266227	3.9956959475512592
Cluster_1 MPP4KO_Cl6,MPP4KO_Cl3	-0.06522938871385174	8.435386805399116	3.3669166713813623	-0.12937192036865577	8.092938086012776	-0.3229748336026195	-0.5270724118599571	0.1116975962591085	1.1273598879171856	1.5885720499707023	0.37956921335395927	-0.377129369930556	3.279035826575052	14.462960837611439	-0.12754700323877408	1.1715758180029257	-0.229330943468262	0.7280003125499795	2.5772707714288896	-0.2172099346860471	7.994263512497765	4.24172355935166	4.215777443410273	5.149539437384736	9.384645874129232	5.08353640254956	3.517987399424842	8.90531838251828	7.455745134333061	0.0	-0.12702436571339484	-0.29729532427470395	-0.3399543075051247	1.4328802224134987	-0.383269738868106	-0.4285147053814242	-0.3104083083205702	0.3245018981701718	-0.4620320699221293	-0.19338632943219353	9.919996766297432
MPP4WT_Cluster_5 MPP4WT_Cl5	-0.03416348597002297	-0.017113829378357235	-0.07753851359235098	-0.15846761126585834	-0.011507130034263473	-0.0717912236543442	-0.06986322174970822	-0.040677330820732736	-0.3325667307948623	-0.07790996212171065	-0.02515483634304965	-0.03952663470134833	-0.03418658815360212	-0.04666919483422885	-0.23988426686677664	-0.012528071547658734	-0.151514915183103	-0.06495203924141518	-0.05080609639963579	-0.03820706016897563	-0.09094048226569379	-0.04214736859126551	1.9715167554543886	-0.05004355151635662	-0.1890973342468057	-0.08027750575210903	0.6047470962493142	-0.046693281824136214	-0.108454935872913	-0.12702436571339484	0.0	-0.2537524305173259	-0.04457168964924506	-0.024476260035854725	-0.0805673837572643	-0.37556659802715814	-0.04816321107606074	-0.1981802306437453	-0.05276434637744367	-0.0343099724569221	-0.11299343741822357
MPP4WT_MA0041.1 MPP4WT_Cl14	-0.0941784742769678	-0.10140965693862118	-0.09600456206875427	-0.06739745889061201	-0.08854413539490696	-0.3255108644853245	-0.13116155613953806	-0.08519972381769465	0.4513909370948886	-0.24144214581068577	-0.13116299078678062	0.4450015509312745	-0.07594859032471292	-0.16253884672811755	-0.3741620429363186	-0.053263491217738296	-0.3642973469000023	-0.19693220920294896	-0.1835974571501834	-0.1237261393896764	0.3469217070898259	-0.21837832288222914	-0.12936605384502892	-0.1455998651864824	-0.11037646466858754	1.4340125624691817	-0.21518014006367045	-0.1592157777577573	0.29792839965222445	-0.29729532427470395	-0.2537524305173259	0.0	-0.229969699412343	-0.07849660111152619	-0.17213007488734916	-0.0489412620350977	-0.15283210116810875	-0.4069409091361214	-0.11359028788175482	-0.08121176279236537	0.2505788452396072
MPP4WT_MA0850.1 MPP4WT_Cl15	-0.02745434145951181	-0.10760864814453666	-0.05366318846627673	-0.022888313411530872	0.6008599968368624	-0.19693473800591585	-0.09097948590783807	-0.032674401306502704	-0.32359018306525095	-0.2148588485005159	-0.10026526453224024	-0.11225735712191202	-0.07511123668453445	0.22646047540205985	-0.04550935978191363	-0.041803356564032224	-0.041212629539463426	-0.1186283262934923	-0.16263248510085376	-0.10153745052460217	-0.24101190803029915	-0.16604455182411917	-0.06968307702019363	-0.097700200728256	-0.09099097119494941	-0.13275744549144727	-0.2278872933768729	-0.18182121382379454	-0.29873588445562627	-0.3399543075051247	-0.04457168964924506	-0.229969699412343	0.0	-0.06310290047617322	0.6597350816041222	-0.22829522533116184	-0.07358551046902875	-0.2951028666035618	-0.0871503878425405	-0.07528753407463634	0.24967188667552914
MPP4WT_MA0109.1 MPP4WT_Cl10	-0.000969361430810715	0.6355068870571107	-0.05703144410565477	-0.0202904524479212	-0.04962735258394946	-0.07722335624216016	-0.07834926086481231	-0.04550935978191363	-0.28483846625119186	1.6064936440864495	-0.0720059592233091	-0.0702778811279249	-0.07287505464396522	0.498191854746519	-0.0225952471173659	0.7688558736703893	-0.050614797314630186	-0.13275744549144708	-0.11210439918540195	0.5323942738510135	1.137031690724749	0.9106080007501464	0.053128105894189044	-0.11641248840745537	0.010780100894378414	-0.1687610914813566	1.0579324527229947	0.5013358798166118	-0.2186857053971271	1.4328802224134987	-0.024476260035854725	-0.07849660111152619	-0.06310290047617322	0.0	-0.08502730792940102	-0.18465046765564225	-0.09987999919142676	-0.2535464925971053	-0.10306777876540536	-0.06941283233679703	-0.2813699732769559
Cluster_18 MPP4WT_Cl19,MPP4WT_Cl18	-0.07449674367031402	-0.13866565826827054	-0.11216011745804698	-0.12458879692283253	-0.05930158214633334	-0.19685085288282256	-0.17336505429889776	-0.0737265906749117	-0.16242803576016307	-0.17591904333860844	0.5811529379730024	-0.07871496820140506	-0.07716380208794249	-0.1897461005110449	-0.08126854117737242	-0.04239754176344337	-0.138071107607524	-0.16920030247690118	-0.13192801028484144	-0.11336354501195162	-0.20174854910271062	-0.1681551597468752	0.021758425920381606	-0.10597100469846528	-0.5180252510630671	-0.1772936428249502	-0.17926065378610218	-0.1487390065981837	-0.20864220716351992	-0.383269738868106	-0.0805673837572643	-0.17213007488734916	0.6597350816041222	-0.08502730792940102	0.0	-0.3568194691962437	-0.08637323837656984	-0.34362484057000764	-0.10237985150782473	-0.07646769367933685	-0.3868529870344439
MPP4WT_Cluster_11 MPP4WT_Cl11	-0.12894856486594294	0.13155569001432202	-0.20122879414312667	-0.21701905673374597	-0.16507809972583867	-0.3104274932811364	-0.2592247477874401	-0.21258093712329684	-0.9480727914795969	-0.4014492667551946	-0.238338273747506	-0.3074020166502454	-0.20275329329732536	-0.29793661552626877	-0.49552250980048834	-0.16034062367440166	-0.6575266927479827	-0.2385250670994598	0.40476542141632194	-0.09001225193117339	1.6032395546172808	-0.32411311884467453	-0.6704149666426363	-0.27585347877519883	-0.11831400725237923	2.857402387590357	-0.2676166660396211	-0.3165812753193183	-0.4524438309398492	-0.4285147053814242	-0.37556659802715814	-0.0489412620350977	-0.22829522533116184	-0.18465046765564225	-0.3568194691962437	0.0	-0.38148640037173875	-0.8883875911236231	-0.2925839595215445	0.009438099230466093	0.5162675459852413
MPP4WT_MA0676.1 MPP4WT_Cl8	-0.040427035538614514	-0.08624269543035804	0.6288234552147807	-0.057591169624115875	-0.06243318525228079	0.5179972049152382	-0.1021831655336537	-0.05693070868004449	-0.22683055440764785	-0.25713053482196285	-0.10597100469846515	-0.12179497427302982	-0.1079226959663916	-0.1256025017861944	-0.093785979670466	-0.09828524588714864	-0.10536116941749595	-0.18754215373766664	-0.14523402719881987	-0.15649858752348875	0.8363112779433628	1.8948837878312323	-0.3731825053893453	-0.14753577135567242	0.22218371511261384	-0.23560610993764797	-0.2474439835493851	1.0343410605073367	-0.2697703422755761	-0.3104083083205702	-0.04816321107606074	-0.15283210116810875	-0.07358551046902875	-0.09987999919142676	-0.08637323837656984	-0.38148640037173875	0.0	-0.4719665327079796	-0.22573004534658353	-0.08603180404955175	0.19315337329871557
MPP4WT_MA0687.1 MPP4WT_Cl1	-0.12951824701864229	0.10921907502360963	0.14000109583384457	-0.1308779792358288	-0.24667619888963258	-0.34619696742687833	-0.36260151538467267	-0.2296735921743414	-0.21954574190703538	-0.407103867656608	0.6392910434544077	-0.3853019236369318	-0.4198665994356316	0.6977045923090651	-0.20709791096269706	-0.24128050591573447	-0.41279069767441917	0.1305218269312721	-0.514499650772591	-0.5494631571765313	-0.5160818038301848	-0.787156388769679	-1.53082420659707	-0.5225648503582571	0.04041363849322059	-0.7281742693386208	-0.21986647645546753	-0.7116320901783082	-0.6289747829531259	0.3245018981701718	-0.1981802306437453	-0.4069409091361214	-0.2951028666035618	-0.2535464925971053	-0.34362484057000764	-0.8883875911236231	-0.4719665327079796	0.0	-0.4842688908929451	-0.29669449810610937	-0.9294704130854764
MPP4WT_Cluster_16 MPP4WT_Cl16	-0.0383270049965195	-0.14019276151198387	0.6207883178687111	-0.02840223686487104	-0.10667264415846424	-0.10627979796270515	-0.19987929536067534	-0.08556274472347587	-0.5523620716403167	-0.2747997959091014	-0.14543690396942358	-0.1304385358432731	0.39813828607597557	-0.2300693616938795	-0.06027700727611558	-0.07183871653582308	-0.11263743039210514	-0.23859952588166694	-0.16024267179963103	-0.22061114421054376	-0.38163244346138997	0.16111598662969298	-0.591393495699177	-0.17158613032187547	-0.41367490524453987	0.3237469682387909	-0.3707547819038171	0.23472558131806168	-0.37879452136058006	-0.4620320699221293	-0.05276434637744367	-0.11359028788175482	-0.0871503878425405	-0.10306777876540536	-0.10237985150782473	-0.2925839595215445	-0.22573004534658353	-0.4842688908929451	0.0	-0.17000283345139575	-0.6573999024253916
MPP4WT_MA1585.1 MPP4WT_Cl2	-0.021886501970013045	-0.1485457573526252	-0.07124093183775387	-0.026958294404583506	-0.08556274472347587	-0.06785734547408828	-0.09337051248000477	-0.07495019678073432	-0.3198010990905443	-0.23653187187912353	-0.1434621415485139	0.5844515459211445	-0.13699111304178266	0.14968440120096238	-0.0376017516709857	0.6257630012346491	-0.059455880362310184	-0.2043931688330324	-0.14929452254806164	0.5353827355573102	0.1802198717796133	-0.2978777353312946	-0.24583151264898456	-0.23265231951387544	-0.3813220469027071	-0.24319745613707888	0.12212472449414426	-0.28376378908116856	-0.3515518357266227	-0.19338632943219353	-0.0343099724569221	-0.08121176279236537	-0.07528753407463634	-0.06941283233679703	-0.07646769367933685	0.009438099230466093	-0.08603180404955175	-0.29669449810610937	-0.17000283345139575	0.0	-0.31496887510659427
MPP4KO_MA0079.4 MPP4KO_SP1	-0.09632402727120333	11.969333069692414	0.6094591749008401	-0.14440686885610055	1.319645643093132	-0.2700901441097992	0.21997878378704092	-0.34978939504453754	1.165970336991513	1.8451762286324647	-0.523878445496898	-0.39589321250753284	2.3943336176966383	12.842887864888883	-0.16317202716543452	2.1170119907679736	-0.2359216890518355	0.7799235729792677	3.457208365807391	0.6644471807054879	3.406044816273181	0.9644414144139771	2.6511292693170114	0.6756982414625908	8.390524281950146	6.190208047432299	2.7300966545601213	1.7802736100477348	3.9956959475512592	9.919996766297432	-0.11299343741822357	0.2505788452396072	0.24967188667552914	-0.2813699732769559	-0.3868529870344439	0.5162675459852413	0.19315337329871557	-0.9294704130854764	-0.6573999024253916	-0.31496887510659427	0.0
