<!DOCTYPE HTML>
<html>
  <head>
    <meta charset="UTF-8">
    <title>AME results</title>
    <script type="text/javascript">
      //@JSON_VAR data
      var data = {
        "version": "5.1.1",
        "revision": "1ec0cac75da38ade3bb84e84d35520ca52977940",
        "release": "Wed Jan 29 15:00:42 2020 -0800",
        "program": "AME",
        "cmd": [
          "ame", "--o", "../../data/ATAC_mpp3vmpp4/output/ame_MPP4",
          "--control", "../../data/ATAC_mpp3vmpp4/output/MPP3.fna",
          "../../data/ATAC_mpp3vmpp4/output/MPP4.fna",
          "../../LFS/genomeData/JASPAR_motifs.meme"
        ],
        "options": {
          "scoring": "avg_odds",
          "positive_list": "FASTA",
          "pvalue_method": "Fisher's exact test",
          "pseudocount": 0.1,
          "fisher_fasta_threshold": 0.001,
          "hit_lo_fraction": 0.25,
          "evalue_report_threshold": 10,
          "noseq": false,
          "log_fscores": false,
          "log_pwmscores": false,
          "linreg_switchxy": true,
          "fix_partition": true,
          "partition": "number of primary sequences",
          "kmer": 2
        },
        "motif_dbs": [
          {
            "source": "../../LFS/genomeData/JASPAR_motifs.meme",
            "count": 746
          }
        ],
        "alphabet": {
          "name": "DNA",
          "like": "dna",
          "ncore": 4,
          "symbols": [
            {
              "symbol": "A",
              "name": "Adenine",
              "colour": "CC0000",
              "complement": "T"
            }, {
              "symbol": "C",
              "name": "Cytosine",
              "colour": "0000CC",
              "complement": "G"
            }, {
              "symbol": "G",
              "name": "Guanine",
              "colour": "FFB300",
              "complement": "C"
            }, {
              "symbol": "T",
              "aliases": "U",
              "name": "Thymine",
              "colour": "008000",
              "complement": "A"
            }, {
              "symbol": "N",
              "aliases": "X.",
              "name": "Any base",
              "equals": "ACGT"
            }, {
              "symbol": "V",
              "name": "Not T",
              "equals": "ACG"
            }, {
              "symbol": "H",
              "name": "Not G",
              "equals": "ACT"
            }, {
              "symbol": "D",
              "name": "Not C",
              "equals": "AGT"
            }, {
              "symbol": "B",
              "name": "Not A",
              "equals": "CGT"
            }, {
              "symbol": "M",
              "name": "Amino",
              "equals": "AC"
            }, {
              "symbol": "R",
              "name": "Purine",
              "equals": "AG"
            }, {
              "symbol": "W",
              "name": "Weak",
              "equals": "AT"
            }, {
              "symbol": "S",
              "name": "Strong",
              "equals": "CG"
            }, {
              "symbol": "Y",
              "name": "Pyrimidine",
              "equals": "CT"
            }, {
              "symbol": "K",
              "name": "Keto",
              "equals": "GT"
            }
          ]
        },
        "background": {
          "source": "--sequences--",
          "file": "../../data/ATAC_mpp3vmpp4/output/MPP4.fna",
          "frequencies": [0.248007, 0.251993, 0.251993, 0.248007]
        },
        "sequence_db": {
          "source": "../../data/ATAC_mpp3vmpp4/output/MPP4.fna",
          "count": 8069,
          "skipped": 0,
          "fasta_scores": false
        },
        "control_db": {
          "source": "../../data/ATAC_mpp3vmpp4/output/MPP3.fna",
          "count": 8950,
          "skipped": 0
        },
        "min_sequence_score": 4.41593e-25,
        "max_sequence_score": 3.5989e+08,
        "max_median_sequence_score": 4.09366,
        "motifs": [
          {
            "db": 0,
            "id": "MA0080.5",
            "alt": "SPI1",
            "len": 20,
            "motif_evalue": 0,
            "motif_nsites": 133203,
            "url": "http://jaspar.genereg.net/matrix/MA0080.5",
            "pwm": [
              [0.316817, 0.169568, 0.288319, 0.225295], 
              [0.362154, 0.159621, 0.257329, 0.220896], 
              [0.406552, 0.151521, 0.280332, 0.161595], 
              [0.591811, 0.0857641, 0.194388, 0.128038], 
              [0.614881, 0.0921081, 0.192038, 0.100974], 
              [0.748774, 0.0218762, 0.101191, 0.128158], 
              [0.11487, 0.0822651, 0.756927, 0.0459372], 
              [0.848982, 0.0257132, 0.0941721, 0.0311332], 
              [0.0392632, 0.00426419, 0.943694, 0.0127772], 
              [0.0249472, 0.00716218, 0.958228, 0.00966218], 
              [0.969774, 0.0100522, 0.0105632, 0.00960918], 
              [0.960097, 0.00594618, 0.00982018, 0.0241362], 
              [0.0846751, 0.0745551, 0.824321, 0.0164492], 
              [0.104585, 0.0279052, 0.0542861, 0.813225], 
              [0.0827911, 0.0953211, 0.776897, 0.0449912], 
              [0.682605, 0.0849531, 0.155004, 0.0774381], 
              [0.456679, 0.150995, 0.229552, 0.162774], 
              [0.446386, 0.127077, 0.219124, 0.207413], 
              [0.295872, 0.197038, 0.261473, 0.245618], 
              [0.321599, 0.186813, 0.21272, 0.278868]
            ],
            "pos": 8069,
            "neg": 8950,
            "tp": 5472,
            "fp": 3288,
            "positive_thresh": 8069,
            "true_positive_thresh": 1.17603,
            "number_of_tests": 8900,
            "corrected_pvalue": "4.31e-361",
            "evalue": "3.21e-358"
          }, {
            "db": 0,
            "id": "MA0081.2",
            "alt": "SPIB",
            "len": 16,
            "motif_evalue": 0,
            "motif_nsites": 26930,
            "url": "http://jaspar.genereg.net/matrix/MA0081.2",
            "pwm": [
              [0.198552, 0.215262, 0.149499, 0.436687], 
              [0.173858, 0.307947, 0.168734, 0.349462], 
              [0.0809136, 0.23873, 0.118567, 0.561789], 
              [0.0140749, 0.890121, 0.0639067, 0.0318988], 
              [0.903043, 0.0229869, 0.0248428, 0.0491277], 
              [0.00887589, 0.844038, 0.0934276, 0.0536587], 
              [0.0167109, 0.0087639, 0.00583091, 0.968694], 
              [0.00705589, 0.00742791, 0.0090239, 0.976492], 
              [0.00764989, 0.970847, 0.00568191, 0.0158199], 
              [0.0102129, 0.946599, 0.00479092, 0.0383968], 
              [0.0321208, 0.167731, 0.0679177, 0.73223], 
              [0.0378768, 0.74686, 0.0860016, 0.129261], 
              [0.184293, 0.145637, 0.0290018, 0.641068], 
              [0.105385, 0.201448, 0.0774976, 0.615669], 
              [0.154437, 0.223877, 0.0894546, 0.532231], 
              [0.149499, 0.318938, 0.15466, 0.376903]
            ],
            "pos": 8069,
            "neg": 8950,
            "tp": 5229,
            "fp": 3161,
            "positive_thresh": 8069,
            "true_positive_thresh": 1.10147,
            "number_of_tests": 8462,
            "corrected_pvalue": "9.10e-324",
            "evalue": "6.79e-321"
          }, {
            "db": 0,
            "id": "MA1623.1",
            "alt": "Stat2",
            "len": 13,
            "motif_evalue": 0,
            "motif_nsites": 3959,
            "url": "http://jaspar.genereg.net/matrix/MA1623.1",
            "pwm": [
              [0.405401, 0.135896, 0.284162, 0.174541], 
              [0.244759, 0.0772964, 0.577663, 0.100282], 
              [0.897685, 0.0192029, 0.0424403, 0.0406722], 
              [0.943655, 0.0189499, 0.0179399, 0.0194548], 
              [0.94416, 0.0181919, 0.0219808, 0.0156669], 
              [0.0722444, 0.734264, 0.13236, 0.0611317], 
              [0.794631, 0.0381464, 0.0186979, 0.148525], 
              [0.0383993, 0.0113731, 0.936331, 0.0138979], 
              [0.934562, 0.0123831, 0.0411773, 0.011878], 
              [0.946433, 0.0113731, 0.0247597, 0.0174348], 
              [0.887582, 0.0371364, 0.0396614, 0.0356204], 
              [0.186918, 0.379386, 0.298054, 0.135643], 
              [0.318765, 0.191464, 0.149283, 0.340488]
            ],
            "pos": 8069,
            "neg": 8950,
            "tp": 4312,
            "fp": 2422,
            "positive_thresh": 8069,
            "true_positive_thresh": 1.05417,
            "number_of_tests": 6774,
            "corrected_pvalue": "1.42e-269",
            "evalue": "1.06e-266"
          }, {
            "db": 0,
            "id": "MA0002.2",
            "alt": "RUNX1",
            "len": 11,
            "motif_evalue": 0,
            "motif_nsites": 2000,
            "url": "http://jaspar.genereg.net/matrix/MA0002.2",
            "pwm": [
              [0.143505, 0.248, 0.347995, 0.260499], 
              [0.117007, 0.2425, 0.233501, 0.406992], 
              [0.0615093, 0.535986, 0.0745089, 0.327996], 
              [0.028511, 1.2599e-05, 0.00351242, 0.967964], 
              [1.23997e-05, 0.0375107, 0.935966, 0.0265111], 
              [0.0435102, 0.0635094, 0.0350108, 0.85797], 
              [1.23997e-05, 1.2599e-05, 0.993463, 0.00651207], 
              [0.00851197, 0.0210115, 0.923966, 0.0465101], 
              [0.00501215, 0.200003, 0.125506, 0.669479], 
              [0.0655091, 0.231501, 0.0405106, 0.662479], 
              [0.25, 0.0790086, 0.144505, 0.526486]
            ],
            "pos": 8069,
            "neg": 8950,
            "tp": 5901,
            "fp": 4207,
            "positive_thresh": 8069,
            "true_positive_thresh": 1.04112,
            "number_of_tests": 10202,
            "corrected_pvalue": "6.82e-264",
            "evalue": "5.08e-261"
          }, {
            "db": 0,
            "id": "MA1508.1",
            "alt": "IKZF1",
            "len": 12,
            "motif_evalue": 0,
            "motif_nsites": 10918,
            "url": "http://jaspar.genereg.net/matrix/MA1508.1",
            "pwm": [
              [0.301795, 0.188222, 0.354734, 0.155249], 
              [0.383494, 0.209929, 0.262685, 0.143892], 
              [0.743904, 0.106064, 0.0922345, 0.0577957], 
              [0.83687, 0.0433249, 0.0875635, 0.032242], 
              [0.0616427, 0.794829, 0.116506, 0.027022], 
              [0.933681, 0.0194191, 0.0230831, 0.0238161], 
              [0.0114512, 0.00971122, 0.968027, 0.0108102], 
              [0.0382869, 0.0163052, 0.932857, 0.0125502], 
              [0.945497, 0.0226251, 0.0272051, 0.00467323], 
              [0.939177, 0.0104432, 0.0239071, 0.026472], 
              [0.302253, 0.153417, 0.450538, 0.0937914], 
              [0.203426, 0.273951, 0.212218, 0.310404]
            ],
            "pos": 8069,
            "neg": 8950,
            "tp": 6056,
            "fp": 4499,
            "positive_thresh": 8069,
            "true_positive_thresh": 1.05669,
            "number_of_tests": 10673,
            "corrected_pvalue": "3.13e-243",
            "evalue": "2.33e-240"
          }, {
            "db": 0,
            "id": "MA0050.2",
            "alt": "IRF1",
            "len": 21,
            "motif_evalue": 0,
            "motif_nsites": 1362,
            "url": "http://jaspar.genereg.net/matrix/MA0050.2",
            "pwm": [
              [0.232013, 0.23495, 0.195305, 0.337732], 
              [0.184293, 0.20852, 0.184293, 0.422894], 
              [0.127028, 0.237886, 0.15566, 0.479425], 
              [0.101333, 0.315707, 0.108675, 0.474285], 
              [0.539627, 0.0741691, 0.26505, 0.121154], 
              [0.0176379, 0.581474, 0.371503, 0.0293851], 
              [0.00882856, 1.85004e-05, 1.85004e-05, 0.991134], 
              [1.82077e-05, 0.0227778, 1.85004e-05, 0.977185], 
              [1.82077e-05, 0.0411315, 0.00295528, 0.955895], 
              [1.82077e-05, 0.916985, 1.85004e-05, 0.0829781], 
              [0.670307, 0.0286504, 0.174749, 0.126294], 
              [0.0147011, 0.577803, 0.253304, 0.154192], 
              [0.0117643, 0.000752446, 1.85004e-05, 0.987464], 
              [0.00515783, 0.0102967, 0.00368923, 0.980856], 
              [0.00809361, 0.0425994, 1.85004e-05, 0.949288], 
              [0.0124993, 0.751064, 0.020575, 0.215861], 
              [0.376643, 0.179888, 0.193102, 0.250367], 
              [0.160065, 0.340668, 0.213659, 0.285606], 
              [0.106471, 0.136572, 0.0837124, 0.673244], 
              [0.145382, 0.141711, 0.0727002, 0.640206], 
              [0.121889, 0.243026, 0.110876, 0.524209]
            ],
            "pos": 8069,
            "neg": 8950,
            "tp": 2651,
            "fp": 1092,
            "positive_thresh": 8069,
            "true_positive_thresh": 1.22912,
            "number_of_tests": 3780,
            "corrected_pvalue": "3.32e-232",
            "evalue": "2.47e-229"
          }, {
            "db": 0,
            "id": "MA0684.2",
            "alt": "RUNX3",
            "len": 12,
            "motif_evalue": 0,
            "motif_nsites": 27377,
            "url": "http://jaspar.genereg.net/matrix/MA0684.2",
            "pwm": [
              [0.283742, 0.222194, 0.244183, 0.249881], 
              [0.349125, 0.182891, 0.129561, 0.338423], 
              [0.698979, 0.0972356, 0.127845, 0.0759406], 
              [0.958575, 0.0115069, 0.0157439, 0.0141729], 
              [0.0155978, 0.960402, 0.00723289, 0.0167668], 
              [0.0180818, 0.957297, 0.0140639, 0.0105569], 
              [0.232202, 0.0153059, 0.0698037, 0.682688], 
              [0.0223188, 0.950247, 0.0142469, 0.0131869], 
              [0.954119, 0.0151229, 0.0123469, 0.0184108], 
              [0.589435, 0.112395, 0.171531, 0.126639], 
              [0.320634, 0.218943, 0.206085, 0.254338], 
              [0.251269, 0.252036, 0.23275, 0.263944]
            ],
            "pos": 8069,
            "neg": 8950,
            "tp": 3984,
            "fp": 2277,
            "positive_thresh": 8069,
            "true_positive_thresh": 1.01636,
            "number_of_tests": 6261,
            "corrected_pvalue": "1.40e-227",
            "evalue": "1.04e-224"
          }, {
            "db": 0,
            "id": "MA0598.3",
            "alt": "EHF",
            "len": 15,
            "motif_evalue": 0,
            "motif_nsites": 15368,
            "url": "http://jaspar.genereg.net/matrix/MA0598.3",
            "pwm": [
              [0.212129, 0.28247, 0.266918, 0.238483], 
              [0.17582, 0.301145, 0.218311, 0.304724], 
              [0.13756, 0.578278, 0.100209, 0.183954], 
              [0.872849, 0.0296734, 0.0504303, 0.0470473], 
              [0.0109985, 0.853458, 0.0245325, 0.111011], 
              [0.0277864, 0.0108686, 0.00989258, 0.951453], 
              [0.00911155, 0.0106736, 0.0129506, 0.967265], 
              [0.0126905, 0.965182, 0.00904658, 0.0130805], 
              [0.0102825, 0.975854, 0.0065736, 0.00728957], 
              [0.0278514, 0.0395644, 0.100079, 0.832505], 
              [0.0452253, 0.194105, 0.5896, 0.171071], 
              [0.150639, 0.197098, 0.214667, 0.437597], 
              [0.146214, 0.114655, 0.0822501, 0.656881], 
              [0.209266, 0.238873, 0.200937, 0.350923], 
              [0.200612, 0.314224, 0.207834, 0.27733]
            ],
            "pos": 8069,
            "neg": 8950,
            "tp": 5730,
            "fp": 4249,
            "positive_thresh": 8069,
            "true_positive_thresh": 1.04924,
            "number_of_tests": 10036,
            "corrected_pvalue": "7.25e-212",
            "evalue": "5.41e-209"
          }, {
            "db": 0,
            "id": "MA0687.1",
            "alt": "SPIC",
            "len": 14,
            "motif_evalue": 0,
            "motif_nsites": 367,
            "url": "http://jaspar.genereg.net/matrix/MA0687.1",
            "pwm": [
              [0.392332, 0.226165, 0.185304, 0.196199], 
              [0.534575, 0.102351, 0.231029, 0.132045], 
              [0.768453, 0.103347, 0.053773, 0.0744273], 
              [0.93701, 0.0435348, 6.86443e-05, 0.0193863], 
              [0.695, 6.86443e-05, 6.86443e-05, 0.304863], 
              [0.100374, 0.250836, 0.605255, 0.0435337], 
              [0.451227, 0.30255, 0.246156, 6.75583e-05], 
              [6.75583e-05, 0.0351471, 0.951563, 0.013222], 
              [0.0480245, 6.86443e-05, 0.855924, 0.0959824], 
              [0.898501, 0.0308972, 6.86443e-05, 0.0705334], 
              [0.786738, 0.127083, 0.0533331, 0.0328456], 
              [0.053332, 6.86443e-05, 0.946532, 6.75583e-05], 
              [0.160738, 0.0857593, 0.0607661, 0.692736], 
              [0.642351, 0.201131, 0.0503339, 0.106184]
            ],
            "pos": 8069,
            "neg": 8950,
            "tp": 3245,
            "fp": 1702,
            "positive_thresh": 8069,
            "true_positive_thresh": 1.13971,
            "number_of_tests": 5103,
            "corrected_pvalue": "1.89e-201",
            "evalue": "1.41e-198"
          }, {
            "db": 0,
            "id": "MA0511.2",
            "alt": "RUNX2",
            "len": 9,
            "motif_evalue": 0,
            "motif_nsites": 8038,
            "url": "http://jaspar.genereg.net/matrix/MA0511.2",
            "pwm": [
              [0.481709, 0.135856, 0.0405596, 0.341875], 
              [0.737792, 0.0619594, 0.135392, 0.0648563], 
              [0.953201, 0.0467926, 3.13499e-06, 3.08539e-06], 
              [3.08539e-06, 0.999991, 3.13499e-06, 3.08539e-06], 
              [3.08539e-06, 0.999991, 3.13499e-06, 3.08539e-06], 
              [0.282426, 0.00531507, 0.694549, 0.0177099], 
              [3.08539e-06, 0.999991, 3.13499e-06, 3.08539e-06], 
              [0.854756, 0.0614534, 0.0591294, 0.0246608], 
              [0.634738, 0.102268, 0.1713, 0.0916939]
            ],
            "pos": 8069,
            "neg": 8950,
            "tp": 3038,
            "fp": 1591,
            "positive_thresh": 8069,
            "true_positive_thresh": 1.01608,
            "number_of_tests": 4629,
            "corrected_pvalue": "3.13e-184",
            "evalue": "2.34e-181"
          }, {
            "db": 0,
            "id": "MA0517.1",
            "alt": "STAT1::STAT2",
            "len": 15,
            "motif_evalue": 0,
            "motif_nsites": 620,
            "url": "http://jaspar.genereg.net/matrix/MA0517.1",
            "pwm": [
              [0.111312, 0.101637, 0.124215, 0.662836], 
              [0.241936, 0.370949, 0.135503, 0.251612], 
              [0.693476, 0.0113288, 0.243549, 0.0516447], 
              [0.00487821, 0.238712, 0.753145, 0.00326547], 
              [3.99946e-05, 0.00326612, 4.06375e-05, 0.996653], 
              [0.00487821, 0.00326612, 4.06375e-05, 0.991815], 
              [0.00487821, 0.0210053, 0.0064916, 0.967626], 
              [3.99946e-05, 0.936987, 4.06375e-05, 0.0629329], 
              [0.411264, 0.120989, 0.308056, 0.159691], 
              [0.172593, 0.179044, 0.259676, 0.388687], 
              [0.00649095, 0.0210053, 0.016167, 0.956338], 
              [0.0161664, 0.00326612, 4.06375e-05, 0.980527], 
              [0.00649095, 0.27419, 0.0064916, 0.712828], 
              [0.0242301, 0.788623, 0.0145543, 0.172593], 
              [0.0451937, 0.588656, 0.0580963, 0.308055]
            ],
            "pos": 8069,
            "neg": 8950,
            "tp": 2392,
            "fp": 1086,
            "positive_thresh": 8069,
            "true_positive_thresh": 1.06833,
            "number_of_tests": 3484,
            "corrected_pvalue": "4.54e-175",
            "evalue": "3.39e-172"
          }, {
            "db": 0,
            "id": "MA0640.2",
            "alt": "ELF3",
            "len": 14,
            "motif_evalue": 0,
            "motif_nsites": 48502,
            "url": "http://jaspar.genereg.net/matrix/MA0640.2",
            "pwm": [
              [0.241165, 0.261041, 0.211435, 0.286359], 
              [0.202755, 0.271762, 0.245227, 0.280256], 
              [0.117191, 0.509895, 0.142881, 0.230032], 
              [0.133108, 0.576738, 0.0849863, 0.205167], 
              [0.837964, 0.0420604, 0.0539154, 0.0660594], 
              [0.0114225, 0.864912, 0.0281435, 0.0955223], 
              [0.0241435, 0.0282055, 0.0158345, 0.931816], 
              [0.00890749, 0.0194425, 0.0196695, 0.95198], 
              [0.0136495, 0.958331, 0.0116705, 0.0163505], 
              [0.00921649, 0.971237, 0.0097525, 0.00979349], 
              [0.0159995, 0.0271125, 0.0410094, 0.915879], 
              [0.0490084, 0.191291, 0.583872, 0.175828], 
              [0.185766, 0.27403, 0.287514, 0.252691], 
              [0.219764, 0.187312, 0.123727, 0.469197]
            ],
            "pos": 8069,
            "neg": 8950,
            "tp": 5794,
            "fp": 4641,
            "positive_thresh": 8069,
            "true_positive_thresh": 1.11349,
            "number_of_tests": 10718,
            "corrected_pvalue": "7.45e-155",
            "evalue": "5.56e-152"
          }, {
            "db": 0,
            "id": "MA0761.2",
            "alt": "ETV1",
            "len": 14,
            "motif_evalue": 0,
            "motif_nsites": 37339,
            "url": "http://jaspar.genereg.net/matrix/MA0761.2",
            "pwm": [
              [0.338038, 0.200005, 0.258255, 0.203701], 
              [0.304213, 0.23134, 0.278717, 0.185731], 
              [0.610647, 0.116206, 0.161092, 0.112054], 
              [0.0494925, 0.860733, 0.0639815, 0.0257916], 
              [0.891961, 0.0820595, 0.0153466, 0.0106326], 
              [0.00618765, 0.00736566, 0.977073, 0.00937464], 
              [0.0101236, 0.00725866, 0.967378, 0.0152396], 
              [0.967619, 0.0126146, 0.0100436, 0.00972264], 
              [0.893648, 0.0130166, 0.0110346, 0.0823004], 
              [0.11342, 0.0350046, 0.837085, 0.0144896], 
              [0.0895314, 0.104154, 0.0842554, 0.722059], 
              [0.212164, 0.135515, 0.507967, 0.144353], 
              [0.312756, 0.200193, 0.289777, 0.197274], 
              [0.264094, 0.244088, 0.259728, 0.23209]
            ],
            "pos": 8069,
            "neg": 8950,
            "tp": 5663,
            "fp": 4605,
            "positive_thresh": 8069,
            "true_positive_thresh": 1.04724,
            "number_of_tests": 10319,
            "corrected_pvalue": "8.54e-135",
            "evalue": "6.37e-132"
          }, {
            "db": 0,
            "id": "MA0062.3",
            "alt": "GABPA",
            "len": 14,
            "motif_evalue": 0,
            "motif_nsites": 65479,
            "url": "http://jaspar.genereg.net/matrix/MA0062.3",
            "pwm": [
              [0.242627, 0.258434, 0.243513, 0.255425], 
              [0.167703, 0.331083, 0.210006, 0.291208], 
              [0.116663, 0.632232, 0.106737, 0.144367], 
              [0.798117, 0.0609053, 0.0744213, 0.0665563], 
              [0.0141884, 0.850104, 0.0331253, 0.102583], 
              [0.0593323, 0.0220384, 0.0147384, 0.903892], 
              [0.0131654, 0.0187854, 0.0249393, 0.943111], 
              [0.0213503, 0.937292, 0.0175634, 0.0237943], 
              [0.0151654, 0.963774, 0.00794137, 0.0131194], 
              [0.0262993, 0.0235503, 0.0696563, 0.880495], 
              [0.0338893, 0.0966422, 0.792925, 0.0765443], 
              [0.0816143, 0.183356, 0.1179, 0.617128], 
              [0.181783, 0.277249, 0.230318, 0.310649], 
              [0.206509, 0.265459, 0.201393, 0.326639]
            ],
            "pos": 8069,
            "neg": 8950,
            "tp": 5760,
            "fp": 4741,
            "positive_thresh": 8069,
            "true_positive_thresh": 1.03573,
            "number_of_tests": 10527,
            "corrected_pvalue": "5.94e-132",
            "evalue": "4.43e-129"
          }, {
            "db": 0,
            "id": "MA0136.2",
            "alt": "ELF5",
            "len": 11,
            "motif_evalue": 0,
            "motif_nsites": 3762,
            "url": "http://jaspar.genereg.net/matrix/MA0136.2",
            "pwm": [
              [0.642202, 0.0669909, 0.0800156, 0.210793], 
              [0.228653, 0.430332, 0.178841, 0.162174], 
              [0.205498, 0.510715, 0.263585, 0.0202021], 
              [0.335093, 0.581007, 0.0710228, 0.0128773], 
              [0.000907568, 6.69821e-06, 0.993073, 0.00601243], 
              [0.00150155, 6.69821e-06, 0.991011, 0.00748039], 
              [0.994087, 0.00405859, 0.000374688, 0.00147955], 
              [0.896324, 0.0206701, 6.69821e-06, 0.0829994], 
              [0.223282, 0.0388917, 0.716747, 0.02108], 
              [0.120003, 0.180128, 0.0784956, 0.621374], 
              [0.348091, 0.134667, 0.276587, 0.240653]
            ],
            "pos": 8069,
            "neg": 8950,
            "tp": 5183,
            "fp": 4097,
            "positive_thresh": 8069,
            "true_positive_thresh": 1.11104,
            "number_of_tests": 9645,
            "corrected_pvalue": "7.09e-126",
            "evalue": "5.29e-123"
          }, {
            "db": 0,
            "id": "MA0764.2",
            "alt": "ETV4",
            "len": 10,
            "motif_evalue": 0,
            "motif_nsites": 8414,
            "url": "http://jaspar.genereg.net/matrix/MA0764.2",
            "pwm": [
              [0.370691, 0.177562, 0.323389, 0.128358], 
              [0.143334, 0.547655, 0.230093, 0.078918], 
              [0.992741, 0.00725291, 2.99489e-06, 2.94751e-06], 
              [2.94751e-06, 0.0109369, 0.987393, 0.00166693], 
              [0.000121946, 0.000121993, 0.99179, 0.00796585], 
              [0.995237, 2.99489e-06, 2.99489e-06, 0.00475689], 
              [0.990364, 0.00867889, 2.99489e-06, 0.000953936], 
              [0.00130993, 0.00333096, 0.991672, 0.0036869], 
              [0.15403, 0.260756, 0.231638, 0.353576], 
              [0.277633, 0.189804, 0.363084, 0.16948]
            ],
            "pos": 8069,
            "neg": 8950,
            "tp": 5443,
            "fp": 4449,
            "positive_thresh": 8069,
            "true_positive_thresh": 1.68411,
            "number_of_tests": 10237,
            "corrected_pvalue": "1.57e-118",
            "evalue": "1.17e-115"
          }, {
            "db": 0,
            "id": "MA0473.3",
            "alt": "ELF1",
            "len": 14,
            "motif_evalue": 0,
            "motif_nsites": 47770,
            "url": "http://jaspar.genereg.net/matrix/MA0473.3",
            "pwm": [
              [0.390999, 0.180595, 0.241574, 0.186833], 
              [0.390371, 0.163994, 0.236655, 0.208981], 
              [0.365083, 0.265836, 0.218547, 0.150534], 
              [0.0647694, 0.793865, 0.100879, 0.0404864], 
              [0.882645, 0.0845304, 0.0195105, 0.0133145], 
              [0.00669951, 0.00881351, 0.976385, 0.0081015], 
              [0.0135865, 0.0105715, 0.962318, 0.0135235], 
              [0.961481, 0.0166635, 0.0141515, 0.0077045], 
              [0.9471, 0.0147585, 0.0163075, 0.0218345], 
              [0.0850533, 0.0328665, 0.873727, 0.0083535], 
              [0.0629894, 0.0417214, 0.0420144, 0.853275], 
              [0.119071, 0.0886753, 0.72759, 0.0646644], 
              [0.262947, 0.247917, 0.354197, 0.134938], 
              [0.251622, 0.265459, 0.282018, 0.2009]
            ],
            "pos": 8069,
            "neg": 8950,
            "tp": 5161,
            "fp": 4194,
            "positive_thresh": 8069,
            "true_positive_thresh": 1.03324,
            "number_of_tests": 9356,
            "corrected_pvalue": "6.53e-108",
            "evalue": "4.87e-105"
          }, {
            "db": 0,
            "id": "MA0052.4",
            "alt": "MEF2A",
            "len": 15,
            "motif_evalue": 0,
            "motif_nsites": 16162,
            "url": "http://jaspar.genereg.net/matrix/MA0052.4",
            "pwm": [
              [0.314008, 0.131111, 0.2259, 0.328981], 
              [0.249536, 0.121273, 0.277998, 0.351193], 
              [0.122758, 0.675594, 0.0623082, 0.13934], 
              [0.0387963, 0.184012, 0.0146035, 0.762588], 
              [0.769518, 0.0626792, 0.0659582, 0.101845], 
              [0.81252, 0.0156555, 0.0377443, 0.134081], 
              [0.908299, 0.00872551, 0.0313094, 0.0516652], 
              [0.894254, 0.0142945, 0.0149135, 0.0765391], 
              [0.925377, 0.0107055, 0.0124995, 0.0514182], 
              [0.0272874, 0.0215954, 0.0133045, 0.937813], 
              [0.964109, 0.00309554, 0.0261124, 0.00668349], 
              [0.158768, 0.0655872, 0.687041, 0.088604], 
              [0.476982, 0.249907, 0.0993079, 0.173803], 
              [0.381821, 0.21798, 0.111992, 0.288207], 
              [0.325084, 0.235862, 0.153385, 0.28567]
            ],
            "pos": 8069,
            "neg": 8950,
            "tp": 2066,
            "fp": 1103,
            "positive_thresh": 8069,
            "true_positive_thresh": 1.07592,
            "number_of_tests": 3231,
            "corrected_pvalue": "6.80e-107",
            "evalue": "5.07e-104"
          }, {
            "db": 0,
            "id": "MA1647.1",
            "alt": "PRDM4",
            "len": 11,
            "motif_evalue": 0,
            "motif_nsites": 7255,
            "url": "http://jaspar.genereg.net/matrix/MA1647.1",
            "pwm": [
              [0.272915, 0.160304, 0.351894, 0.214886], 
              [0.281323, 0.139492, 0.286561, 0.292625], 
              [0.0387349, 0.896476, 0.0435589, 0.0212301], 
              [0.118541, 0.0394239, 0.0780174, 0.764018], 
              [0.0403889, 0.0151653, 0.939067, 0.00537934], 
              [0.0202651, 0.0188872, 0.0113063, 0.949542], 
              [0.0232971, 0.0558267, 0.0541727, 0.866704], 
              [0.026881, 0.0190242, 0.0153033, 0.938791], 
              [0.0663015, 0.875663, 0.0177842, 0.0402509], 
              [0.290971, 0.20069, 0.100071, 0.408268], 
              [0.355616, 0.211166, 0.185253, 0.247967]
            ],
            "pos": 8069,
            "neg": 8950,
            "tp": 3941,
            "fp": 2977,
            "positive_thresh": 8069,
            "true_positive_thresh": 1.01556,
            "number_of_tests": 6918,
            "corrected_pvalue": "2.08e-91",
            "evalue": "1.55e-88"
          }, {
            "db": 0,
            "id": "MA0483.1",
            "alt": "Gfi1b",
            "len": 11,
            "motif_evalue": 0,
            "motif_nsites": 1761,
            "url": "http://jaspar.genereg.net/matrix/MA0483.1",
            "pwm": [
              [0.638252, 0.248722, 0.059068, 0.053958], 
              [0.999957, 1.43089e-05, 1.43089e-05, 1.40825e-05], 
              [0.998821, 1.43089e-05, 0.00115024, 1.40825e-05], 
              [1.40825e-05, 0.191939, 0.0159134, 0.792133], 
              [1.40825e-05, 0.999958, 1.43089e-05, 1.40825e-05], 
              [0.58658, 0.0119386, 1.43089e-05, 0.401467], 
              [0.0346511, 0.745003, 0.220331, 1.40825e-05], 
              [0.633709, 1.43089e-05, 0.000582277, 0.365694], 
              [0.0323802, 0.000582277, 0.951692, 0.0153452], 
              [0.0806455, 0.754088, 0.0431689, 0.122097], 
              [0.420206, 0.245883, 0.0738321, 0.260079]
            ],
            "pos": 8069,
            "neg": 8950,
            "tp": 2056,
            "fp": 1198,
            "positive_thresh": 8069,
            "true_positive_thresh": 1.02632,
            "number_of_tests": 3255,
            "corrected_pvalue": "2.21e-86",
            "evalue": "1.65e-83"
          }, {
            "db": 0,
            "id": "MA0498.2",
            "alt": "MEIS1",
            "len": 7,
            "motif_evalue": 0,
            "motif_nsites": 77159,
            "url": "http://jaspar.genereg.net/matrix/MA0498.2",
            "pwm": [
              [0.307508, 0.243614, 0.125896, 0.322982], 
              [0.0918622, 0.0589343, 0.0335533, 0.81565], 
              [3.21422e-07, 0.0159293, 0.98407, 3.21422e-07], 
              [0.955718, 0.0359583, 0.00832432, 3.21422e-07], 
              [3.21422e-07, 0.985251, 3.26589e-07, 0.0147483], 
              [0.854634, 3.26589e-07, 0.1026, 0.0427663], 
              [0.223227, 0.192641, 0.388354, 0.195778]
            ],
            "pos": 8069,
            "neg": 8950,
            "tp": 4573,
            "fp": 3714,
            "positive_thresh": 8069,
            "true_positive_thresh": 1.00819,
            "number_of_tests": 8304,
            "corrected_pvalue": "1.25e-83",
            "evalue": "9.33e-81"
          }, {
            "db": 0,
            "id": "MA0497.1",
            "alt": "MEF2C",
            "len": 15,
            "motif_evalue": 0,
            "motif_nsites": 2209,
            "url": "http://jaspar.genereg.net/matrix/MA0497.1",
            "pwm": [
              [0.319146, 0.14532, 0.306019, 0.229517], 
              [0.33182, 0.0683653, 0.259393, 0.340422], 
              [0.195113, 0.0887354, 0.372109, 0.344043], 
              [0.172932, 0.639185, 0.0353198, 0.152562], 
              [1.12266e-05, 0.445894, 1.14071e-05, 0.554083], 
              [0.731531, 0.115896, 0.0335089, 0.119064], 
              [0.772271, 0.0144968, 0.109105, 0.104127], 
              [0.953793, 1.14071e-05, 0.0393936, 0.00680092], 
              [0.964658, 1.14071e-05, 0.000916366, 0.0344147], 
              [0.966468, 1.14071e-05, 0.00182233, 0.0316988], 
              [0.0253611, 0.0280771, 1.14071e-05, 0.94655], 
              [0.985481, 1.14071e-05, 0.0144968, 1.12266e-05], 
              [0.176101, 0.0543319, 0.756428, 0.0131386], 
              [0.441367, 0.378446, 0.0670074, 0.113179], 
              [0.456759, 0.203714, 0.0570478, 0.282479]
            ],
            "pos": 8069,
            "neg": 8950,
            "tp": 1670,
            "fp": 897,
            "positive_thresh": 8069,
            "true_positive_thresh": 1.08906,
            "number_of_tests": 2615,
            "corrected_pvalue": "1.94e-81",
            "evalue": "1.44e-78"
          }, {
            "db": 0,
            "id": "MA1113.2",
            "alt": "PBX2",
            "len": 13,
            "motif_evalue": 0,
            "motif_nsites": 29596,
            "url": "http://jaspar.genereg.net/matrix/MA1113.2",
            "pwm": [
              [0.282572, 0.198101, 0.325213, 0.194114], 
              [0.28068, 0.299331, 0.102954, 0.317036], 
              [0.166408, 0.663771, 0.0535557, 0.116266], 
              [0.899444, 0.0212538, 0.0577787, 0.0215238], 
              [0.00760281, 0.0198688, 0.0107118, 0.961817], 
              [0.823353, 0.0765646, 0.0276058, 0.0724766], 
              [0.920562, 0.0193958, 0.0115898, 0.0484527], 
              [0.921035, 0.0254768, 0.0192268, 0.0342617], 
              [0.0237878, 0.0153068, 0.0110498, 0.949856], 
              [0.0776466, 0.807337, 0.0187538, 0.0962635], 
              [0.876637, 0.0286538, 0.0118938, 0.0828156], 
              [0.236282, 0.238444, 0.133532, 0.391742], 
              [0.266827, 0.239424, 0.188336, 0.305413]
            ],
            "pos": 8069,
            "neg": 8950,
            "tp": 1269,
            "fp": 594,
            "positive_thresh": 8069,
            "true_positive_thresh": 1.03067,
            "number_of_tests": 1865,
            "corrected_pvalue": "4.22e-78",
            "evalue": "3.15e-75"
          }, {
            "db": 0,
            "id": "MA0508.3",
            "alt": "PRDM1",
            "len": 11,
            "motif_evalue": 0,
            "motif_nsites": 55481,
            "url": "http://jaspar.genereg.net/matrix/MA0508.3",
            "pwm": [
              [0.157928, 0.320614, 0.119645, 0.401813], 
              [0.309169, 0.221481, 0.158036, 0.311314], 
              [0.0216114, 0.950811, 0.0126354, 0.0149424], 
              [0.0231254, 0.00841744, 0.0148884, 0.953569], 
              [0.0393114, 0.0242614, 0.0182224, 0.918205], 
              [0.0326784, 0.00879644, 0.0101124, 0.948414], 
              [0.0248194, 0.963662, 0.00373145, 0.00778643], 
              [0.0639683, 0.0193944, 0.0250544, 0.891584], 
              [0.0308214, 0.952055, 0.00522744, 0.0118964], 
              [0.189651, 0.244534, 0.0738633, 0.491952], 
              [0.182477, 0.315748, 0.141688, 0.360087]
            ],
            "pos": 8069,
            "neg": 8950,
            "tp": 3368,
            "fp": 2516,
            "positive_thresh": 8069,
            "true_positive_thresh": 1.04324,
            "number_of_tests": 5983,
            "corrected_pvalue": "2.85e-74",
            "evalue": "2.12e-71"
          }, {
            "db": 0,
            "id": "MA1640.1",
            "alt": "MEIS2(var.2)",
            "len": 15,
            "motif_evalue": 0,
            "motif_nsites": 20173,
            "url": "http://jaspar.genereg.net/matrix/MA1640.1",
            "pwm": [
              [0.307936, 0.16413, 0.285927, 0.242007], 
              [0.319486, 0.200317, 0.232142, 0.248054], 
              [0.492192, 0.117237, 0.193129, 0.197442], 
              [0.192584, 0.0232001, 0.0694009, 0.714815], 
              [0.0732669, 0.0149722, 0.858868, 0.052893], 
              [0.959744, 0.0102622, 0.0111052, 0.0188881], 
              [0.0285541, 0.0132862, 0.0247371, 0.933423], 
              [0.0352961, 0.0099652, 0.0137822, 0.940958], 
              [0.0804548, 0.0288511, 0.0892788, 0.801415], 
              [0.958901, 0.00877521, 0.0245391, 0.00778419], 
              [0.0234981, 0.052199, 0.0248861, 0.899417], 
              [0.130026, 0.053984, 0.637583, 0.178407], 
              [0.285629, 0.0797609, 0.406433, 0.228176], 
              [0.192435, 0.323105, 0.207009, 0.27745], 
              [0.225846, 0.26015, 0.166609, 0.347395]
            ],
            "pos": 8069,
            "neg": 8950,
            "tp": 1145,
            "fp": 523,
            "positive_thresh": 8069,
            "true_positive_thresh": 1.15974,
            "number_of_tests": 1800,
            "corrected_pvalue": "1.27e-72",
            "evalue": "9.48e-70"
          }, {
            "db": 0,
            "id": "MA1125.1",
            "alt": "ZNF384",
            "len": 12,
            "motif_evalue": 0,
            "motif_nsites": 30433,
            "url": "http://jaspar.genereg.net/matrix/MA1125.1",
            "pwm": [
              [0.310847, 0.162488, 0.185654, 0.341011], 
              [0.299543, 0.230835, 0.168666, 0.300956], 
              [0.312884, 0.113561, 0.153715, 0.419839], 
              [0.431274, 0.252719, 0.155128, 0.160878], 
              [0.997402, 0.000230827, 0.000427827, 0.00193981], 
              [0.992046, 0.00115082, 0.000624826, 0.00617879], 
              [0.988136, 0.000690826, 0.000854825, 0.0103188], 
              [0.994051, 0.000427827, 0.000493826, 0.0050278], 
              [0.992408, 0.000854825, 0.000460827, 0.00627679], 
              [0.999111, 0.000197827, 8.28024e-07, 0.000690813], 
              [0.667761, 0.0955545, 0.0909215, 0.145763], 
              [0.621561, 0.13022, 0.0952265, 0.152992]
            ],
            "pos": 8069,
            "neg": 8950,
            "tp": 1783,
            "fp": 1050,
            "positive_thresh": 8069,
            "true_positive_thresh": 1.04284,
            "number_of_tests": 2841,
            "corrected_pvalue": "1.78e-70",
            "evalue": "1.33e-67"
          }, {
            "db": 0,
            "id": "MA1152.1",
            "alt": "SOX15",
            "len": 10,
            "motif_evalue": 0,
            "motif_nsites": 1000,
            "url": "http://jaspar.genereg.net/matrix/MA1152.1",
            "pwm": [
              [0.0320216, 0.55397, 0.14701, 0.266998], 
              [0.0619566, 0.411572, 0.0259966, 0.500475], 
              [0.630332, 0.0030219, 0.0050197, 0.361627], 
              [0.0030245, 0.0030249, 0.0060246, 0.987926], 
              [0.0030215, 0.002023, 0.002023, 0.992933], 
              [0.0830995, 0.0210441, 0.890827, 0.0050293], 
