	MPP3KO_MA0602.1 MPP3KO_Cl6	MPP3KO_Cluster_21 MPP3KO_Cl21	MPP3KO_Cluster_22 MPP3KO_Cl22	MPP3KO_Cluster_16 MPP3KO_Cl16	MPP3KO_Cluster_15 MPP3KO_Cl15	MPP3KO_Cluster_9 MPP3KO_Cl9	MPP3KO_Cluster_18 MPP3KO_Cl18	MPP3KO_MA0479.1 MPP3KO_Cl11	MPP3KO_Cluster_10 MPP3KO_Cl10	MPP3KO_Cluster_8 MPP3KO_Cl8	MPP3KO_Cluster_1 MPP3KO_Cl1	MPP3KO_Cluster_13 MPP3KO_Cl13	MPP3KO_Cluster_5 MPP3KO_Cl5	MPP3KO_Cluster_20 MPP3KO_Cl20	MPP3KO_MA1536.1 MPP3KO_Cl17	MPP3KO_MA0506.1 MPP3KO_Cl14	MPP3KO_MA0679.2 MPP3KO_Cl12	MPP3KO_MA0067.1 MPP3KO_Cl23	MPP3KO_MA0790.1 MPP3KO_Cl7	MPP3KO_MA1616.1 MPP3KO_Cl3	MPP3KO_MA0600.2 MPP3KO_Cl19	MPP3KO_Cluster_2 MPP3KO_Cl2	MPP3KO_Cluster_4 MPP3KO_Cl4	MPP3WT_Cluster_14 MPP3WT_Cl14	MPP3WT_Cluster_13 MPP3WT_Cl13	MPP3WT_Cluster_12 MPP3WT_Cl12	MPP3WT_Cluster_8 MPP3WT_Cl8	MPP3WT_Cluster_1 MPP3WT_Cl1	MPP3WT_MA0739.1 MPP3WT_Cl7	MPP3WT_MA0599.1 MPP3WT_Cl4	MPP3WT_MA0503.1 MPP3WT_Cl9	MPP3WT_Cluster_5 MPP3WT_Cl5	MPP3WT_MA0513.1 MPP3WT_Cl6	MPP3WT_Cluster_3 MPP3WT_Cl3	MPP3WT_MA1581.1 MPP3WT_Cl10	MPP3WT_Cluster_11 MPP3WT_Cl11	MPP3WT_MA1652.1 MPP3WT_Cl2	MPP4KO_Cluster_1 MPP4KO_Cl1	MPP4KO_Cluster_5 MPP4KO_Cl5	MPP4KO_Cluster_6 MPP4KO_Cl6	MPP4KO_Cluster_7 MPP4KO_Cl7	MPP4KO_MA0632.2 MPP4KO_Cl2	MPP4KO_Cluster_4 MPP4KO_Cl4	MPP4KO_MA1650.1 MPP4KO_Cl3	MPP4KO_MA0528.2 MPP4KO_Cl8	MPP4WT_Cluster_7 MPP4KO_Cl7	MPP4WT_Cluster_21 MPP4WT_Cl21	MPP4WT_MA0602.1 MPP4WT_Cl22	MPP4WT_Cluster_6 MPP4WT_Cl6	MPP4WT_Cluster_5 MPP4WT_Cl5	MPP4WT_Cluster_20 MPP4WT_Cl20	MPP4WT_Cluster_13 MPP4WT_Cl13	MPP4WT_MA0041.1 MPP4WT_Cl14	MPP4WT_MA0850.1 MPP4WT_Cl15	MPP4WT_MA0109.1 MPP4WT_Cl10	MPP4WT_MA0619.1 MPP4WT_Cl19	MPP4WT_Cluster_11 MPP4WT_Cl11	MPP4WT_Cluster_4 MPP4WT_Cl4	MPP4WT_MA0676.1 MPP4WT_Cl8	MPP4WT_Cluster_18 MPP4WT_Cl18	MPP4WT_Cluster_3 MPP4WT_Cl3	MPP4WT_MA0719.1 MPP4WT_Cl9	MPP4WT_Cluster_17 MPP4WT_Cl17	MPP4WT_MA0687.1 MPP4WT_Cl1	MPP4WT_MA1623.1 MPP4WT_Cl12	MPP4WT_Cluster_16 MPP4WT_Cl16	MPP4WT_MA1585.1 MPP4WT_Cl2
MPP3KO_MA0602.1 MPP3KO_Cl6	0.0	0.975	0.751	0.584	0.724	0.452	0.8	0.678	0.595	0.523	0.618	0.579	0.699	0.723	0.768	0.93	0.467	0.732	0.462	0.792	0.796	0.604	0.649	0.98	0.662	0.718	0.966	0.838	0.859	0.952	0.828	0.749	0.855	0.892	0.89	0.862	0.847	0.969	0.971	1.0	0.951	0.908	1.0	1.0	0.974	0.453	0.405	0.0	0.466	0.542	0.465	0.505	0.544	0.714	0.59	0.592	0.43	0.645	0.593	0.564	0.773	0.629	0.483	0.691	0.636	0.664	0.707
MPP3KO_Cluster_21 MPP3KO_Cl21	0.975	0.0	0.447	0.735	0.708	0.925	0.738	0.624	0.691	0.909	0.819	0.501	0.748	0.56	0.656	0.499	0.936	0.556	0.816	0.577	0.82	0.689	0.642	0.391	0.62	0.278	0.84	0.624	0.65	0.572	0.673	0.699	0.65	0.388	0.709	0.713	0.57	0.356	0.63	0.455	0.492	0.233	0.784	0.528	0.76	0.928	0.955	0.975	0.689	0.915	0.921	0.711	0.762	0.728	0.616	0.783	0.935	0.803	0.759	0.743	0.792	0.849	0.829	0.803	0.84	0.818	0.644
MPP3KO_Cluster_22 MPP3KO_Cl22	0.751	0.447	0.0	0.349	0.306	0.675	0.53	0.728	0.755	0.731	0.863	0.633	0.634	0.617	0.63	0.592	0.787	0.504	0.733	0.786	0.716	0.665	0.665	0.72	0.72	0.513	0.834	0.63	0.622	0.709	0.71	0.528	0.731	0.532	0.738	0.788	0.661	0.688	0.763	0.629	0.724	0.406	0.846	0.677	0.711	0.633	0.858	0.751	0.678	0.757	0.741	0.644	0.678	0.671	0.781	0.748	0.892	0.718	0.519	0.61	0.677	0.794	0.708	0.626	0.866	0.67	0.606
MPP3KO_Cluster_16 MPP3KO_Cl16	0.584	0.735	0.349	0.0	0.208	0.604	0.657	0.632	0.61	0.619	0.693	0.663	0.578	0.668	0.542	0.67	0.599	0.648	0.566	0.751	0.751	0.567	0.612	0.783	0.711	0.718	0.814	0.794	0.588	0.768	0.754	0.712	0.725	0.67	0.606	0.791	0.767	0.756	0.866	0.918	0.755	0.742	0.969	0.87	0.79	0.539	0.7	0.584	0.655	0.555	0.569	0.608	0.634	0.643	0.73	0.565	0.722	0.623	0.646	0.486	0.738	0.725	0.624	0.625	0.701	0.625	0.761
MPP3KO_Cluster_15 MPP3KO_Cl15	0.724	0.708	0.306	0.208	0.0	0.564	0.652	0.719	0.683	0.602	0.806	0.7	0.736	0.745	0.597	0.832	0.655	0.606	0.657	0.779	0.695	0.644	0.718	0.736	0.701	0.673	0.846	0.707	0.626	0.746	0.711	0.574	0.79	0.681	0.792	0.722	0.617	0.731	0.88	0.852	0.713	0.743	0.909	0.904	0.676	0.556	0.784	0.724	0.752	0.566	0.671	0.726	0.713	0.76	0.75	0.757	0.864	0.789	0.57	0.625	0.729	0.574	0.76	0.572	0.809	0.697	0.666
MPP3KO_Cluster_9 MPP3KO_Cl9	0.452	0.925	0.675	0.604	0.564	0.0	0.701	0.606	0.553	0.496	0.741	0.639	0.654	0.478	0.76	0.925	0.422	0.667	0.489	0.856	0.78	0.696	0.595	0.913	0.82	0.766	0.856	0.772	0.795	0.846	0.684	0.703	0.801	0.861	0.77	0.803	0.689	0.915	0.91	0.954	0.868	0.901	0.988	1.0	0.803	0.107	0.366	0.452	0.359	0.444	0.47	0.458	0.584	0.593	0.461	0.69	0.505	0.584	0.674	0.448	0.805	0.648	0.539	0.635	0.72	0.608	0.709
MPP3KO_Cluster_18 MPP3KO_Cl18	0.8	0.738	0.53	0.657	0.652	0.701	0.0	0.866	0.764	0.856	0.866	0.61	0.65	0.772	0.671	0.674	0.839	0.583	0.818	0.662	0.64	0.872	0.77	0.721	0.63	0.61	0.759	0.752	0.523	0.501	0.734	0.629	0.683	0.488	0.688	0.677	0.577	0.697	0.488	0.555	0.496	0.694	0.694	0.594	0.526	0.742	0.796	0.8	0.723	0.912	0.761	0.842	0.852	0.839	0.555	0.851	0.869	0.697	0.697	0.849	0.633	0.745	0.737	0.759	0.911	0.778	0.69
MPP3KO_MA0479.1 MPP3KO_Cl11	0.678	0.624	0.728	0.632	0.719	0.606	0.866	0.0	0.575	0.438	0.729	0.723	0.593	0.518	0.638	0.811	0.412	0.727	0.639	0.756	0.789	0.697	0.477	0.739	0.689	0.593	0.681	0.699	0.702	0.674	0.573	0.672	0.852	0.581	0.776	0.617	0.747	0.74	0.862	0.693	0.607	0.763	0.915	0.867	0.729	0.591	0.64	0.678	0.622	0.656	0.468	0.303	0.46	0.608	0.577	0.627	0.582	0.603	0.545	0.634	0.776	0.614	0.588	0.754	0.623	0.669	0.759
MPP3KO_Cluster_10 MPP3KO_Cl10	0.595	0.691	0.755	0.61	0.683	0.553	0.764	0.575	0.0	0.511	0.702	0.745	0.719	0.683	0.727	0.886	0.398	0.497	0.707	0.6	0.709	0.515	0.674	0.797	0.664	0.757	0.85	0.714	0.739	0.63	0.636	0.523	0.738	0.724	0.738	0.524	0.612	0.795	0.865	0.814	0.7	0.796	0.859	0.804	0.875	0.46	0.698	0.595	0.59	0.558	0.549	0.629	0.725	0.749	0.677	0.612	0.685	0.723	0.495	0.643	0.75	0.614	0.606	0.714	0.617	0.484	0.804
MPP3KO_Cluster_8 MPP3KO_Cl8	0.523	0.909	0.731	0.619	0.602	0.496	0.856	0.438	0.511	0.0	0.765	0.738	0.617	0.677	0.624	0.944	0.494	0.736	0.57	0.649	0.803	0.578	0.557	0.913	0.799	0.857	0.606	0.668	0.62	0.576	0.732	0.678	0.822	0.728	0.641	0.735	0.701	0.896	0.808	0.752	0.665	0.889	0.784	0.928	0.512	0.453	0.418	0.523	0.491	0.5	0.548	0.593	0.654	0.636	0.686	0.622	0.622	0.579	0.529	0.563	0.819	0.188	0.621	0.759	0.726	0.573	0.605
MPP3KO_Cluster_1 MPP3KO_Cl1	0.618	0.819	0.863	0.693	0.806	0.741	0.866	0.729	0.702	0.765	0.0	0.844	0.488	0.672	0.713	0.948	0.648	0.662	0.736	0.519	0.824	0.536	0.673	0.781	0.807	0.843	0.832	0.431	0.887	0.677	0.767	0.614	0.679	0.786	0.819	0.601	0.456	0.788	0.833	0.952	0.845	0.838	0.932	0.927	0.775	0.665	0.703	0.618	0.604	0.665	0.639	0.602	0.605	0.652	0.747	0.627	0.471	0.48	0.585	0.711	0.777	0.793	0.675	0.495	0.07	0.553	0.737
MPP3KO_Cluster_13 MPP3KO_Cl13	0.579	0.501	0.633	0.663	0.7	0.639	0.61	0.723	0.745	0.738	0.844	0.0	0.738	0.731	0.636	0.567	0.708	0.595	0.671	0.523	0.849	0.704	0.623	0.436	0.187	0.258	0.911	0.626	0.694	0.821	0.832	0.669	0.736	0.695	0.765	0.685	0.849	0.434	0.72	0.749	0.654	0.527	0.805	0.75	0.744	0.811	0.884	0.579	0.773	0.816	0.7	0.659	0.707	0.719	0.534	0.819	0.76	0.782	0.772	0.499	0.838	0.747	0.739	0.748	0.818	0.851	0.59
MPP3KO_Cluster_5 MPP3KO_Cl5	0.699	0.748	0.634	0.578	0.736	0.654	0.65	0.593	0.719	0.617	0.488	0.738	0.0	0.703	0.795	0.84	0.718	0.638	0.761	0.516	0.564	0.546	0.362	0.776	0.686	0.685	0.589	0.409	0.555	0.546	0.673	0.684	0.768	0.686	0.643	0.743	0.571	0.759	0.766	0.806	0.642	0.71	0.813	0.805	0.617	0.694	0.776	0.699	0.662	0.671	0.666	0.564	0.65	0.628	0.577	0.544	0.572	0.019	0.734	0.485	0.522	0.561	0.651	0.594	0.446	0.652	0.714
MPP3KO_Cluster_20 MPP3KO_Cl20	0.723	0.56	0.617	0.668	0.745	0.478	0.772	0.518	0.683	0.677	0.672	0.731	0.703	0.0	0.604	0.806	0.649	0.59	0.712	0.815	0.775	0.617	0.597	0.543	0.731	0.51	0.619	0.51	0.636	0.61	0.233	0.522	0.649	0.422	0.597	0.748	0.498	0.513	0.752	0.618	0.627	0.612	0.781	0.736	0.67	0.425	0.657	0.723	0.277	0.649	0.596	0.654	0.732	0.653	0.438	0.546	0.646	0.704	0.638	0.721	0.777	0.711	0.622	0.76	0.693	0.619	0.576
MPP3KO_MA1536.1 MPP3KO_Cl17	0.768	0.656	0.63	0.542	0.597	0.76	0.671	0.638	0.727	0.624	0.713	0.636	0.795	0.604	0.0	0.635	0.776	0.626	0.843	0.737	0.748	0.686	0.69	0.695	0.717	0.702	0.779	0.78	0.485	0.65	0.706	0.604	0.72	0.506	0.639	0.769	0.58	0.665	0.663	0.676	0.629	0.644	0.692	0.654	0.74	0.79	0.935	0.768	0.829	0.762	0.656	0.722	0.873	0.798	0.673	0.488	0.874	0.813	0.5	0.775	0.747	0.734	0.773	0.6	0.745	0.681	0.67
MPP3KO_MA0506.1 MPP3KO_Cl14	0.93	0.499	0.592	0.67	0.832	0.925	0.674	0.811	0.886	0.944	0.948	0.567	0.84	0.806	0.635	0.0	0.992	0.75	0.834	0.779	0.912	0.808	0.768	0.419	0.541	0.512	0.77	0.658	0.547	0.773	0.794	0.629	0.662	0.606	0.628	0.68	0.692	0.407	0.541	0.456	0.661	0.46	0.697	0.386	0.665	0.921	0.956	0.93	0.867	1.0	0.928	0.822	0.92	0.698	0.865	0.776	0.995	0.893	0.906	0.805	0.838	0.856	0.981	0.822	0.907	0.882	0.657
MPP3KO_MA0679.2 MPP3KO_Cl12	0.467	0.936	0.787	0.599	0.655	0.422	0.839	0.412	0.398	0.494	0.648	0.708	0.718	0.649	0.776	0.992	0.0	0.612	0.478	0.771	0.799	0.701	0.664	0.956	0.767	0.756	0.877	0.795	0.796	0.913	0.673	0.57	0.839	0.863	0.654	0.745	0.693	0.944	1.0	1.0	0.944	0.939	0.95	0.993	0.882	0.443	0.484	0.467	0.467	0.468	0.353	0.391	0.396	0.596	0.633	0.551	0.544	0.726	0.355	0.598	0.742	0.573	0.348	0.746	0.673	0.437	0.721
MPP3KO_MA0067.1 MPP3KO_Cl23	0.732	0.556	0.504	0.648	0.606	0.667	0.583	0.727	0.497	0.736	0.662	0.595	0.638	0.59	0.626	0.75	0.612	0.0	0.645	0.608	0.601	0.607	0.703	0.791	0.769	0.547	0.751	0.705	0.748	0.517	0.67	0.412	0.694	0.638	0.643	0.76	0.641	0.779	0.63	0.717	0.581	0.525	0.877	0.799	0.812	0.662	0.782	0.732	0.622	0.698	0.574	0.693	0.69	0.755	0.622	0.694	0.737	0.64	0.475	0.59	0.575	0.766	0.543	0.743	0.701	0.616	0.833
MPP3KO_MA0790.1 MPP3KO_Cl7	0.462	0.816	0.733	0.566	0.657	0.489	0.818	0.639	0.707	0.57	0.736	0.671	0.761	0.712	0.843	0.834	0.478	0.645	0.0	0.77	0.786	0.71	0.598	0.865	0.758	0.752	0.928	0.834	0.803	0.896	0.809	0.702	0.905	0.828	0.828	0.878	0.852	0.863	0.92	0.96	0.948	0.835	0.987	0.932	0.925	0.48	0.369	0.462	0.557	0.533	0.377	0.57	0.535	0.681	0.649	0.578	0.518	0.728	0.62	0.424	0.777	0.664	0.536	0.728	0.729	0.681	0.715
MPP3KO_MA1616.1 MPP3KO_Cl3	0.792	0.577	0.786	0.751	0.779	0.856	0.662	0.756	0.6	0.649	0.519	0.523	0.516	0.815	0.737	0.779	0.771	0.608	0.77	0.0	0.713	0.483	0.534	0.576	0.507	0.562	0.683	0.513	0.667	0.661	0.647	0.779	0.76	0.732	0.526	0.587	0.663	0.578	0.698	0.735	0.659	0.742	0.717	0.747	0.686	0.881	0.749	0.792	0.817	0.848	0.648	0.659	0.768	0.693	0.591	0.689	0.656	0.54	0.68	0.746	0.703	0.646	0.719	0.685	0.494	0.675	0.798
MPP3KO_MA0600.2 MPP3KO_Cl19	0.796	0.82	0.716	0.751	0.695	0.78	0.64	0.789	0.709	0.803	0.824	0.849	0.564	0.775	0.748	0.912	0.799	0.601	0.786	0.713	0.0	0.692	0.746	0.84	0.843	0.772	0.586	0.82	0.643	0.785	0.772	0.742	0.836	0.756	0.768	0.768	0.781	0.838	0.812	0.837	0.826	0.841	0.762	0.89	0.847	0.724	0.795	0.796	0.743	0.76	0.667	0.646	0.686	0.603	0.677	0.768	0.708	0.574	0.683	0.609	0.054	0.717	0.686	0.707	0.741	0.659	0.746
MPP3KO_Cluster_2 MPP3KO_Cl2	0.604	0.689	0.665	0.567	0.644	0.696	0.872	0.697	0.515	0.578	0.536	0.704	0.546	0.617	0.686	0.808	0.701	0.607	0.71	0.483	0.692	0.0	0.513	0.58	0.62	0.56	0.788	0.673	0.695	0.816	0.656	0.696	0.671	0.676	0.583	0.733	0.779	0.572	0.834	0.961	0.836	0.758	0.843	0.882	0.839	0.661	0.705	0.604	0.726	0.494	0.648	0.584	0.681	0.7	0.693	0.658	0.686	0.581	0.635	0.66	0.66	0.576	0.712	0.613	0.49	0.68	0.723
MPP3KO_Cluster_4 MPP3KO_Cl4	0.649	0.642	0.665	0.612	0.718	0.595	0.77	0.477	0.674	0.557	0.673	0.623	0.362	0.597	0.69	0.768	0.664	0.703	0.598	0.534	0.746	0.513	0.0	0.705	0.674	0.536	0.668	0.544	0.418	0.727	0.482	0.675	0.733	0.705	0.676	0.704	0.656	0.678	0.735	0.767	0.716	0.749	0.804	0.77	0.638	0.6	0.753	0.649	0.661	0.638	0.719	0.652	0.604	0.693	0.621	0.583	0.717	0.36	0.708	0.571	0.727	0.643	0.623	0.784	0.615	0.688	0.641
MPP3WT_Cluster_14 MPP3WT_Cl14	0.98	0.391	0.72	0.783	0.736	0.913	0.721	0.739	0.797	0.913	0.781	0.436	0.776	0.543	0.695	0.419	0.956	0.791	0.865	0.576	0.84	0.58	0.705	0.0	0.223	0.27	0.689	0.661	0.635	0.657	0.746	0.545	0.547	0.339	0.665	0.394	0.461	0.008	0.544	0.562	0.491	0.47	0.658	0.519	0.611	0.927	0.956	0.98	0.865	0.92	0.931	0.759	0.936	0.639	0.726	0.907	0.936	0.807	0.817	0.825	0.815	0.766	0.896	0.713	0.78	0.78	0.524
MPP3WT_Cluster_13 MPP3WT_Cl13	0.662	0.62	0.72	0.711	0.701	0.82	0.63	0.689	0.664	0.799	0.807	0.187	0.686	0.731	0.717	0.541	0.767	0.769	0.758	0.507	0.843	0.62	0.674	0.223	0.0	0.247	0.792	0.659	0.663	0.819	0.789	0.591	0.604	0.618	0.762	0.398	0.733	0.253	0.63	0.768	0.704	0.618	0.813	0.679	0.838	0.836	0.91	0.662	0.869	0.772	0.744	0.668	0.754	0.656	0.463	0.807	0.822	0.714	0.746	0.62	0.817	0.651	0.79	0.752	0.699	0.795	0.69
MPP3WT_Cluster_12 MPP3WT_Cl12	0.718	0.278	0.513	0.718	0.673	0.766	0.61	0.593	0.757	0.857	0.843	0.258	0.685	0.51	0.702	0.512	0.756	0.547	0.752	0.562	0.772	0.56	0.536	0.27	0.247	0.0	0.717	0.714	0.626	0.749	0.75	0.686	0.659	0.447	0.695	0.733	0.672	0.25	0.676	0.571	0.61	0.272	0.86	0.597	0.837	0.746	0.902	0.718	0.691	0.693	0.714	0.581	0.701	0.65	0.518	0.685	0.859	0.721	0.732	0.558	0.755	0.821	0.697	0.722	0.859	0.77	0.68
MPP3WT_Cluster_8 MPP3WT_Cl8	0.966	0.84	0.834	0.814	0.846	0.856	0.759	0.681	0.85	0.606	0.832	0.911	0.589	0.619	0.779	0.77	0.877	0.751	0.928	0.683	0.586	0.788	0.668	0.689	0.792	0.717	0.0	0.639	0.607	0.588	0.614	0.827	0.807	0.719	0.499	0.789	0.667	0.673	0.586	0.68	0.676	0.794	0.365	0.693	0.564	0.831	0.939	0.966	0.877	0.991	0.884	0.82	0.857	0.81	0.555	0.872	0.875	0.57	0.755	0.925	0.578	0.66	0.844	0.684	0.821	0.67	0.811
MPP3WT_Cluster_1 MPP3WT_Cl1	0.838	0.624	0.63	0.794	0.707	0.772	0.752	0.699	0.714	0.668	0.431	0.626	0.409	0.51	0.78	0.658	0.795	0.705	0.834	0.513	0.82	0.673	0.544	0.661	0.659	0.714	0.639	0.0	0.727	0.559	0.745	0.737	0.643	0.641	0.721	0.544	0.268	0.636	0.628	0.697	0.557	0.751	0.719	0.742	0.427	0.778	0.915	0.838	0.642	0.762	0.714	0.709	0.819	0.664	0.656	0.879	0.747	0.414	0.598	0.772	0.751	0.69	0.771	0.352	0.413	0.699	0.511
MPP3WT_MA0739.1 MPP3WT_Cl7	0.859	0.65	0.622	0.588	0.626	0.795	0.523	0.702	0.739	0.62	0.887	0.694	0.555	0.636	0.485	0.547	0.796	0.748	0.803	0.667	0.643	0.695	0.418	0.635	0.663	0.626	0.607	0.727	0.0	0.652	0.639	0.531	0.556	0.502	0.657	0.644	0.658	0.612	0.567	0.488	0.553	0.566	0.61	0.561	0.571	0.743	0.895	0.859	0.702	0.883	0.727	0.73	0.718	0.586	0.694	0.729	0.863	0.585	0.658	0.642	0.653	0.657	0.789	0.821	0.874	0.836	0.594
MPP3WT_MA0599.1 MPP3WT_Cl4	0.952	0.572	0.709	0.768	0.746	0.846	0.501	0.674	0.63	0.576	0.677	0.821	0.546	0.61	0.65	0.773	0.913	0.517	0.896	0.661	0.785	0.816	0.727	0.657	0.819	0.749	0.588	0.559	0.652	0.0	0.589	0.573	0.644	0.396	0.726	0.757	0.514	0.634	0.363	0.358	0.079	0.599	0.662	0.605	0.307	0.827	0.889	0.952	0.76	0.932	0.837	0.888	0.889	0.797	0.684	0.861	0.907	0.557	0.709	0.904	0.747	0.709	0.918	0.682	0.702	0.803	0.668
MPP3WT_MA0503.1 MPP3WT_Cl9	0.828	0.673	0.71	0.754	0.711	0.684	0.734	0.573	0.636	0.732	0.767	0.832	0.673	0.233	0.706	0.794	0.673	0.67	0.809	0.647	0.772	0.656	0.482	0.746	0.789	0.75	0.614	0.745	0.639	0.589	0.0	0.439	0.608	0.537	0.525	0.627	0.68	0.754	0.709	0.622	0.571	0.742	0.713	0.665	0.549	0.67	0.73	0.828	0.403	0.769	0.633	0.731	0.761	0.709	0.664	0.664	0.796	0.666	0.721	0.722	0.791	0.657	0.674	0.844	0.74	0.533	0.68
MPP3WT_Cluster_5 MPP3WT_Cl5	0.749	0.699	0.528	0.712	0.574	0.703	0.629	0.672	0.523	0.678	0.614	0.669	0.684	0.522	0.604	0.629	0.57	0.412	0.702	0.779	0.742	0.696	0.675	0.545	0.591	0.686	0.827	0.737	0.531	0.573	0.439	0.0	0.419	0.521	0.691	0.531	0.548	0.545	0.705	0.678	0.659	0.706	0.84	0.738	0.75	0.573	0.775	0.749	0.57	0.759	0.62	0.679	0.788	0.632	0.738	0.689	0.852	0.715	0.547	0.709	0.703	0.791	0.686	0.817	0.614	0.665	0.763
MPP3WT_MA0513.1 MPP3WT_Cl6	0.855	0.65	0.731	0.725	0.79	0.801	0.683	0.852	0.738	0.822	0.679	0.736	0.768	0.649	0.72	0.662	0.839	0.694	0.905	0.76	0.836	0.671	0.733	0.547	0.604	0.659	0.807	0.643	0.556	0.644	0.608	0.419	0.0	0.4	0.611	0.589	0.579	0.555	0.679	0.575	0.663	0.613	0.634	0.6	0.63	0.871	0.945	0.855	0.811	0.86	0.901	0.81	0.861	0.679	0.753	0.872	0.935	0.779	0.68	0.801	0.761	0.657	0.757	0.752	0.654	0.648	0.761
MPP3WT_Cluster_3 MPP3WT_Cl3	0.892	0.388	0.532	0.67	0.681	0.861	0.488	0.581	0.724	0.728	0.786	0.695	0.686	0.422	0.506	0.606	0.863	0.638	0.828	0.732	0.756	0.676	0.705	0.339	0.618	0.447	0.719	0.641	0.502	0.396	0.537	0.521	0.4	0.0	0.709	0.518	0.412	0.319	0.607	0.456	0.319	0.478	0.632	0.525	0.611	0.881	0.94	0.892	0.589	0.921	0.884	0.648	0.853	0.624	0.697	0.844	0.924	0.712	0.675	0.807	0.709	0.828	0.686	0.754	0.844	0.802	0.605
MPP3WT_MA1581.1 MPP3WT_Cl10	0.89	0.709	0.738	0.606	0.792	0.77	0.688	0.776	0.738	0.641	0.819	0.765	0.643	0.597	0.639	0.628	0.654	0.643	0.828	0.526	0.768	0.583	0.676	0.665	0.762	0.695	0.499	0.721	0.657	0.726	0.525	0.691	0.611	0.709	0.0	0.602	0.66	0.654	0.707	0.679	0.735	0.593	0.442	0.648	0.661	0.76	0.856	0.89	0.726	0.886	0.843	0.856	0.775	0.858	0.775	0.674	0.89	0.71	0.601	0.823	0.744	0.417	0.696	0.803	0.771	0.543	0.785
MPP3WT_Cluster_11 MPP3WT_Cl11	0.862	0.713	0.788	0.791	0.722	0.803	0.677	0.617	0.524	0.735	0.601	0.685	0.743	0.748	0.769	0.68	0.745	0.76	0.878	0.587	0.768	0.733	0.704	0.394	0.398	0.733	0.789	0.544	0.644	0.757	0.627	0.531	0.589	0.518	0.602	0.0	0.747	0.452	0.659	0.764	0.634	0.777	0.745	0.636	0.708	0.822	0.908	0.862	0.846	0.872	0.861	0.638	0.764	0.699	0.763	0.796	0.742	0.77	0.741	0.676	0.702	0.655	0.643	0.68	0.513	0.585	0.492
MPP3WT_MA1652.1 MPP3WT_Cl2	0.847	0.57	0.661	0.767	0.617	0.689	0.577	0.747	0.612	0.701	0.456	0.849	0.571	0.498	0.58	0.692	0.693	0.641	0.852	0.663	0.781	0.779	0.656	0.461	0.733	0.672	0.667	0.268	0.658	0.514	0.68	0.548	0.579	0.412	0.66	0.747	0.0	0.432	0.531	0.591	0.525	0.661	0.733	0.7	0.455	0.72	0.927	0.847	0.67	0.775	0.832	0.797	0.824	0.707	0.739	0.812	0.851	0.551	0.475	0.739	0.753	0.75	0.779	0.6	0.499	0.713	0.541
MPP4KO_Cluster_1 MPP4KO_Cl1	0.969	0.356	0.688	0.756	0.731	0.915	0.697	0.74	0.795	0.896	0.788	0.434	0.759	0.513	0.665	0.407	0.944	0.779	0.863	0.578	0.838	0.572	0.678	0.008	0.253	0.25	0.673	0.636	0.612	0.634	0.754	0.545	0.555	0.319	0.654	0.452	0.432	0.0	0.533	0.53	0.466	0.431	0.654	0.515	0.589	0.936	0.955	0.969	0.83	0.916	0.931	0.764	0.912	0.625	0.718	0.89	0.945	0.795	0.803	0.814	0.809	0.805	0.88	0.728	0.767	0.782	0.495
MPP4KO_Cluster_5 MPP4KO_Cl5	0.971	0.63	0.763	0.866	0.88	0.91	0.488	0.862	0.865	0.808	0.833	0.72	0.766	0.752	0.663	0.541	1.0	0.63	0.92	0.698	0.812	0.834	0.735	0.544	0.63	0.676	0.586	0.628	0.567	0.363	0.709	0.705	0.679	0.607	0.707	0.659	0.531	0.533	0.0	0.398	0.317	0.564	0.67	0.476	0.383	0.863	0.957	0.971	0.948	1.0	0.921	0.884	0.96	0.787	0.761	0.932	0.966	0.783	0.835	0.916	0.799	0.806	0.847	0.677	0.841	0.795	0.602
MPP4KO_Cluster_6 MPP4KO_Cl6	1.0	0.455	0.629	0.918	0.852	0.954	0.555	0.693	0.814	0.752	0.952	0.749	0.806	0.618	0.676	0.456	1.0	0.717	0.96	0.735	0.837	0.961	0.767	0.562	0.768	0.571	0.68	0.697	0.488	0.358	0.622	0.678	0.575	0.456	0.679	0.764	0.591	0.53	0.398	0.0	0.291	0.46	0.6	0.264	0.413	1.0	0.96	1.0	0.881	1.0	0.974	0.877	0.866	0.852	0.764	0.963	1.0	0.809	0.917	0.937	0.767	0.776	0.893	0.855	0.976	0.926	0.568
MPP4KO_Cluster_7 MPP4KO_Cl7	0.951	0.492	0.724	0.755	0.713	0.868	0.496	0.607	0.7	0.665	0.845	0.654	0.642	0.627	0.629	0.661	0.944	0.581	0.948	0.659	0.826	0.836	0.716	0.491	0.704	0.61	0.676	0.557	0.553	0.079	0.571	0.659	0.663	0.319	0.735	0.634	0.525	0.466	0.317	0.291	0.0	0.553	0.655	0.508	0.332	0.856	0.93	0.951	0.756	0.947	0.857	0.79	0.909	0.84	0.719	0.911	0.972	0.661	0.804	0.934	0.799	0.765	0.885	0.751	0.877	0.833	0.638
MPP4KO_MA0632.2 MPP4KO_Cl2	0.908	0.233	0.406	0.742	0.743	0.901	0.694	0.763	0.796	0.889	0.838	0.527	0.71	0.612	0.644	0.46	0.939	0.525	0.835	0.742	0.841	0.758	0.749	0.47	0.618	0.272	0.794	0.751	0.566	0.599	0.742	0.706	0.613	0.478	0.593	0.777	0.661	0.431	0.564	0.46	0.553	0.0	0.759	0.481	0.666	0.894	0.978	0.908	0.723	0.863	0.936	0.833	0.85	0.745	0.83	0.751	0.981	0.754	0.773	0.759	0.809	0.84	0.871	0.869	0.875	0.893	0.736
MPP4KO_Cluster_4 MPP4KO_Cl4	1.0	0.784	0.846	0.969	0.909	0.988	0.694	0.915	0.859	0.784	0.932	0.805	0.813	0.781	0.692	0.697	0.95	0.877	0.987	0.717	0.762	0.843	0.804	0.658	0.813	0.86	0.365	0.719	0.61	0.662	0.713	0.84	0.634	0.632	0.442	0.745	0.733	0.654	0.67	0.6	0.655	0.759	0.0	0.615	0.671	0.956	0.961	1.0	0.877	1.0	0.931	0.909	0.915	0.891	0.866	0.946	0.996	0.83	0.747	0.917	0.721	0.709	0.948	0.833	0.916	0.794	0.809
MPP4KO_MA1650.1 MPP4KO_Cl3	1.0	0.528	0.677	0.87	0.904	1.0	0.594	0.867	0.804	0.928	0.927	0.75	0.805	0.736	0.654	0.386	0.993	0.799	0.932	0.747	0.89	0.882	0.77	0.519	0.679	0.597	0.693	0.742	0.561	0.605	0.665	0.738	0.6	0.525	0.648	0.636	0.7	0.515	0.476	0.264	0.508	0.481	0.615	0.0	0.564	0.992	0.95	1.0	0.872	1.0	0.987	0.927	0.95	0.818	0.813	0.931	1.0	0.868	0.923	0.892	0.801	0.843	0.768	0.891	0.879	0.911	0.647
MPP4KO_MA0528.2 MPP4KO_Cl8	0.974	0.76	0.711	0.79	0.676	0.803	0.526	0.729	0.875	0.512	0.775	0.744	0.617	0.67	0.74	0.665	0.882	0.812	0.925	0.686	0.847	0.839	0.638	0.611	0.838	0.837	0.564	0.427	0.571	0.307	0.549	0.75	0.63	0.611	0.661	0.708	0.455	0.589	0.383	0.413	0.332	0.666	0.671	0.564	0.0	0.847	0.95	0.974	0.949	0.971	0.911	0.916	0.937	0.825	0.784	0.969	0.979	0.656	0.813	0.877	0.861	0.656	0.828	0.59	0.752	0.839	0.562
MPP4WT_Cluster_7 MPP4KO_Cl7	0.453	0.928	0.633	0.539	0.556	0.107	0.742	0.591	0.46	0.453	0.665	0.811	0.694	0.425	0.79	0.921	0.443	0.662	0.48	0.881	0.724	0.661	0.6	0.927	0.836	0.746	0.831	0.778	0.743	0.827	0.67	0.573	0.871	0.881	0.76	0.822	0.72	0.936	0.863	1.0	0.856	0.894	0.956	0.992	0.847	0.0	0.402	0.453	0.324	0.367	0.337	0.56	0.553	0.592	0.626	0.616	0.509	0.68	0.63	0.453	0.747	0.685	0.521	0.658	0.654	0.614	0.699
MPP4WT_Cluster_21 MPP4WT_Cl21	0.405	0.955	0.858	0.7	0.784	0.366	0.796	0.64	0.698	0.418	0.703	0.884	0.776	0.657	0.935	0.956	0.484	0.782	0.369	0.749	0.795	0.705	0.753	0.956	0.91	0.902	0.939	0.915	0.895	0.889	0.73	0.775	0.945	0.94	0.856	0.908	0.927	0.955	0.957	0.96	0.93	0.978	0.961	0.95	0.95	0.402	0.0	0.405	0.358	0.488	0.314	0.616	0.525	0.611	0.608	0.539	0.337	0.673	0.646	0.476	0.834	0.534	0.502	0.696	0.698	0.547	0.789
MPP4WT_MA0602.1 MPP4WT_Cl22	0.0	0.975	0.751	0.584	0.724	0.452	0.8	0.678	0.595	0.523	0.618	0.579	0.699	0.723	0.768	0.93	0.467	0.732	0.462	0.792	0.796	0.604	0.649	0.98	0.662	0.718	0.966	0.838	0.859	0.952	0.828	0.749	0.855	0.892	0.89	0.862	0.847	0.969	0.971	1.0	0.951	0.908	1.0	1.0	0.974	0.453	0.405	0.0	0.466	0.542	0.465	0.505	0.544	0.714	0.59	0.592	0.43	0.645	0.593	0.564	0.773	0.629	0.483	0.691	0.636	0.664	0.707
MPP4WT_Cluster_6 MPP4WT_Cl6	0.466	0.689	0.678	0.655	0.752	0.359	0.723	0.622	0.59	0.491	0.604	0.773	0.662	0.277	0.829	0.867	0.467	0.622	0.557	0.817	0.743	0.726	0.661	0.865	0.869	0.691	0.877	0.642	0.702	0.76	0.403	0.57	0.811	0.589	0.726	0.846	0.67	0.83	0.948	0.881	0.756	0.723	0.877	0.872	0.949	0.324	0.358	0.466	0.0	0.494	0.455	0.53	0.58	0.517	0.586	0.51	0.478	0.637	0.544	0.543	0.721	0.546	0.65	0.723	0.658	0.569	0.709
MPP4WT_Cluster_5 MPP4WT_Cl5	0.542	0.915	0.757	0.555	0.566	0.444	0.912	0.656	0.558	0.5	0.665	0.816	0.671	0.649	0.762	1.0	0.468	0.698	0.533	0.848	0.76	0.494	0.638	0.92	0.772	0.693	0.991	0.762	0.883	0.932	0.769	0.759	0.86	0.921	0.886	0.872	0.775	0.916	1.0	1.0	0.947	0.863	1.0	1.0	0.971	0.367	0.488	0.542	0.494	0.0	0.418	0.591	0.447	0.736	0.746	0.489	0.527	0.653	0.554	0.485	0.763	0.61	0.624	0.723	0.683	0.553	0.819
MPP4WT_Cluster_20 MPP4WT_Cl20	0.465	0.921	0.741	0.569	0.671	0.47	0.761	0.468	0.549	0.548	0.639	0.7	0.666	0.596	0.656	0.928	0.353	0.574	0.377	0.648	0.667	0.648	0.719	0.931	0.744	0.714	0.884	0.714	0.727	0.837	0.633	0.62	0.901	0.884	0.843	0.861	0.832	0.931	0.921	0.974	0.857	0.936	0.931	0.987	0.911	0.337	0.314	0.465	0.455	0.418	0.0	0.461	0.486	0.582	0.661	0.534	0.381	0.631	0.618	0.594	0.701	0.694	0.462	0.742	0.622	0.481	0.768
MPP4WT_Cluster_13 MPP4WT_Cl13	0.505	0.711	0.644	0.608	0.726	0.458	0.842	0.303	0.629	0.593	0.602	0.659	0.564	0.654	0.722	0.822	0.391	0.693	0.57	0.659	0.646	0.584	0.652	0.759	0.668	0.581	0.82	0.709	0.73	0.888	0.731	0.679	0.81	0.648	0.856	0.638	0.797	0.764	0.884	0.877	0.79	0.833	0.909	0.927	0.916	0.56	0.616	0.505	0.53	0.591	0.461	0.0	0.355	0.337	0.588	0.526	0.466	0.569	0.488	0.47	0.653	0.765	0.45	0.627	0.518	0.709	0.701
MPP4WT_MA0041.1 MPP4WT_Cl14	0.544	0.762	0.678	0.634	0.713	0.584	0.852	0.46	0.725	0.654	0.605	0.707	0.65	0.732	0.873	0.92	0.396	0.69	0.535	0.768	0.686	0.681	0.604	0.936	0.754	0.701	0.857	0.819	0.718	0.889	0.761	0.788	0.861	0.853	0.775	0.764	0.824	0.912	0.96	0.866	0.909	0.85	0.915	0.95	0.937	0.553	0.525	0.544	0.58	0.447	0.486	0.355	0.0	0.412	0.62	0.609	0.459	0.639	0.472	0.502	0.705	0.651	0.483	0.736	0.607	0.616	0.717
MPP4WT_MA0850.1 MPP4WT_Cl15	0.714	0.728	0.671	0.643	0.76	0.593	0.839	0.608	0.749	0.636	0.652	0.719	0.628	0.653	0.798	0.698	0.596	0.755	0.681	0.693	0.603	0.7	0.693	0.639	0.656	0.65	0.81	0.664	0.586	0.797	0.709	0.632	0.679	0.624	0.858	0.699	0.707	0.625	0.787	0.852	0.84	0.745	0.891	0.818	0.825	0.592	0.611	0.714	0.517	0.736	0.582	0.337	0.412	0.0	0.628	0.711	0.547	0.599	0.635	0.522	0.581	0.728	0.621	0.546	0.618	0.718	0.641
MPP4WT_MA0109.1 MPP4WT_Cl10	0.59	0.616	0.781	0.73	0.75	0.461	0.555	0.577	0.677	0.686	0.747	0.534	0.577	0.438	0.673	0.865	0.633	0.622	0.649	0.591	0.677	0.693	0.621	0.726	0.463	0.518	0.555	0.656	0.694	0.684	0.664	0.738	0.753	0.697	0.775	0.763	0.739	0.718	0.761	0.764	0.719	0.83	0.866	0.813	0.784	0.626	0.608	0.59	0.586	0.746	0.661	0.588	0.62	0.628	0.0	0.735	0.602	0.579	0.572	0.593	0.685	0.613	0.586	0.682	0.722	0.44	0.61
MPP4WT_MA0619.1 MPP4WT_Cl19	0.592	0.783	0.748	0.565	0.757	0.69	0.851	0.627	0.612	0.622	0.627	0.819	0.544	0.546	0.488	0.776	0.551	0.694	0.578	0.689	0.768	0.658	0.583	0.907	0.807	0.685	0.872	0.879	0.729	0.861	0.664	0.689	0.872	0.844	0.674	0.796	0.812	0.89	0.932	0.963	0.911	0.751	0.946	0.931	0.969	0.616	0.539	0.592	0.51	0.489	0.534	0.526	0.609	0.711	0.735	0.0	0.58	0.541	0.486	0.384	0.788	0.689	0.564	0.72	0.673	0.414	0.871
MPP4WT_Cluster_11 MPP4WT_Cl11	0.43	0.935	0.892	0.722	0.864	0.505	0.869	0.582	0.685	0.622	0.471	0.76	0.572	0.646	0.874	0.995	0.544	0.737	0.518	0.656	0.708	0.686	0.717	0.936	0.822	0.859	0.875	0.747	0.863	0.907	0.796	0.852	0.935	0.924	0.89	0.742	0.851	0.945	0.966	1.0	0.972	0.981	0.996	1.0	0.979	0.509	0.337	0.43	0.478	0.527	0.381	0.466	0.459	0.547	0.602	0.58	0.0	0.494	0.633	0.555	0.724	0.672	0.421	0.64	0.472	0.519	0.722
MPP4WT_Cluster_4 MPP4WT_Cl4	0.645	0.803	0.718	0.623	0.789	0.584	0.697	0.603	0.723	0.579	0.48	0.782	0.019	0.704	0.813	0.893	0.726	0.64	0.728	0.54	0.574	0.581	0.36	0.807	0.714	0.721	0.57	0.414	0.585	0.557	0.666	0.715	0.779	0.712	0.71	0.77	0.551	0.795	0.783	0.809	0.661	0.754	0.83	0.868	0.656	0.68	0.673	0.645	0.637	0.653	0.631	0.569	0.639	0.599	0.579	0.541	0.494	0.0	0.69	0.48	0.532	0.587	0.654	0.561	0.447	0.623	0.708
MPP4WT_MA0676.1 MPP4WT_Cl8	0.593	0.759	0.519	0.646	0.57	0.674	0.697	0.545	0.495	0.529	0.585	0.772	0.734	0.638	0.5	0.906	0.355	0.475	0.62	0.68	0.683	0.635	0.708	0.817	0.746	0.732	0.755	0.598	0.658	0.709	0.721	0.547	0.68	0.675	0.601	0.741	0.475	0.803	0.835	0.917	0.804	0.773	0.747	0.923	0.813	0.63	0.646	0.593	0.544	0.554	0.618	0.488	0.472	0.635	0.572	0.486	0.633	0.69	0.0	0.632	0.65	0.454	0.591	0.71	0.636	0.531	0.766
MPP4WT_Cluster_18 MPP4WT_Cl18	0.564	0.743	0.61	0.486	0.625	0.448	0.849	0.634	0.643	0.563	0.711	0.499	0.485	0.721	0.775	0.805	0.598	0.59	0.424	0.746	0.609	0.66	0.571	0.825	0.62	0.558	0.925	0.772	0.642	0.904	0.722	0.709	0.801	0.807	0.823	0.676	0.739	0.814	0.916	0.937	0.934	0.759	0.917	0.892	0.877	0.453	0.476	0.564	0.543	0.485	0.594	0.47	0.502	0.522	0.593	0.384	0.555	0.48	0.632	0.0	0.664	0.64	0.653	0.747	0.671	0.589	0.687
MPP4WT_Cluster_3 MPP4WT_Cl3	0.773	0.792	0.677	0.738	0.729	0.805	0.633	0.776	0.75	0.819	0.777	0.838	0.522	0.777	0.747	0.838	0.742	0.575	0.777	0.703	0.054	0.66	0.727	0.815	0.817	0.755	0.578	0.751	0.653	0.747	0.791	0.703	0.761	0.709	0.744	0.702	0.753	0.809	0.799	0.767	0.799	0.809	0.721	0.801	0.861	0.747	0.834	0.773	0.721	0.763	0.701	0.653	0.705	0.581	0.685	0.788	0.724	0.532	0.65	0.664	0.0	0.627	0.689	0.758	0.691	0.67	0.726
MPP4WT_MA0719.1 MPP4WT_Cl9	0.629	0.849	0.794	0.725	0.574	0.648	0.745	0.614	0.614	0.188	0.793	0.747	0.561	0.711	0.734	0.856	0.573	0.766	0.664	0.646	0.717	0.576	0.643	0.766	0.651	0.821	0.66	0.69	0.657	0.709	0.657	0.791	0.657	0.828	0.417	0.655	0.75	0.805	0.806	0.776	0.765	0.84	0.709	0.843	0.656	0.685	0.534	0.629	0.546	0.61	0.694	0.765	0.651	0.728	0.613	0.689	0.672	0.587	0.454	0.64	0.627	0.0	0.699	0.835	0.8	0.587	0.762
MPP4WT_Cluster_17 MPP4WT_Cl17	0.483	0.829	0.708	0.624	0.76	0.539	0.737	0.588	0.606	0.621	0.675	0.739	0.651	0.622	0.773	0.981	0.348	0.543	0.536	0.719	0.686	0.712	0.623	0.896	0.79	0.697	0.844	0.771	0.789	0.918	0.674	0.686	0.757	0.686	0.696	0.643	0.779	0.88	0.847	0.893	0.885	0.871	0.948	0.768	0.828	0.521	0.502	0.483	0.65	0.624	0.462	0.45	0.483	0.621	0.586	0.564	0.421	0.654	0.591	0.653	0.689	0.699	0.0	0.629	0.589	0.355	0.623
MPP4WT_MA0687.1 MPP4WT_Cl1	0.691	0.803	0.626	0.625	0.572	0.635	0.759	0.754	0.714	0.759	0.495	0.748	0.594	0.76	0.6	0.822	0.746	0.743	0.728	0.685	0.707	0.613	0.784	0.713	0.752	0.722	0.684	0.352	0.821	0.682	0.844	0.817	0.752	0.754	0.803	0.68	0.6	0.728	0.677	0.855	0.751	0.869	0.833	0.891	0.59	0.658	0.696	0.691	0.723	0.723	0.742	0.627	0.736	0.546	0.682	0.72	0.64	0.561	0.71	0.747	0.758	0.835	0.629	0.0	0.482	0.663	0.551
MPP4WT_MA1623.1 MPP4WT_Cl12	0.636	0.84	0.866	0.701	0.809	0.72	0.911	0.623	0.617	0.726	0.07	0.818	0.446	0.693	0.745	0.907	0.673	0.701	0.729	0.494	0.741	0.49	0.615	0.78	0.699	0.859	0.821	0.413	0.874	0.702	0.74	0.614	0.654	0.844	0.771	0.513	0.499	0.767	0.841	0.976	0.877	0.875	0.916	0.879	0.752	0.654	0.698	0.636	0.658	0.683	0.622	0.518	0.607	0.618	0.722	0.673	0.472	0.447	0.636	0.671	0.691	0.8	0.589	0.482	0.0	0.565	0.678
MPP4WT_Cluster_16 MPP4WT_Cl16	0.664	0.818	0.67	0.625	0.697	0.608	0.778	0.669	0.484	0.573	0.553	0.851	0.652	0.619	0.681	0.882	0.437	0.616	0.681	0.675	0.659	0.68	0.688	0.78	0.795	0.77	0.67	0.699	0.836	0.803	0.533	0.665	0.648	0.802	0.543	0.585	0.713	0.782	0.795	0.926	0.833	0.893	0.794	0.911	0.839	0.614	0.547	0.664	0.569	0.553	0.481	0.709	0.616	0.718	0.44	0.414	0.519	0.623	0.531	0.589	0.67	0.587	0.355	0.663	0.565	0.0	0.719
MPP4WT_MA1585.1 MPP4WT_Cl2	0.707	0.644	0.606	0.761	0.666	0.709	0.69	0.759	0.804	0.605	0.737	0.59	0.714	0.576	0.67	0.657	0.721	0.833	0.715	0.798	0.746	0.723	0.641	0.524	0.69	0.68	0.811	0.511	0.594	0.668	0.68	0.763	0.761	0.605	0.785	0.492	0.541	0.495	0.602	0.568	0.638	0.736	0.809	0.647	0.562	0.699	0.789	0.707	0.709	0.819	0.768	0.701	0.717	0.641	0.61	0.871	0.722	0.708	0.766	0.687	0.726	0.762	0.623	0.551	0.678	0.719	0.0
