<!DOCTYPE HTML>
<html>
  <head>
    <meta charset="UTF-8">
    <title>AME results</title>
    <script type="text/javascript">
      //@JSON_VAR data
      var data = {
        "version": "5.1.1",
        "revision": "1ec0cac75da38ade3bb84e84d35520ca52977940",
        "release": "Wed Jan 29 15:00:42 2020 -0800",
        "program": "AME",
        "cmd": [
          "ame", "--o", "../../data/ATAC_mpp3vmpp4/output/ame_MPP3",
          "--control", "../../data/ATAC_mpp3vmpp4/output/MPP4.fna",
          "../../data/ATAC_mpp3vmpp4/output/MPP3.fna",
          "../../LFS/genomeData/JASPAR_motifs.meme"
        ],
        "options": {
          "scoring": "avg_odds",
          "positive_list": "FASTA",
          "pvalue_method": "Fisher's exact test",
          "pseudocount": 0.1,
          "fisher_fasta_threshold": 0.001,
          "hit_lo_fraction": 0.25,
          "evalue_report_threshold": 10,
          "noseq": false,
          "log_fscores": false,
          "log_pwmscores": false,
          "linreg_switchxy": true,
          "fix_partition": true,
          "partition": "number of primary sequences",
          "kmer": 2
        },
        "motif_dbs": [
          {
            "source": "../../LFS/genomeData/JASPAR_motifs.meme",
            "count": 746
          }
        ],
        "alphabet": {
          "name": "DNA",
          "like": "dna",
          "ncore": 4,
          "symbols": [
            {
              "symbol": "A",
              "name": "Adenine",
              "colour": "CC0000",
              "complement": "T"
            }, {
              "symbol": "C",
              "name": "Cytosine",
              "colour": "0000CC",
              "complement": "G"
            }, {
              "symbol": "G",
              "name": "Guanine",
              "colour": "FFB300",
              "complement": "C"
            }, {
              "symbol": "T",
              "aliases": "U",
              "name": "Thymine",
              "colour": "008000",
              "complement": "A"
            }, {
              "symbol": "N",
              "aliases": "X.",
              "name": "Any base",
              "equals": "ACGT"
            }, {
              "symbol": "V",
              "name": "Not T",
              "equals": "ACG"
            }, {
              "symbol": "H",
              "name": "Not G",
              "equals": "ACT"
            }, {
              "symbol": "D",
              "name": "Not C",
              "equals": "AGT"
            }, {
              "symbol": "B",
              "name": "Not A",
              "equals": "CGT"
            }, {
              "symbol": "M",
              "name": "Amino",
              "equals": "AC"
            }, {
              "symbol": "R",
              "name": "Purine",
              "equals": "AG"
            }, {
              "symbol": "W",
              "name": "Weak",
              "equals": "AT"
            }, {
              "symbol": "S",
              "name": "Strong",
              "equals": "CG"
            }, {
              "symbol": "Y",
              "name": "Pyrimidine",
              "equals": "CT"
            }, {
              "symbol": "K",
              "name": "Keto",
              "equals": "GT"
            }
          ]
        },
        "background": {
          "source": "--sequences--",
          "file": "../../data/ATAC_mpp3vmpp4/output/MPP3.fna",
          "frequencies": [0.209452, 0.290548, 0.290548, 0.209452]
        },
        "sequence_db": {
          "source": "../../data/ATAC_mpp3vmpp4/output/MPP3.fna",
          "count": 8950,
          "skipped": 0,
          "fasta_scores": false
        },
        "control_db": {
          "source": "../../data/ATAC_mpp3vmpp4/output/MPP4.fna",
          "count": 8069,
          "skipped": 0
        },
        "min_sequence_score": 5.66233e-25,
        "max_sequence_score": 3.35721e+08,
        "max_median_sequence_score": 4.30521,
        "motifs": [
          {
            "db": 0,
            "id": "MA1513.1",
            "alt": "KLF15",
            "len": 11,
            "motif_evalue": 0,
            "motif_nsites": 11369,
            "url": "http://jaspar.genereg.net/matrix/MA1513.1",
            "pwm": [
              [0.104144, 0.255343, 0.487112, 0.1534], 
              [0.0824181, 0.572256, 0.186209, 0.159117], 
              [0.00351981, 0.98812, 0.00756649, 0.000793835], 
              [0.00818177, 0.96226, 0.0292923, 0.00026584], 
              [1.84229e-06, 0.999906, 9.05548e-05, 1.84229e-06], 
              [1.84229e-06, 2.55559e-06, 0.999994, 1.84229e-06], 
              [0.000969834, 0.997883, 0.000178554, 0.000969834], 
              [0.0048398, 0.963491, 0.0315793, 8.98415e-05], 
              [0.00105783, 0.989879, 0.00879848, 0.00026584], 
              [0.137744, 0.551234, 0.170113, 0.14091], 
              [0.093853, 0.440935, 0.274782, 0.19043]
            ],
            "pos": 8950,
            "neg": 8069,
            "tp": 2367,
            "fp": 483,
            "positive_thresh": 8950,
            "true_positive_thresh": 1.0204,
            "number_of_tests": 2850,
            "corrected_pvalue": "4.51e-299",
            "evalue": "3.37e-296"
          }, {
            "db": 0,
            "id": "MA1650.1",
            "alt": "ZBTB14",
            "len": 12,
            "motif_evalue": 0,
            "motif_nsites": 4547,
            "url": "http://jaspar.genereg.net/matrix/MA1650.1",
            "pwm": [
              [0.125359, 0.391245, 0.366833, 0.116562], 
              [0.110185, 0.43369, 0.341983, 0.114143], 
              [0.073678, 0.775225, 0.135037, 0.0160593], 
              [0.00902141, 0.943905, 0.0340936, 0.0129803], 
              [0.0204572, 0.064663, 0.901241, 0.0136393], 
              [0.0149593, 0.896842, 0.0701608, 0.0180382], 
              [0.029034, 0.0670819, 0.889145, 0.0147393], 
              [0.0123203, 0.918834, 0.0574051, 0.0114404], 
              [0.989647, 0.00814321, 0.00220534, 4.60628e-06], 
              [0.0217771, 0.807994, 0.143174, 0.027055], 
              [0.213327, 0.355838, 0.319111, 0.111724], 
              [0.0972095, 0.497026, 0.272487, 0.133277]
            ],
            "pos": 8950,
            "neg": 8069,
            "tp": 1631,
            "fp": 237,
            "positive_thresh": 8950,
            "true_positive_thresh": 1.0228,
            "number_of_tests": 1873,
            "corrected_pvalue": "1.66e-246",
            "evalue": "1.23e-243"
          }, {
            "db": 0,
            "id": "MA1122.1",
            "alt": "TFDP1",
            "len": 11,
            "motif_evalue": 0,
            "motif_nsites": 2007,
            "url": "http://jaspar.genereg.net/matrix/MA1122.1",
            "pwm": [
              [0.204783, 0.244646, 0.38714, 0.16343], 
              [0.131045, 0.340804, 0.468352, 0.0597985], 
              [0.0239252, 0.0353887, 0.927721, 0.0129648], 
              [0.0139607, 0.939679, 0.0109759, 0.0353847], 
              [0.00698609, 0.0269191, 0.962598, 0.00349826], 
              [0.0179465, 0.0398725, 0.929216, 0.0129648], 
              [0.0134628, 0.0159577, 0.95612, 0.0144587], 
              [0.924229, 0.0119719, 0.048841, 0.0149577], 
              [0.819601, 0.0847143, 0.0682721, 0.0274131], 
              [0.231688, 0.32237, 0.322868, 0.123073], 
              [0.189837, 0.300946, 0.322868, 0.186349]
            ],
            "pos": 8950,
            "neg": 8069,
            "tp": 1666,
            "fp": 321,
            "positive_thresh": 8950,
            "true_positive_thresh": 1.01984,
            "number_of_tests": 1996,
            "corrected_pvalue": "1.18e-208",
            "evalue": "8.77e-206"
          }, {
            "db": 0,
            "id": "MA0037.3",
            "alt": "GATA3",
            "len": 8,
            "motif_evalue": 0,
            "motif_nsites": 1000,
            "url": "http://jaspar.genereg.net/matrix/MA0037.3",
            "pwm": [
              [0.501971, 0.226006, 0.00102895, 0.270994], 
              [2.09431e-05, 2.90519e-05, 0.999929, 2.09431e-05], 
              [0.999921, 2.90519e-05, 2.90519e-05, 2.09431e-05], 
              [2.09431e-05, 2.90519e-05, 2.90519e-05, 0.999921], 
              [0.914844, 0.00203085, 2.90519e-05, 0.0830956], 
              [0.861935, 0.0150276, 0.0760215, 0.0470162], 
              [0.11401, 0.300999, 0.475981, 0.10901], 
              [0.422979, 0.18801, 0.320997, 0.0680141]
            ],
            "pos": 8950,
            "neg": 8069,
            "tp": 1803,
            "fp": 393,
            "positive_thresh": 8950,
            "true_positive_thresh": 4.85603,
            "number_of_tests": 4637,
            "corrected_pvalue": "9.00e-206",
            "evalue": "6.71e-203"
          }, {
            "db": 0,
            "id": "MA0766.2",
            "alt": "GATA5",
            "len": 10,
            "motif_evalue": 0,
            "motif_nsites": 15370,
            "url": "http://jaspar.genereg.net/matrix/MA0766.2",
            "pwm": [
              [0.162524, 0.430383, 0.229993, 0.177098], 
              [0.451911, 0.131163, 0.00293187, 0.413994], 
              [1.36273e-06, 1.89034e-06, 0.999995, 1.36273e-06], 
              [0.999995, 1.89034e-06, 1.89034e-06, 1.36273e-06], 
              [1.36273e-06, 1.89034e-06, 1.89034e-06, 0.999995], 
              [0.978912, 1.89034e-06, 1.89034e-06, 0.0210842], 
              [0.974382, 1.89034e-06, 0.0126818, 0.0129343], 
              [0.0131153, 0.46975, 0.480885, 0.0362501], 
              [0.373467, 0.166997, 0.424838, 0.0346991], 
              [0.326587, 0.297957, 0.204582, 0.170875]
            ],
            "pos": 8950,
            "neg": 8069,
            "tp": 2089,
            "fp": 579,
            "positive_thresh": 8950,
            "true_positive_thresh": 2.30451,
            "number_of_tests": 3247,
            "corrected_pvalue": "6.93e-192",
            "evalue": "5.17e-189"
          }, {
            "db": 0,
            "id": "MA0746.2",
            "alt": "SP3",
            "len": 13,
            "motif_evalue": 0,
            "motif_nsites": 6591,
            "url": "http://jaspar.genereg.net/matrix/MA0746.2",
            "pwm": [
              [0.192232, 0.285844, 0.287513, 0.234411], 
              [0.284501, 0.0703993, 0.589283, 0.0558153], 
              [0.0848469, 0.842185, 0.028882, 0.0440865], 
              [0.0228368, 0.940621, 0.00771129, 0.0288307], 
              [0.795418, 0.202605, 0.000307404, 0.00166915], 
              [0.000911164, 0.997265, 4.40818e-06, 0.00181915], 
              [0.0615102, 4.40818e-06, 0.871816, 0.0666692], 
              [3.1778e-06, 0.999989, 4.40818e-06, 3.1778e-06], 
              [3.1778e-06, 0.998625, 4.40818e-06, 0.00136716], 
              [0.000276174, 0.901263, 0.000277404, 0.0981827], 
              [0.477645, 0.440048, 0.00543533, 0.076872], 
              [0.074693, 0.687259, 0.0399018, 0.198146], 
              [0.230011, 0.395689, 0.0795052, 0.294795]
            ],
            "pos": 8950,
            "neg": 8069,
            "tp": 1981,
            "fp": 538,
            "positive_thresh": 8950,
            "true_positive_thresh": 3.35471,
            "number_of_tests": 3992,
            "corrected_pvalue": "2.16e-184",
            "evalue": "1.61e-181"
          }, {
            "db": 0,
            "id": "MA0506.1",
            "alt": "NRF1",
            "len": 11,
            "motif_evalue": 0,
            "motif_nsites": 4624,
            "url": "http://jaspar.genereg.net/matrix/MA0506.1",
            "pwm": [
              [0.130192, 0.0811035, 0.7887, 4.52958e-06], 
              [0.134734, 0.865256, 6.28334e-06, 4.52958e-06], 
              [0.0423916, 0.0408794, 0.916725, 4.52958e-06], 
              [4.52958e-06, 0.8685, 0.101215, 0.0302809], 
              [0.327419, 0.40268, 0.202208, 0.0676931], 
              [4.52958e-06, 0.0871584, 0.114191, 0.798646], 
              [4.52958e-06, 6.28334e-06, 0.999985, 4.52958e-06], 
              [4.52958e-06, 0.938135, 6.28334e-06, 0.0618542], 
              [4.52958e-06, 0.0754807, 0.92451, 4.52958e-06], 
              [0.0160072, 0.983982, 6.28334e-06, 4.52958e-06], 
              [0.485504, 0.173878, 0.340613, 4.52958e-06]
            ],
            "pos": 8950,
            "neg": 8069,
            "tp": 1397,
            "fp": 246,
            "positive_thresh": 8950,
            "true_positive_thresh": 1.02283,
            "number_of_tests": 1643,
            "corrected_pvalue": "2.12e-183",
            "evalue": "1.58e-180"
          }, {
            "db": 0,
            "id": "MA0599.1",
            "alt": "KLF5",
            "len": 10,
            "motif_evalue": 0,
            "motif_nsites": 13611,
            "url": "http://jaspar.genereg.net/matrix/MA0599.1",
            "pwm": [
              [0.10499, 0.148631, 0.556313, 0.190067], 
              [1.53883e-06, 0.874289, 2.13464e-06, 0.125708], 
              [1.53883e-06, 0.882224, 2.13464e-06, 0.117773], 
              [0.255455, 0.703031, 2.13464e-06, 0.0415122], 
              [1.53883e-06, 0.999995, 2.13464e-06, 1.53883e-06], 
              [0.371096, 2.13464e-06, 0.38072, 0.248182], 
              [1.53883e-06, 0.999995, 2.13464e-06, 1.53883e-06], 
              [1.53883e-06, 0.999995, 2.13464e-06, 1.53883e-06], 
              [1.53883e-06, 0.965023, 2.13464e-06, 0.0349733], 
              [0.287634, 0.411064, 2.13464e-06, 0.301299]
            ],
            "pos": 8950,
            "neg": 8069,
            "tp": 2308,
            "fp": 753,
            "positive_thresh": 8950,
            "true_positive_thresh": 9.59751,
            "number_of_tests": 7714,
            "corrected_pvalue": "2.21e-175",
            "evalue": "1.65e-172"
          }, {
            "db": 0,
            "id": "MA1564.1",
            "alt": "SP9",
            "len": 12,
            "motif_evalue": 0,
            "motif_nsites": 2452,
            "url": "http://jaspar.genereg.net/matrix/MA1564.1",
            "pwm": [
              [0.340126, 0.17945, 0.38825, 0.0921748], 
              [0.147245, 0.637603, 0.0803936, 0.134758], 
              [0.101298, 0.77341, 0.0356684, 0.0896229], 
              [0.657087, 0.302145, 0.0150242, 0.0257445], 
              [0.000815509, 0.988677, 0.00686957, 0.00363839], 
              [0.0695277, 0.0659072, 0.807557, 0.0570082], 
              [0.00885418, 0.985497, 1.18489e-05, 0.00563731], 
              [8.54175e-06, 0.98788, 1.18489e-05, 0.0121], 
              [0.013337, 0.83764, 0.00821351, 0.14081], 
              [0.419414, 0.442992, 0.0133823, 0.124211], 
              [0.0664368, 0.658289, 0.0675001, 0.207774], 
              [0.171361, 0.476124, 0.0832395, 0.269276]
            ],
            "pos": 8950,
            "neg": 8069,
            "tp": 1763,
            "fp": 455,
            "positive_thresh": 8950,
            "true_positive_thresh": 5.20081,
            "number_of_tests": 5739,
            "corrected_pvalue": "3.84e-170",
            "evalue": "2.86e-167"
          }, {
            "db": 0,
            "id": "MA1515.1",
            "alt": "KLF2",
            "len": 11,
            "motif_evalue": 0,
            "motif_nsites": 4622,
            "url": "http://jaspar.genereg.net/matrix/MA1515.1",
            "pwm": [
              [0.22804, 0.297707, 0.285591, 0.188663], 
              [0.407596, 0.179119, 0.342967, 0.070318], 
              [0.119441, 0.744993, 0.0797916, 0.0557733], 
              [0.072971, 0.836852, 0.0336826, 0.0564943], 
              [0.566344, 0.27754, 0.129889, 0.026226], 
              [4.53154e-06, 0.983389, 6.28605e-06, 0.0166002], 
              [0.336161, 0.0541231, 0.576727, 0.0329878], 
              [4.53154e-06, 0.984856, 0.0104471, 0.00469243], 
              [0.025842, 0.932969, 0.0393674, 0.00182149], 
              [0.0129843, 0.882216, 0.0200479, 0.0847517], 
              [0.397659, 0.24708, 0.0841675, 0.271094]
            ],
            "pos": 8950,
            "neg": 8069,
            "tp": 2772,
            "fp": 1082,
            "positive_thresh": 8950,
            "true_positive_thresh": 2.622,
            "number_of_tests": 6840,
            "corrected_pvalue": "6.50e-166",
            "evalue": "4.85e-163"
          }, {
            "db": 0,
            "id": "MA0036.3",
            "alt": "GATA2",
            "len": 11,
            "motif_evalue": 0,
            "motif_nsites": 14213,
            "url": "http://jaspar.genereg.net/matrix/MA0036.3",
            "pwm": [
              [0.232393, 0.209527, 0.225216, 0.332863], 
              [0.139731, 0.288398, 0.208683, 0.363188], 
              [0.066138, 0.746286, 0.0860494, 0.101528], 
              [0.0312403, 0.0182249, 0.010556, 0.93998], 
              [0.0293403, 0.00239403, 0.00148003, 0.966786], 
              [0.991903, 0.000987037, 0.00302702, 0.00408244], 
              [0.0102034, 0.00542001, 0.00337902, 0.980998], 
              [0.00675543, 0.969952, 0.00886698, 0.0144244], 
              [0.16696, 0.0346178, 0.0258229, 0.772599], 
              [0.204883, 0.26131, 0.257229, 0.276578], 
              [0.230634, 0.272567, 0.155915, 0.340884]
            ],
            "pos": 8950,
            "neg": 8069,
            "tp": 1581,
            "fp": 386,
            "positive_thresh": 8950,
            "true_positive_thresh": 6.82819,
            "number_of_tests": 4493,
            "corrected_pvalue": "3.07e-159",
            "evalue": "2.29e-156"
          }, {
            "db": 0,
            "id": "MA0079.4",
            "alt": "SP1",
            "len": 15,
            "motif_evalue": 0,
            "motif_nsites": 49663,
            "url": "http://jaspar.genereg.net/matrix/MA0079.4",
            "pwm": [
              [0.158388, 0.267261, 0.195135, 0.379216], 
              [0.553794, 0.0367205, 0.0195965, 0.38989], 
              [0.565614, 0.0299495, 0.381259, 0.0231774], 
              [0.278959, 5.85037e-07, 0.718113, 0.00292742], 
              [0.0192324, 0.976649, 0.00163958, 0.00247942], 
              [0.00107142, 0.966422, 5.85037e-07, 0.0325074], 
              [0.768868, 0.231131, 5.85037e-07, 4.21746e-07], 
              [4.21746e-07, 0.999375, 5.85037e-07, 0.00062442], 
              [0.0188844, 5.85037e-07, 0.964042, 0.0170734], 
              [4.21746e-07, 0.999657, 5.85037e-07, 0.000342421], 
              [0.000161421, 0.999838, 5.85037e-07, 4.21746e-07], 
              [4.21746e-07, 0.971321, 5.85037e-07, 0.0286784], 
              [0.490865, 0.481512, 0.000299584, 0.0273234], 
              [0.0236904, 0.745633, 0.0182195, 0.212458], 
              [0.25367, 0.314238, 0.0612935, 0.370799]
            ],
            "pos": 8950,
            "neg": 8069,
            "tp": 1434,
            "fp": 316,
            "positive_thresh": 8950,
            "true_positive_thresh": 1.57884,
            "number_of_tests": 1923,
            "corrected_pvalue": "1.09e-157",
            "evalue": "8.10e-155"
          }, {
            "db": 0,
            "id": "MA0685.1",
            "alt": "SP4",
            "len": 17,
            "motif_evalue": 0,
            "motif_nsites": 4471,
            "url": "http://jaspar.genereg.net/matrix/MA0685.1",
            "pwm": [
              [0.138897, 0.314246, 0.184077, 0.362779], 
              [0.517005, 0.0371217, 0.0154712, 0.430402], 
              [0.567182, 0.0318558, 0.357547, 0.0434157], 
              [0.163732, 0.00105247, 0.83242, 0.00279462], 
              [0.0552404, 0.943898, 6.49835e-06, 0.000854666], 
              [0.000436675, 0.969342, 0.00108547, 0.029136], 
              [0.751364, 0.247875, 0.000756482, 4.68458e-06], 
              [0.000433675, 0.999555, 6.49835e-06, 4.68458e-06], 
              [0.00181564, 0.00254144, 0.98568, 0.00996246], 
              [0.000431675, 0.998704, 0.000859479, 4.68458e-06], 
              [0.00063767, 0.998928, 0.000428489, 4.68458e-06], 
              [4.68458e-06, 0.984168, 0.000639484, 0.0151873], 
              [0.423373, 0.559129, 0.00207745, 0.0154203], 
              [0.0206362, 0.780708, 0.00384041, 0.194815], 
              [0.214528, 0.168802, 0.0440405, 0.57263], 
              [0.137623, 0.285174, 0.0858406, 0.491363], 
              [0.229582, 0.280152, 0.132008, 0.358259]
            ],
            "pos": 8950,
            "neg": 8069,
            "tp": 1229,
            "fp": 239,
            "positive_thresh": 8950,
            "true_positive_thresh": 1.17496,
            "number_of_tests": 1492,
            "corrected_pvalue": "6.64e-148",
            "evalue": "4.95e-145"
          }, {
            "db": 0,
            "id": "MA0140.2",
            "alt": "GATA1::TAL1",
            "len": 18,
            "motif_evalue": 0,
            "motif_nsites": 4955,
            "url": "http://jaspar.genereg.net/matrix/MA0140.2",
            "pwm": [
              [0.224823, 0.4113, 0.195158, 0.168719], 
              [0.0415774, 0.162869, 0.0320942, 0.76346], 
              [0.0641809, 5.86361e-06, 5.86361e-06, 0.935807], 
              [0.999984, 5.86361e-06, 5.86361e-06, 4.227e-06], 
              [4.227e-06, 5.86361e-06, 5.86361e-06, 0.999984], 
              [4.227e-06, 0.999986, 5.86361e-06, 4.227e-06], 
              [0.413518, 0.0127196, 0.0111056, 0.562657], 
              [0.132797, 0.268618, 0.446818, 0.151767], 
              [0.194349, 0.245006, 0.251061, 0.309584], 
              [0.240362, 0.227448, 0.306761, 0.225429], 
              [0.358826, 0.228053, 0.1998, 0.21332], 
              [0.209485, 0.249648, 0.345509, 0.195358], 
              [0.272855, 0.230475, 0.295863, 0.200807], 
              [0.380421, 0.208478, 0.165492, 0.245609], 
              [0.278707, 0.249648, 0.38022, 0.0914254], 
              [0.0222038, 0.973144, 0.00464777, 4.227e-06], 
              [0.940247, 5.86361e-06, 5.86361e-06, 0.059741], 
              [0.0322946, 0.179619, 0.715228, 0.0728588]
            ],
            "pos": 8950,
            "neg": 8069,
            "tp": 1166,
            "fp": 217,
            "positive_thresh": 8950,
            "true_positive_thresh": 6.98634,
            "number_of_tests": 2452,
            "corrected_pvalue": "2.88e-144",
            "evalue": "2.15e-141"
          }, {
            "db": 0,
            "id": "MA0632.2",
            "alt": "TCFL5",
            "len": 10,
            "motif_evalue": 0,
            "motif_nsites": 72543,
            "url": "http://jaspar.genereg.net/matrix/MA0632.2",
            "pwm": [
              [0.0387362, 0.145872, 0.307363, 0.50803], 
              [2.88728e-07, 0.999999, 4.00517e-07, 2.88728e-07], 
              [0.649956, 4.00517e-07, 0.26619, 0.0838532], 
              [2.88728e-07, 0.977852, 4.00517e-07, 0.0221473], 
              [0.0211313, 4.00517e-07, 0.978868, 2.88728e-07], 
              [0.0237523, 0.768315, 4.00517e-07, 0.207932], 
              [0.0458812, 0.00856439, 0.945554, 2.88728e-07], 
              [0.0200723, 0.914042, 0.0578843, 0.00800128], 
              [0.447923, 0.274115, 0.11791, 0.160052], 
              [0.145955, 0.655307, 0.0792223, 0.119515]
            ],
            "pos": 8950,
            "neg": 8069,
            "tp": 1318,
            "fp": 295,
            "positive_thresh": 8950,
            "true_positive_thresh": 1.01993,
            "number_of_tests": 1615,
            "corrected_pvalue": "1.19e-141",
            "evalue": "8.90e-139"
          }, {
            "db": 0,
            "id": "MA0740.1",
            "alt": "KLF14",
            "len": 14,
            "motif_evalue": 0,
            "motif_nsites": 2304,
            "url": "http://jaspar.genereg.net/matrix/MA0740.1",
            "pwm": [
              [0.186633, 0.0933246, 0.419265, 0.300777], 
              [0.332042, 0.0201277, 0.628257, 0.0195732], 
              [0.220453, 0.56998, 0.0402459, 0.169323], 
              [9.09042e-06, 0.861041, 0.00539738, 0.133552], 
              [0.895618, 0.0713255, 0.0304253, 0.00263098], 
              [0.00125904, 0.997469, 1.261e-05, 0.00125904], 
              [0.0224471, 0.0117191, 0.955743, 0.0100897], 
              [9.09042e-06, 0.9981, 0.00188153, 9.09042e-06], 
              [9.09042e-06, 0.994389, 0.00187253, 0.00372893], 
              [9.09042e-06, 0.958851, 0.00239651, 0.0387444], 
              [0.418949, 0.562305, 0.000597585, 0.0181473], 
              [0.0154744, 0.707087, 0.0072623, 0.270176], 
              [0.139724, 0.296407, 0.0444217, 0.519448], 
              [0.192354, 0.219624, 0.0930736, 0.494949]
            ],
            "pos": 8950,
            "neg": 8069,
            "tp": 1499,
            "fp": 405,
            "positive_thresh": 8950,
            "true_positive_thresh": 1.26185,
            "number_of_tests": 2040,
            "corrected_pvalue": "7.09e-135",
            "evalue": "5.29e-132"
          }, {
            "db": 0,
            "id": "MA1516.1",
            "alt": "KLF3",
            "len": 11,
            "motif_evalue": 0,
            "motif_nsites": 43259,
            "url": "http://jaspar.genereg.net/matrix/MA1516.1",
            "pwm": [
              [0.178391, 0.0613755, 0.61416, 0.146074], 
              [0.561929, 0.0139516, 0.419423, 0.00469647], 
              [0.0304484, 0.913407, 0.0412586, 0.0148864], 
              [0.00675147, 0.980039, 0.00561866, 0.00758947], 
              [0.602824, 0.0159286, 0.371806, 0.00944046], 
              [0.0481584, 0.921383, 0.000447671, 0.0300114], 
              [0.0865443, 0.00680966, 0.881936, 0.0247094], 
              [0.00464547, 0.994641, 0.00071367, 4.84181e-07], 
              [0.00191448, 0.997416, 0.00066967, 4.84181e-07], 
              [0.00172648, 0.969887, 0.00107667, 0.0273084], 
              [0.393652, 0.233454, 0.0349986, 0.337895]
            ],
            "pos": 8950,
            "neg": 8069,
            "tp": 1846,
            "fp": 622,
            "positive_thresh": 8950,
            "true_positive_thresh": 1.02275,
            "number_of_tests": 2468,
            "corrected_pvalue": "1.50e-128",
            "evalue": "1.12e-125"
          }, {
            "db": 0,
            "id": "MA0482.2",
            "alt": "GATA4",
            "len": 12,
            "motif_evalue": 0,
            "motif_nsites": 59014,
            "url": "http://jaspar.genereg.net/matrix/MA0482.2",
            "pwm": [
              [0.247941, 0.199292, 0.187803, 0.364964], 
              [0.229335, 0.215254, 0.189904, 0.365506], 
              [0.0673912, 0.648811, 0.0864033, 0.197394], 
              [0.0533773, 0.848306, 0.0186905, 0.0796252], 
              [0.0268753, 0.0242155, 0.0126925, 0.936218], 
              [0.0279593, 0.0233335, 0.0136925, 0.935014], 
              [0.922153, 0.0288584, 0.0210975, 0.0278923], 
              [0.0130483, 0.00986248, 0.00913348, 0.967956], 
              [0.00813434, 0.958145, 0.00962548, 0.0240963], 
              [0.129783, 0.0303664, 0.0233175, 0.816534], 
              [0.187091, 0.272122, 0.25799, 0.282797], 
              [0.260091, 0.24706, 0.151744, 0.341106]
            ],
            "pos": 8950,
            "neg": 8069,
            "tp": 1124,
            "fp": 239,
            "positive_thresh": 8950,
            "true_positive_thresh": 10.0422,
            "number_of_tests": 6220,
            "corrected_pvalue": "6.18e-124",
            "evalue": "4.61e-121"
          }, {
            "db": 0,
            "id": "MA1517.1",
            "alt": "KLF6",
            "len": 11,
            "motif_evalue": 0,
            "motif_nsites": 2192,
            "url": "http://jaspar.genereg.net/matrix/MA1517.1",
            "pwm": [
              [0.202099, 0.284672, 0.285584, 0.227645], 
              [0.367275, 0.173887, 0.41057, 0.0482684], 
              [0.171802, 0.661819, 0.100251, 0.0661295], 
              [0.141087, 0.715853, 0.0973308, 0.0457295], 
              [0.844347, 0.109407, 0.0231242, 0.0231205], 
              [9.55487e-06, 0.989138, 1.32543e-05, 0.0108391], 
              [0.318403, 1.32543e-05, 0.681574, 9.55487e-06], 
              [9.55487e-06, 0.999968, 1.32543e-05, 9.55487e-06], 
              [0.0109881, 0.962639, 0.0263621, 9.55487e-06], 
              [0.0303632, 0.937124, 0.00514302, 0.0273703], 
              [0.435665, 0.303375, 0.0237352, 0.237225]
            ],
            "pos": 8950,
            "neg": 8069,
            "tp": 3355,
            "fp": 1722,
            "positive_thresh": 8950,
            "true_positive_thresh": 1.01908,
            "number_of_tests": 5097,
            "corrected_pvalue": "4.24e-115",
            "evalue": "3.16e-112"
          }, {
            "db": 0,
            "id": "MA0039.4",
            "alt": "KLF4",
            "len": 12,
            "motif_evalue": 0,
            "motif_nsites": 55817,
            "url": "http://jaspar.genereg.net/matrix/MA0039.4",
            "pwm": [
              [0.2252, 0.313883, 0.255173, 0.205744], 
              [0.205798, 0.2515, 0.330957, 0.211746], 
              [0.0441623, 0.881612, 0.0283615, 0.0458643], 
              [0.0377133, 0.857533, 0.0217505, 0.0830032], 
              [0.125786, 0.813461, 0.0254765, 0.0352763], 
              [0.0210153, 0.947291, 0.0142075, 0.0174863], 
              [0.81699, 0.00288452, 0.118208, 0.0619173], 
              [0.0152643, 0.938172, 0.0263365, 0.0202273], 
              [0.0289703, 0.915706, 0.0335025, 0.0218213], 
              [0.0215353, 0.914505, 0.0180055, 0.0459543], 
              [0.291381, 0.326943, 0.112726, 0.26895], 
              [0.178422, 0.344286, 0.25838, 0.218912]
            ],
            "pos": 8950,
            "neg": 8069,
            "tp": 3773,
            "fp": 2049,
            "positive_thresh": 8950,
            "true_positive_thresh": 2.01391,
            "number_of_tests": 8144,
            "corrected_pvalue": "7.80e-115",
            "evalue": "5.82e-112"
          }, {
            "db": 0,
            "id": "MA1512.1",
            "alt": "KLF11",
            "len": 11,
            "motif_evalue": 0,
            "motif_nsites": 9165,
            "url": "http://jaspar.genereg.net/matrix/MA1512.1",
            "pwm": [
              [0.205346, 0.224114, 0.428803, 0.141736], 
              [0.220646, 0.605519, 0.0437607, 0.130075], 
              [0.0651706, 0.868452, 0.015644, 0.0507337], 
              [0.858113, 0.127803, 0.011405, 0.00267926], 
              [2.28532e-06, 0.995853, 3.17015e-06, 0.00414124], 
              [0.218205, 0.00468012, 0.745723, 0.0313929], 
              [0.00119627, 0.994348, 0.00195715, 0.00249826], 
              [0.000111284, 0.996947, 0.00217815, 0.000763277], 
              [2.28532e-06, 0.909556, 0.000410166, 0.0900323], 
              [0.481167, 0.433656, 0.00708409, 0.0780924], 
              [0.0546947, 0.791014, 0.0337028, 0.120588]
            ],
            "pos": 8950,
            "neg": 8069,
            "tp": 2929,
            "fp": 1411,
            "positive_thresh": 8950,
            "true_positive_thresh": 1.33502,
            "number_of_tests": 4816,
            "corrected_pvalue": "1.96e-113",
            "evalue": "1.46e-110"
          }, {
            "db": 0,
            "id": "MA0741.1",
            "alt": "KLF16",
            "len": 11,
            "motif_evalue": 0,
            "motif_nsites": 3053,
            "url": "http://jaspar.genereg.net/matrix/MA0741.1",
            "pwm": [
              [0.218146, 0.175241, 0.527997, 0.0786153], 
              [0.33296, 0.595703, 0.0284636, 0.0428735], 
              [0.0359477, 0.934472, 0.0034874, 0.026093], 
              [0.699923, 0.280584, 0.0194859, 6.86032e-06], 
              [0.0385116, 0.940469, 0.00992719, 0.0110915], 
              [0.185103, 0.0644394, 0.600362, 0.150095], 
              [0.0049447, 0.995039, 9.51648e-06, 6.86032e-06], 
              [0.00123982, 0.993812, 0.00494135, 6.86032e-06], 
              [0.00926556, 0.932849, 0.00174546, 0.056139], 
              [0.261518, 0.703158, 0.0113791, 0.0239441], 
              [0.0157153, 0.791344, 0.0113001, 0.181641]
            ],
            "pos": 8950,
            "neg": 8069,
            "tp": 2192,
            "fp": 897,
            "positive_thresh": 8950,
            "true_positive_thresh": 4.70476,
            "number_of_tests": 5642,
            "corrected_pvalue": "6.74e-113",
            "evalue": "5.03e-110"
          }, {
            "db": 0,
            "id": "MA1569.1",
            "alt": "TFAP2E",
            "len": 11,
            "motif_evalue": 0,
            "motif_nsites": 14449,
            "url": "http://jaspar.genereg.net/matrix/MA1569.1",
            "pwm": [
              [0.17676, 0.380925, 0.0992473, 0.343068], 
              [1.44959e-06, 0.32396, 0.676037, 1.44959e-06], 
              [1.44959e-06, 0.999995, 2.01084e-06, 1.44959e-06], 
              [1.44959e-06, 0.999995, 2.01084e-06, 1.44959e-06], 
              [1.44959e-06, 0.324818, 0.139861, 0.535321], 
              [0.0996548, 0.410241, 0.39903, 0.0910738], 
              [0.528564, 0.165709, 0.305727, 1.44959e-06], 
              [1.44959e-06, 2.01084e-06, 0.999995, 1.44959e-06], 
              [1.44959e-06, 2.01084e-06, 0.999995, 1.44959e-06], 
              [1.44959e-06, 0.679406, 0.320591, 1.44959e-06], 
              [0.3394, 0.10423, 0.367498, 0.188871]
            ],
            "pos": 8950,
            "neg": 8069,
            "tp": 2326,
            "fp": 1001,
            "positive_thresh": 8950,
            "true_positive_thresh": 1.01582,
            "number_of_tests": 3330,
            "corrected_pvalue": "8.44e-110",
            "evalue": "6.29e-107"
          }, {
            "db": 0,
            "id": "MA1653.1",
            "alt": "ZNF148",
            "len": 12,
            "motif_evalue": 0,
            "motif_nsites": 11199,
            "url": "http://jaspar.genereg.net/matrix/MA1653.1",
            "pwm": [
              [0.124923, 0.410125, 0.200108, 0.264845], 
              [0.112779, 0.362263, 0.287079, 0.237878], 
              [0.0073238, 0.964277, 0.0183074, 0.0100918], 
              [0.0117888, 0.928291, 0.0420592, 0.0178607], 
              [0.0121458, 0.939899, 0.0358093, 0.0121458], 
              [0.0079488, 0.967313, 0.0188434, 0.00589482], 
              [0.0118778, 0.00125258, 0.0903668, 0.896503], 
              [0.00589482, 0.978117, 0.0100035, 0.00598482], 
              [0.0314326, 0.885967, 0.0410772, 0.0415235], 
              [0.0394695, 0.828908, 0.0350053, 0.096617], 
              [0.0755432, 0.646394, 0.171802, 0.10626], 
              [0.0750972, 0.635232, 0.184303, 0.105368]
            ],
            "pos": 8950,
            "neg": 8069,
            "tp": 3439,
            "fp": 1843,
            "positive_thresh": 8950,
            "true_positive_thresh": 1.33736,
            "number_of_tests": 5786,
            "corrected_pvalue": "1.79e-104",
            "evalue": "1.34e-101"
          }, {
            "db": 0,
            "id": "MA1637.1",
            "alt": "EBF3",
            "len": 13,
            "motif_evalue": 0,
            "motif_nsites": 22062,
            "url": "http://jaspar.genereg.net/matrix/MA1637.1",
            "pwm": [
              [0.173058, 0.23366, 0.276584, 0.316698], 
              [0.115221, 0.272323, 0.138157, 0.474299], 
              [0.0099279, 0.965322, 0.0163642, 0.00838591], 
              [0.0173159, 0.937401, 0.0118313, 0.0334518], 
              [0.0152309, 0.95263, 0.0146873, 0.0174519], 
              [0.683934, 0.164719, 0.06509, 0.0862576], 
              [0.721873, 0.0521271, 0.152934, 0.0730676], 
              [0.0233438, 0.0117863, 0.960381, 0.00448793], 
              [0.0399338, 0.0104263, 0.933231, 0.0164089], 
              [0.0257918, 0.0233442, 0.929876, 0.0209869], 
              [0.755233, 0.0824499, 0.0899749, 0.0723426], 
              [0.298568, 0.277128, 0.262397, 0.161907], 
              [0.258, 0.248708, 0.206962, 0.286329]
            ],
            "pos": 8950,
            "neg": 8069,
            "tp": 1881,
            "fp": 744,
            "positive_thresh": 8950,
            "true_positive_thresh": 1.63986,
            "number_of_tests": 3505,
            "corrected_pvalue": "2.40e-100",
            "evalue": "1.79e-97"
          }, {
            "db": 0,
            "id": "MA0810.1",
            "alt": "TFAP2A(var.2)",
            "len": 12,
            "motif_evalue": 0,
            "motif_nsites": 4005,
            "url": "http://jaspar.genereg.net/matrix/MA0810.1",
            "pwm": [
              [0.169289, 0.295381, 0.0432022, 0.492128], 
              [0.121504, 0.276352, 0.580825, 0.0213187], 
              [0.00353414, 0.942572, 0.0538879, 5.22964e-06], 
              [5.22964e-06, 0.989363, 0.00247719, 0.00815503], 
              [0.00250117, 0.701937, 0.0551729, 0.240388], 
              [0.049193, 0.412731, 0.207493, 0.330584], 
              [0.330501, 0.359209, 0.263106, 0.0471831], 
              [0.423715, 0.101628, 0.467661, 0.00699606], 
              [0.0451471, 0.00804305, 0.946805, 5.22964e-06], 
              [0.0010452, 0.163862, 0.833007, 0.00208418], 
              [0.0210417, 0.834395, 0.0974848, 0.0470781], 
              [0.479773, 0.108342, 0.244384, 0.1675]
            ],
            "pos": 8950,
            "neg": 8069,
            "tp": 2624,
            "fp": 1259,
            "positive_thresh": 8950,
            "true_positive_thresh": 1.01731,
            "number_of_tests": 3883,
            "corrected_pvalue": "4.12e-99",
            "evalue": "3.07e-96"
          }, {
            "db": 0,
            "id": "MA0146.2",
            "alt": "Zfx",
            "len": 14,
            "motif_evalue": 0,
            "motif_nsites": 477,
            "url": "http://jaspar.genereg.net/matrix/MA0146.2",
            "pwm": [
              [0.104844, 0.373149, 0.375244, 0.146764], 
              [0.123708, 0.35638, 0.362668, 0.157244], 
              [0.190381, 0.315895, 0.416292, 0.0774337], 
              [0.150325, 0.102335, 0.619973, 0.127366], 
              [0.0208295, 0.617395, 0.299374, 0.0624008], 
              [0.0125153, 0.750424, 0.00421803, 0.232843], 
              [0.0624008, 0.257803, 0.380438, 0.299357], 
              [0.39705, 0.318081, 0.253646, 0.0312224], 
              [0.0166724, 0.00421803, 0.976987, 0.00212247], 
              [4.39011e-05, 0.00629659, 0.991537, 0.00212247], 
              [4.39011e-05, 0.999851, 6.08987e-05, 4.39011e-05], 
              [4.39011e-05, 0.997773, 6.08987e-05, 0.00212247], 
              [4.39011e-05, 0.00213946, 6.08987e-05, 0.997756], 
              [0.175007, 0.254175, 0.454133, 0.116686]
            ],
            "pos": 8950,
            "neg": 8069,
            "tp": 1942,
            "fp": 795,
            "positive_thresh": 8950,
            "true_positive_thresh": 1.84874,
            "number_of_tests": 3577,
            "corrected_pvalue": "1.57e-97",
            "evalue": "1.17e-94"
          }, {
            "db": 0,
            "id": "MA1604.1",
            "alt": "Ebf2",
            "len": 13,
            "motif_evalue": 0,
            "motif_nsites": 26261,
            "url": "http://jaspar.genereg.net/matrix/MA1604.1",
            "pwm": [
              [0.177868, 0.223525, 0.292373, 0.306234], 
              [0.122273, 0.274019, 0.122578, 0.481131], 
              [0.00746477, 0.970904, 0.0143191, 0.00731177], 
              [0.0195357, 0.923497, 0.00986407, 0.0471046], 
              [0.0165647, 0.957196, 0.00921607, 0.0170217], 
              [0.732453, 0.14257, 0.0543399, 0.0706375], 
              [0.729407, 0.0512939, 0.138419, 0.0808805], 
              [0.0280647, 0.00910207, 0.955901, 0.00693077], 
              [0.0485896, 0.00837807, 0.928599, 0.0144327], 
              [0.0369757, 0.022087, 0.918623, 0.0223147], 
              [0.830202, 0.0547209, 0.0647739, 0.0503036], 
              [0.269449, 0.291992, 0.262633, 0.175926], 
