<!DOCTYPE HTML>
<html>
  <head>
    <meta charset="UTF-8">
    <title>AME results</title>
    <script type="text/javascript">
      //@JSON_VAR data
      var data = {
        "version": "5.1.1",
        "revision": "1ec0cac75da38ade3bb84e84d35520ca52977940",
        "release": "Wed Jan 29 15:00:42 2020 -0800",
        "program": "AME",
        "cmd": [
          "ame", "--o", "../../data/ATAC/output/ame_MPP4_WT", "--control",
          "../../data/ATAC/output/MPP4_KO.fna",
          "../../data/ATAC/output/MPP4_WT.fna",
          "../../LFS/genomeData/JASPAR_motifs.meme"
        ],
        "options": {
          "scoring": "avg_odds",
          "positive_list": "FASTA",
          "pvalue_method": "Fisher's exact test",
          "pseudocount": 0.1,
          "fisher_fasta_threshold": 0.001,
          "hit_lo_fraction": 0.25,
          "evalue_report_threshold": 10,
          "noseq": false,
          "log_fscores": false,
          "log_pwmscores": false,
          "linreg_switchxy": true,
          "fix_partition": true,
          "partition": "number of primary sequences",
          "kmer": 2
        },
        "motif_dbs": [
          {
            "source": "../../LFS/genomeData/JASPAR_motifs.meme",
            "count": 746
          }
        ],
        "alphabet": {
          "name": "DNA",
          "like": "dna",
          "ncore": 4,
          "symbols": [
            {
              "symbol": "A",
              "name": "Adenine",
              "colour": "CC0000",
              "complement": "T"
            }, {
              "symbol": "C",
              "name": "Cytosine",
              "colour": "0000CC",
              "complement": "G"
            }, {
              "symbol": "G",
              "name": "Guanine",
              "colour": "FFB300",
              "complement": "C"
            }, {
              "symbol": "T",
              "aliases": "U",
              "name": "Thymine",
              "colour": "008000",
              "complement": "A"
            }, {
              "symbol": "N",
              "aliases": "X.",
              "name": "Any base",
              "equals": "ACGT"
            }, {
              "symbol": "V",
              "name": "Not T",
              "equals": "ACG"
            }, {
              "symbol": "H",
              "name": "Not G",
              "equals": "ACT"
            }, {
              "symbol": "D",
              "name": "Not C",
              "equals": "AGT"
            }, {
              "symbol": "B",
              "name": "Not A",
              "equals": "CGT"
            }, {
              "symbol": "M",
              "name": "Amino",
              "equals": "AC"
            }, {
              "symbol": "R",
              "name": "Purine",
              "equals": "AG"
            }, {
              "symbol": "W",
              "name": "Weak",
              "equals": "AT"
            }, {
              "symbol": "S",
              "name": "Strong",
              "equals": "CG"
            }, {
              "symbol": "Y",
              "name": "Pyrimidine",
              "equals": "CT"
            }, {
              "symbol": "K",
              "name": "Keto",
              "equals": "GT"
            }
          ]
        },
        "background": {
          "source": "--sequences--",
          "file": "../../data/ATAC/output/MPP4_WT.fna",
          "frequencies": [0.247304, 0.252696, 0.252696, 0.247304]
        },
        "sequence_db": {
          "source": "../../data/ATAC/output/MPP4_WT.fna",
          "count": 103,
          "skipped": 0,
          "fasta_scores": false
        },
        "control_db": {
          "source": "../../data/ATAC/output/MPP4_KO.fna",
          "count": 182,
          "skipped": 0
        },
        "min_sequence_score": 1.6474e-22,
        "max_sequence_score": 217711,
        "max_median_sequence_score": 3.27485,
        "motifs": [
          {
            "db": 0,
            "id": "MA1125.1",
            "alt": "ZNF384",
            "len": 12,
            "motif_evalue": 0,
            "motif_nsites": 30433,
            "url": "http://jaspar.genereg.net/matrix/MA1125.1",
            "pwm": [
              [0.310847, 0.162488, 0.185654, 0.341011], 
              [0.299543, 0.230835, 0.168666, 0.300956], 
              [0.312884, 0.113561, 0.153715, 0.419839], 
              [0.431274, 0.252719, 0.155128, 0.160878], 
              [0.997402, 0.00023083, 0.000427829, 0.00193981], 
              [0.992046, 0.00115083, 0.000624828, 0.00617879], 
              [0.988136, 0.000690828, 0.000854828, 0.0103188], 
              [0.994051, 0.000427829, 0.000493829, 0.0050278], 
              [0.992408, 0.000854828, 0.000460829, 0.00627679], 
              [0.999111, 0.00019783, 8.30333e-07, 0.00069081], 
              [0.667761, 0.0955545, 0.0909215, 0.145763], 
              [0.621561, 0.13022, 0.0952265, 0.152992]
            ],
            "pos": 103,
            "neg": 182,
            "tp": 42,
            "fp": 13,
            "positive_thresh": 103,
            "true_positive_thresh": 1.34831,
            "number_of_tests": 57,
            "corrected_pvalue": "7.14e-10",
            "evalue": "5.33e-7"
          }, {
            "db": 0,
            "id": "MA0033.2",
            "alt": "FOXL1",
            "len": 7,
            "motif_evalue": 0,
            "motif_nsites": 4933,
            "url": "http://jaspar.genereg.net/matrix/MA0033.2",
            "pwm": [
              [0.426106, 0.00264007, 0.542869, 0.0283844], 
              [0.00192597, 0.0799115, 5.12246e-06, 0.918157], 
              [0.874644, 0.114916, 0.0104349, 5.01315e-06], 
              [0.989019, 0.00786796, 5.12246e-06, 0.00310895], 
              [0.973112, 0.0166988, 0.0101839, 5.01315e-06], 
              [5.01315e-06, 0.778859, 5.12246e-06, 0.221131], 
              [0.985349, 0.0111369, 5.12246e-06, 0.00350894]
            ],
            "pos": 103,
            "neg": 182,
            "tp": 41,
            "fp": 16,
            "positive_thresh": 103,
            "true_positive_thresh": 1.05193,
            "number_of_tests": 58,
            "corrected_pvalue": "4.37e-8",
            "evalue": "3.26e-5"
          }, {
            "db": 0,
            "id": "MA0850.1",
            "alt": "FOXP3",
            "len": 7,
            "motif_evalue": 0,
            "motif_nsites": 211,
            "url": "http://jaspar.genereg.net/matrix/MA0850.1",
            "pwm": [
              [0.350662, 0.000119704, 0.649101, 0.00011715], 
              [0.0707547, 0.183779, 0.000119704, 0.745347], 
              [0.871605, 0.000119704, 0.000119704, 0.128155], 
              [0.925118, 0.000119704, 0.039575, 0.0351885], 
              [0.767027, 0.0546389, 0.178217, 0.00011715], 
              [0.00011715, 0.747992, 0.113541, 0.13835], 
              [0.921078, 0.000119704, 0.0786855, 0.00011715]
            ],
            "pos": 103,
            "neg": 182,
            "tp": 53,
            "fp": 30,
            "positive_thresh": 103,
            "true_positive_thresh": 1.02018,
            "number_of_tests": 83,
            "corrected_pvalue": "6.08e-8",
            "evalue": "4.53e-5"
          }, {
            "db": 0,
            "id": "MA0601.1",
            "alt": "Arid3b",
            "len": 11,
            "motif_evalue": 0,
            "motif_nsites": 999,
            "url": "http://jaspar.genereg.net/matrix/MA0601.1",
            "pwm": [
              [0.468446, 0.177185, 0.177185, 0.177184], 
              [0.27327, 0.0800973, 0.0800973, 0.566535], 
              [0.608964, 0.119013, 0.0340219, 0.238001], 
              [0.104118, 2.52924e-05, 2.52924e-05, 0.895831], 
              [2.47527e-05, 2.52924e-05, 2.52924e-05, 0.999925], 
              [0.999925, 2.52924e-05, 2.52924e-05, 2.47527e-05], 
              [0.910934, 2.52924e-05, 2.52924e-05, 0.0890158], 
              [0.0890158, 2.52924e-05, 2.52924e-05, 0.910934], 
              [0.261737, 0.16784, 0.072945, 0.497477], 
              [0.489976, 0.170008, 0.170008, 0.170008], 
              [0.351341, 0.21622, 0.21622, 0.216219]
            ],
            "pos": 103,
            "neg": 182,
            "tp": 29,
            "fp": 6,
            "positive_thresh": 103,
            "true_positive_thresh": 1.07524,
            "number_of_tests": 38,
            "corrected_pvalue": "7.14e-8",
            "evalue": "5.33e-5"
          }, {
            "db": 0,
            "id": "MA0846.1",
            "alt": "FOXC2",
            "len": 12,
            "motif_evalue": 0,
            "motif_nsites": 22189,
            "url": "http://jaspar.genereg.net/matrix/MA0846.1",
            "pwm": [
              [0.402856, 0.0576419, 0.020462, 0.51904], 
              [0.698608, 0.0564199, 0.173935, 0.0710368], 
              [0.417611, 0.128452, 0.115629, 0.33831], 
              [0.305154, 0.020922, 0.667457, 0.00646709], 
              [0.0755048, 0.142082, 0.0120891, 0.770324], 
              [0.745914, 0.246463, 0.00317312, 0.00445009], 
              [0.974649, 0.0163911, 0.00386012, 0.00509909], 
              [0.970303, 0.00498212, 0.0132351, 0.0114801], 
              [0.00150911, 0.70226, 0.00330912, 0.292921], 
              [0.969476, 0.00478812, 0.0155461, 0.0101911], 
              [0.54822, 0.0860518, 0.0705078, 0.295221], 
              [0.419896, 0.117626, 0.101166, 0.361313]
            ],
            "pos": 103,
            "neg": 182,
            "tp": 41,
            "fp": 17,
            "positive_thresh": 103,
            "true_positive_thresh": 1.07195,
            "number_of_tests": 62,
            "corrected_pvalue": "1.17e-7",
            "evalue": "8.74e-5"
          }, {
            "db": 0,
            "id": "MA0851.1",
            "alt": "Foxj3",
            "len": 17,
            "motif_evalue": 0,
            "motif_nsites": 100,
            "url": "http://jaspar.genereg.net/matrix/MA0851.1",
            "pwm": [
              [0.269977, 0.259993, 0.210043, 0.259987], 
              [0.339907, 0.130123, 0.309943, 0.220027], 
              [0.479768, 0.190063, 0.160093, 0.170077], 
              [0.509738, 0.130123, 0.170083, 0.190057], 
              [0.346436, 0.128837, 0.326659, 0.198069], 
              [0.302974, 0.0103434, 0.686435, 0.000247057], 
              [0.0102371, 0.0202325, 0.000252444, 0.969278], 
              [0.918521, 0.0809797, 0.000252444, 0.000247057], 
              [0.949793, 0.0200347, 0.000252444, 0.0299204], 
              [0.989258, 0.000252444, 0.000252444, 0.0102371], 
              [0.000247057, 0.817617, 0.000252444, 0.181883], 
              [0.989258, 0.000252444, 0.000252444, 0.0102371], 
              [0.781644, 0.0694902, 0.0595991, 0.089267], 
              [0.569678, 0.0901625, 0.0701825, 0.269977], 
              [0.220027, 0.339913, 0.259993, 0.180067], 
              [0.269977, 0.269983, 0.240013, 0.220027], 
              [0.242429, 0.393798, 0.171798, 0.191974]
            ],
            "pos": 103,
            "neg": 182,
            "tp": 34,
            "fp": 12,
            "positive_thresh": 103,
            "true_positive_thresh": 1.0608,
            "number_of_tests": 46,
            "corrected_pvalue": "6.08e-7",
            "evalue": "4.54e-4"
          }, {
            "db": 0,
            "id": "MA0614.1",
            "alt": "Foxj2",
            "len": 8,
            "motif_evalue": 0,
            "motif_nsites": 999,
            "url": "http://jaspar.genereg.net/matrix/MA0614.1",
            "pwm": [
              [0.46144, 2.52924e-05, 0.53851, 2.47527e-05], 
              [0.0500697, 0.0250478, 2.52924e-05, 0.924857], 
              [0.794945, 0.205005, 2.52924e-05, 2.47527e-05], 
              [0.977905, 2.52924e-05, 2.52924e-05, 0.0220445], 
              [0.999925, 2.52924e-05, 2.52924e-05, 2.47527e-05], 
              [2.47527e-05, 0.95393, 2.52924e-05, 0.0460201], 
              [0.999925, 2.52924e-05, 2.52924e-05, 2.47527e-05], 
              [0.593559, 0.125138, 0.125138, 0.156165]
            ],
            "pos": 103,
            "neg": 182,
            "tp": 39,
            "fp": 17,
            "positive_thresh": 103,
            "true_positive_thresh": 1.09274,
            "number_of_tests": 57,
            "corrected_pvalue": "7.02e-7",
            "evalue": "5.24e-4"
          }, {
            "db": 0,
            "id": "MA0847.2",
            "alt": "FOXD2",
            "len": 13,
            "motif_evalue": 0,
            "motif_nsites": 5994,
            "url": "http://jaspar.genereg.net/matrix/MA0847.2",
            "pwm": [
              [0.234234, 0.305972, 0.386051, 0.0737429], 
              [0.12066, 0.335611, 0.0431055, 0.500624], 
              [0.361781, 0.00597012, 0.000501207, 0.631747], 
              [0.809688, 0.01243, 0.174771, 0.00311007], 
              [0.414009, 0.201502, 0.12544, 0.259049], 
              [0.299425, 0.0116, 0.688282, 0.000693114], 
              [0.0207088, 0.140601, 4.21575e-06, 0.838686], 
              [0.898116, 0.0985796, 0.00165219, 0.0016521], 
              [0.961958, 0.0335407, 0.00273217, 0.0017691], 
              [0.990406, 4.21575e-06, 0.00413415, 0.00545603], 
              [4.12579e-06, 0.722978, 4.21575e-06, 0.277014], 
              [0.939349, 0.00830908, 0.0195899, 0.0327516], 
              [0.400397, 0.167335, 0.0859218, 0.346344]
            ],
            "pos": 103,
            "neg": 182,
            "tp": 29,
            "fp": 8,
            "positive_thresh": 103,
            "true_positive_thresh": 1.03405,
            "number_of_tests": 37,
            "corrected_pvalue": "8.45e-7",
            "evalue": "6.30e-4"
          }, {
            "db": 0,
            "id": "MA0032.2",
            "alt": "FOXC1",
            "len": 11,
            "motif_evalue": 0,
            "motif_nsites": 19566,
            "url": "http://jaspar.genereg.net/matrix/MA0032.2",
            "pwm": [
              [0.329756, 0.0394571, 0.0155382, 0.615249], 
              [0.695237, 0.0353361, 0.202155, 0.0672729], 
              [0.344387, 0.0876138, 0.105678, 0.462323], 
              [0.257364, 0.0178012, 0.722132, 0.00270325], 
              [0.108395, 0.0717429, 0.0169382, 0.802924], 
              [0.706923, 0.289518, 0.00113329, 0.00242625], 
              [0.991151, 0.00579126, 1.2915e-06, 0.00305725], 
              [0.983558, 0.00298028, 0.00750225, 0.00595923], 
              [0.00649823, 0.467699, 0.00878825, 0.517014], 
              [0.966337, 0.00141228, 0.0226322, 0.00961821], 
              [0.31682, 0.0736509, 0.052332, 0.557198]
            ],
            "pos": 103,
            "neg": 182,
            "tp": 33,
            "fp": 12,
            "positive_thresh": 103,
            "true_positive_thresh": 1.14812,
            "number_of_tests": 46,
            "corrected_pvalue": "1.55e-6",
            "evalue": "1.16e-3"
          }, {
            "db": 0,
            "id": "MA0084.1",
            "alt": "SRY",
            "len": 9,
            "motif_evalue": 0,
            "motif_nsites": 28,
            "url": "http://jaspar.genereg.net/matrix/MA0084.1",
            "pwm": [
              [0.178816, 0.178835, 0.356771, 0.285577], 
              [0.285577, 0.107661, 0.143248, 0.463514], 
              [0.534688, 0.000899274, 0.107661, 0.356752], 
              [0.641449, 0.107661, 0.107661, 0.143229], 
              [0.89056, 0.000899274, 0.000899274, 0.107642], 
              [0.000880085, 0.926166, 0.000899274, 0.0720549], 
              [0.997321, 0.000899274, 0.000899274, 0.000880085], 
              [0.961734, 0.000899274, 0.0364862, 0.000880085], 
              [0.24999, 0.000899274, 0.0720741, 0.677036]
            ],
            "pos": 103,
            "neg": 182,
            "tp": 40,
            "fp": 19,
            "positive_thresh": 103,
            "true_positive_thresh": 1.40607,
            "number_of_tests": 66,
            "corrected_pvalue": "1.72e-6",
            "evalue": "1.28e-3"
          }, {
            "db": 0,
            "id": "MA1640.1",
            "alt": "MEIS2(var.2)",
            "len": 15,
            "motif_evalue": 0,
            "motif_nsites": 20173,
            "url": "http://jaspar.genereg.net/matrix/MA1640.1",
            "pwm": [
              [0.307936, 0.16413, 0.285927, 0.242007], 
              [0.319486, 0.200317, 0.232142, 0.248054], 
              [0.492192, 0.117237, 0.193129, 0.197442], 
              [0.192584, 0.0232001, 0.0694009, 0.714815], 
              [0.0732669, 0.0149722, 0.858868, 0.052893], 
              [0.959744, 0.0102622, 0.0111052, 0.0188881], 
              [0.0285541, 0.0132862, 0.0247371, 0.933423], 
              [0.0352961, 0.0099652, 0.0137822, 0.940958], 
              [0.0804548, 0.0288511, 0.0892788, 0.801415], 
              [0.958901, 0.00877521, 0.0245391, 0.00778419], 
              [0.0234981, 0.052199, 0.0248861, 0.899417], 
              [0.130026, 0.053984, 0.637583, 0.178407], 
              [0.285629, 0.0797609, 0.406433, 0.228176], 
              [0.192435, 0.323105, 0.207009, 0.27745], 
              [0.225846, 0.26015, 0.166609, 0.347395]
            ],
            "pos": 103,
            "neg": 182,
            "tp": 24,
            "fp": 5,
            "positive_thresh": 103,
            "true_positive_thresh": 1.08425,
            "number_of_tests": 29,
            "corrected_pvalue": "2.22e-6",
            "evalue": "1.66e-3"
          }, {
            "db": 0,
            "id": "MA0602.1",
            "alt": "Arid5a",
            "len": 14,
            "motif_evalue": 0,
            "motif_nsites": 101,
            "url": "http://jaspar.genereg.net/matrix/MA0602.1",
            "pwm": [
              [0.178286, 0.425572, 0.227748, 0.168395], 
              [0.161701, 0.323162, 0.030523, 0.484613], 
              [0.849404, 0.0302203, 0.0701807, 0.0501952], 
              [0.968982, 0.000249947, 0.010341, 0.0204266], 
              [0.0601853, 0.000249947, 0.0102401, 0.929325], 
              [0.920126, 0.0101412, 0.0101412, 0.0595919], 
              [0.0202248, 0.0102401, 0.0102401, 0.959295], 
              [0.040205, 0.0901609, 0.0402104, 0.829424], 
              [0.230017, 0.0302203, 0.519736, 0.220027], 
              [0.343339, 0.353435, 0.181888, 0.121337], 
              [0.289958, 0.130121, 0.269983, 0.309938], 
              [0.569681, 0.0801708, 0.190062, 0.160086], 
              [0.289958, 0.180072, 0.259993, 0.269978], 
              [0.343339, 0.232343, 0.151615, 0.272702]
            ],
            "pos": 103,
            "neg": 182,
            "tp": 17,
            "fp": 1,
            "positive_thresh": 103,
            "true_positive_thresh": 1.33899,
            "number_of_tests": 22,
            "corrected_pvalue": "3.40e-6",
            "evalue": "2.54e-3"
          }, {
            "db": 0,
            "id": "MA0108.2",
            "alt": "TBP",
            "len": 15,
            "motif_evalue": 0,
            "motif_nsites": 389,
            "url": "http://jaspar.genereg.net/matrix/MA0108.2",
            "pwm": [
              [0.156835, 0.37272, 0.390711, 0.0797351], 
              [0.041184, 0.118287, 0.0463251, 0.794203], 
              [0.904715, 6.49437e-05, 0.00520462, 0.0900144], 
              [0.00777358, 0.0257653, 0.00520462, 0.961256], 
              [0.909856, 6.49437e-05, 0.0129146, 0.0771647], 
              [0.688832, 6.49437e-05, 6.49437e-05, 0.311038], 
              [0.925276, 0.00777496, 0.0514657, 0.0154836], 
              [0.570611, 0.00520462, 0.113147, 0.311038], 
              [0.398419, 0.113147, 0.40356, 0.0848748], 
              [0.143986, 0.34702, 0.38557, 0.123425], 
              [0.213377, 0.37786, 0.329029, 0.0797351], 
              [0.210806, 0.326459, 0.329029, 0.133705], 
              [0.210806, 0.303329, 0.329029, 0.156835], 
              [0.174826, 0.275058, 0.357299, 0.192816], 
              [0.197956, 0.259638, 0.359869, 0.182536]
            ],
            "pos": 103,
            "neg": 182,
            "tp": 28,
            "fp": 9,
            "positive_thresh": 103,
            "true_positive_thresh": 1.16517,
            "number_of_tests": 43,
            "corrected_pvalue": "7.51e-6",
            "evalue": "5.60e-3"
          }, {
            "db": 0,
            "id": "MA0899.1",
            "alt": "HOXA10",
            "len": 11,
            "motif_evalue": 0,
            "motif_nsites": 8382,
            "url": "http://jaspar.genereg.net/matrix/MA0899.1",
            "pwm": [
              [0.276187, 0.16977, 0.357074, 0.196971], 
              [0.174411, 0.126369, 0.602772, 0.0964488], 
              [0.0178057, 0.449963, 0.00686793, 0.525364], 
              [0.563387, 0.303575, 0.0687032, 0.0643342], 
              [0.853368, 0.0463315, 0.0731111, 0.0271896], 
              [0.0419025, 0.001259, 3.01471e-06, 0.956836], 
              [0.694067, 0.0097849, 0.0140938, 0.282054], 
              [0.944117, 0.00405797, 0.00856391, 0.0432604], 
              [0.891114, 0.0603953, 0.0132939, 0.0351965], 
              [0.595195, 0.14786, 0.11079, 0.146155], 
              [0.35998, 0.249254, 0.146762, 0.244004]
            ],
            "pos": 103,
            "neg": 182,
            "tp": 36,
            "fp": 17,
            "positive_thresh": 103,
            "true_positive_thresh": 1.07316,
            "number_of_tests": 53,
            "corrected_pvalue": "9.47e-6",
            "evalue": "7.06e-3"
          }, {
            "db": 0,
            "id": "MA1606.1",
            "alt": "Foxf1",
            "len": 11,
            "motif_evalue": 0,
            "motif_nsites": 59540,
            "url": "http://jaspar.genereg.net/matrix/MA1606.1",
            "pwm": [
              [0.388965, 0.180601, 0.209305, 0.221129], 
              [0.290141, 0.126973, 0.139184, 0.443702], 
              [0.311287, 0.0630503, 0.564309, 0.0613543], 
              [0.0095404, 0.00749141, 0.0194494, 0.963519], 
              [0.96226, 0.0150994, 0.00747441, 0.0151664], 
              [0.905978, 0.0377734, 0.0136214, 0.0426273], 
              [0.960143, 0.00797841, 0.0179214, 0.0139574], 
              [0.0073404, 0.91357, 0.00876741, 0.0703223], 
              [0.947866, 0.0125134, 0.00744041, 0.0321804], 
              [0.313621, 0.212345, 0.240074, 0.23396], 
              [0.341334, 0.196758, 0.215721, 0.246187]
            ],
            "pos": 103,
            "neg": 182,
            "tp": 31,
            "fp": 12,
            "positive_thresh": 103,
            "true_positive_thresh": 1.62451,
            "number_of_tests": 49,
            "corrected_pvalue": "1.02e-5",
            "evalue": "7.62e-3"
          }, {
            "db": 0,
            "id": "MA1113.2",
            "alt": "PBX2",
            "len": 13,
            "motif_evalue": 0,
            "motif_nsites": 29596,
            "url": "http://jaspar.genereg.net/matrix/MA1113.2",
            "pwm": [
              [0.282572, 0.198101, 0.325213, 0.194114], 
              [0.28068, 0.299331, 0.102954, 0.317036], 
              [0.166408, 0.663771, 0.0535557, 0.116266], 
              [0.899444, 0.0212538, 0.0577787, 0.0215238], 
              [0.00760281, 0.0198688, 0.0107118, 0.961817], 
              [0.823353, 0.0765646, 0.0276058, 0.0724766], 
              [0.920562, 0.0193958, 0.0115898, 0.0484527], 
              [0.921035, 0.0254768, 0.0192268, 0.0342617], 
              [0.0237878, 0.0153068, 0.0110498, 0.949856], 
              [0.0776466, 0.807337, 0.0187538, 0.0962635], 
              [0.876637, 0.0286538, 0.0118938, 0.0828156], 
              [0.236282, 0.238444, 0.133532, 0.391742], 
              [0.266827, 0.239424, 0.188336, 0.305413]
            ],
            "pos": 103,
            "neg": 182,
            "tp": 23,
            "fp": 6,
            "positive_thresh": 103,
            "true_positive_thresh": 1.06944,
            "number_of_tests": 29,
            "corrected_pvalue": "2.02e-5",
            "evalue": "1.51e-2"
          }, {
            "db": 0,
            "id": "MA0030.1",
            "alt": "FOXF2",
            "len": 14,
            "motif_evalue": 0,
            "motif_nsites": 27,
            "url": "http://jaspar.genereg.net/matrix/MA0030.1",
            "pwm": [
              [0.0378129, 0.369936, 0.259235, 0.333016], 
              [0.369916, 0.259235, 0.185434, 0.185414], 
              [0.628219, 0.148534, 0.0747331, 0.148514], 
              [0.463485, 0.178845, 0.178845, 0.178825], 
              [0.136773, 0.499087, 0.363227, 0.000912561], 
              [0.259215, 0.000932458, 0.73894, 0.000912561], 
              [0.000912561, 0.000932458, 0.000932458, 0.997223], 
              [0.997223, 0.000932458, 0.000932458, 0.000912561], 
              [0.997223, 0.000932458, 0.000932458, 0.000912561], 
              [0.997223, 0.000932458, 0.000932458, 0.000912561], 
              [0.000912561, 0.923442, 0.000932458, 0.0747132], 
              [0.997223, 0.000932458, 0.000932458, 0.000912561], 
              [0.591319, 0.148534, 0.0747331, 0.185414], 
              [0.259215, 0.148534, 0.222334, 0.369916]
            ],
            "pos": 103,
            "neg": 182,
            "tp": 13,
            "fp": 0,
            "positive_thresh": 103,
            "true_positive_thresh": 3.19877,
            "number_of_tests": 20,
            "corrected_pvalue": "2.15e-5",
            "evalue": "1.60e-2"
          }, {
            "db": 0,
            "id": "MA0848.1",
            "alt": "FOXO4",
            "len": 7,
            "motif_evalue": 0,
            "motif_nsites": 7060,
            "url": "http://jaspar.genereg.net/matrix/MA0848.1",
            "pwm": [
              [0.236402, 0.00184455, 0.761749, 3.50284e-06], 
              [0.0583287, 0.0116684, 0.0207983, 0.909205], 
              [0.803999, 0.18822, 0.00478751, 0.00299346], 
              [0.966735, 0.0262482, 0.00341853, 0.00359845], 
              [0.981735, 3.57921e-06, 0.0164323, 0.00182848], 
              [0.00902738, 0.836774, 0.00513851, 0.14906], 
              [0.988956, 0.00184255, 0.00184255, 0.0073594]
            ],
            "pos": 103,
            "neg": 182,
            "tp": 36,
            "fp": 18,
            "positive_thresh": 103,
            "true_positive_thresh": 1.29641,
            "number_of_tests": 58,
            "corrected_pvalue": "2.24e-5",
            "evalue": "1.67e-2"
          }, {
            "db": 0,
            "id": "MA0031.1",
            "alt": "FOXD1",
            "len": 8,
            "motif_evalue": 0,
            "motif_nsites": 20,
            "url": "http://jaspar.genereg.net/matrix/MA0031.1",
            "pwm": [
              [0.0509816, 0.0510084, 0.847028, 0.0509816], 
              [0.00123037, 0.00125719, 0.00125719, 0.996255], 
              [0.946504, 0.0510084, 0.00125719, 0.00123037], 
              [0.996255, 0.00125719, 0.00125719, 0.00123037], 
              [0.896753, 0.0510084, 0.0510084, 0.00123037], 
              [0.0509816, 0.89678, 0.00125719, 0.0509816], 
              [0.996255, 0.00125719, 0.00125719, 0.00123037], 
              [0.349489, 0.10076, 0.150511, 0.39924]
            ],
            "pos": 103,
            "neg": 182,
            "tp": 24,
            "fp": 7,
            "positive_thresh": 103,
            "true_positive_thresh": 1.20598,
            "number_of_tests": 37,
            "corrected_pvalue": "3.12e-5",
            "evalue": "2.33e-2"
          }, {
            "db": 0,
            "id": "MA0879.1",
            "alt": "Dlx1",
            "len": 10,
            "motif_evalue": 0,
            "motif_nsites": 8281,
            "url": "http://jaspar.genereg.net/matrix/MA0879.1",
            "pwm": [
              [0.25637, 0.341141, 0.219056, 0.183433], 
              [0.312001, 0.337478, 0.192225, 0.158296], 
              [0.213986, 0.25669, 0.0138959, 0.515428], 
              [0.836035, 0.086928, 0.0420015, 0.0350356], 
              [0.923901, 0.0117179, 0.00468899, 0.0596923], 
              [0.106905, 0.004377, 0.00523099, 0.883487], 
              [0.0168698, 0.0385716, 0.0549014, 0.889657], 
              [0.801639, 0.00997393, 0.00348801, 0.184899], 
              [0.214225, 0.228716, 0.250815, 0.306242], 
              [0.194808, 0.377534, 0.228623, 0.199035]
            ],
            "pos": 103,
            "neg": 182,
            "tp": 25,
            "fp": 8,
            "positive_thresh": 103,
            "true_positive_thresh": 1.11739,
            "number_of_tests": 33,
            "corrected_pvalue": "3.20e-5",
            "evalue": "2.39e-2"
          }, {
            "db": 0,
            "id": "MA1103.2",
            "alt": "FOXK2",
            "len": 11,
            "motif_evalue": 0,
            "motif_nsites": 16679,
            "url": "http://jaspar.genereg.net/matrix/MA1103.2",
            "pwm": [
              [0.392588, 0.172193, 0.208106, 0.227112], 
              [0.291444, 0.131783, 0.205228, 0.371544], 
              [0.161701, 0.0330373, 0.763652, 0.0416102], 
              [0.0215854, 0.0125924, 0.0196064, 0.946216], 
              [0.95407, 0.0166094, 0.00887446, 0.0204464], 
              [0.862578, 0.0774041, 0.0261424, 0.0338763], 
              [0.934884, 0.0197864, 0.0234444, 0.0218854], 
              [0.0299193, 0.856282, 0.0255424, 0.088256], 
              [0.941839, 0.0176884, 0.0101935, 0.0302793], 
              [0.289945, 0.232448, 0.236825, 0.240782], 
              [0.291085, 0.227112, 0.300498, 0.181306]
            ],
            "pos": 103,
            "neg": 182,
            "tp": 38,
            "fp": 21,
            "positive_thresh": 103,
            "true_positive_thresh": 1.04367,
            "number_of_tests": 60,
            "corrected_pvalue": "3.86e-5",
            "evalue": "2.88e-2"
          }, {
            "db": 0,
            "id": "MA0722.1",
            "alt": "VAX1",
            "len": 8,
            "motif_evalue": 0,
            "motif_nsites": 6156,
            "url": "http://jaspar.genereg.net/matrix/MA0722.1",
            "pwm": [
              [0.0726148, 0.450777, 0.0739149, 0.402694], 
              [0.0966164, 0.141579, 0.0143749, 0.747431], 
              [0.795057, 0.130621, 0.0286096, 0.0457123], 
              [0.940544, 0.0273987, 0.00823997, 0.0238176], 
              [0.0507812, 0.0147069, 0.0364195, 0.898091], 
              [0.063242, 0.0399635, 0.242873, 0.653921], 
              [0.742991, 0.0123099, 0.188403, 0.0562971], 
              [0.185955, 0.363721, 0.17758, 0.272745]
            ],
            "pos": 103,
            "neg": 182,
            "tp": 27,
            "fp": 10,
            "positive_thresh": 103,
            "true_positive_thresh": 1.01018,
            "number_of_tests": 37,
            "corrected_pvalue": "4.23e-5",
            "evalue": "3.15e-2"
          }, {
            "db": 0,
            "id": "MA0041.1",
            "alt": "Foxd3",
            "len": 12,
            "motif_evalue": 0,
            "motif_nsites": 47,
            "url": "http://jaspar.genereg.net/matrix/MA0041.1",
            "pwm": [
              [0.234071, 0.064231, 0.552553, 0.149145], 
              [0.637468, 0.0429992, 0.00053651, 0.318996], 
              [0.510079, 0.0217683, 0.00053651, 0.467616], 
              [0.0217569, 0.0854618, 0.00053651, 0.892245], 
              [0.255302, 0.00053651, 0.722405, 0.0217569], 
              [0.000525061, 0.00053651, 0.00053651, 0.998402], 
              [0.0217569, 0.00053651, 0.00053651, 0.97717], 
              [0.106682, 0.00053651, 0.212851, 0.679931], 
              [0.297765, 0.00053651, 0.446397, 0.255302], 
              [0.127914, 0.149156, 0.00053651, 0.722393], 
              [0.0217569, 0.0429992, 0.0854618, 0.849782], 
              [0.000525061, 0.255313, 0.00053651, 0.743625]
            ],
            "pos": 103,
            "neg": 182,
            "tp": 29,
            "fp": 12,
            "positive_thresh": 103,
            "true_positive_thresh": 1.59818,
            "number_of_tests": 46,
            "corrected_pvalue": "5.51e-5",
            "evalue": "4.11e-2"
          }, {
            "db": 0,
            "id": "MA0613.1",
            "alt": "FOXG1",
            "len": 8,
            "motif_evalue": 0,
            "motif_nsites": 999,
            "url": "http://jaspar.genereg.net/matrix/MA0613.1",
            "pwm": [
              [0.374361, 0.00102619, 0.623587, 0.00102565], 
              [0.00102465, 0.00102519, 0.00102519, 0.996925], 
              [0.996925, 0.00102519, 0.00102519, 0.00102465], 
              [0.996925, 0.00102519, 0.00102519, 0.00102465], 
              [0.996925, 0.00102519, 0.00102519, 0.00102465], 
              [0.00102465, 0.996926, 0.00102519, 0.00102465], 
              [0.996925, 0.00102519, 0.00102519, 0.00102465], 
              [0.497975, 0.167009, 0.00202509, 0.332991]
            ],
            "pos": 103,
            "neg": 182,
            "tp": 20,
            "fp": 5,
            "positive_thresh": 103,
            "true_positive_thresh": 2.69617,
            "number_of_tests": 25,
            "corrected_pvalue": "8.88e-5",
            "evalue": "6.63e-2"
          }, {
            "db": 0,
            "id": "MA0681.2",
            "alt": "PHOX2B",
            "len": 16,
            "motif_evalue": 0,
            "motif_nsites": 53236,
            "url": "http://jaspar.genereg.net/matrix/MA0681.2",
            "pwm": [
              [0.348073, 0.137144, 0.153505, 0.361278], 
              [0.365223, 0.132166, 0.126681, 0.37593], 
              [0.194305, 0.0516194, 0.0477504, 0.706326], 
              [0.802013, 0.0363484, 0.0429974, 0.118642], 
              [0.962487, 0.00931746, 0.00954246, 0.0186534], 
              [0.0327224, 0.0115525, 0.00877246, 0.946952], 
              [0.0460404, 0.687861, 0.0351834, 0.230915], 
              [0.809113, 0.0355964, 0.0110455, 0.144244], 
              [0.911976, 0.0272944, 0.0266364, 0.0340934], 
              [0.951892, 0.00847246, 0.0142954, 0.0253404], 
              [0.0173004, 0.00618046, 0.00698846, 0.969531], 
              [0.0770723, 0.0361224, 0.0231424, 0.863663], 
              [0.805262, 0.0363664, 0.0404804, 0.11789], 
              [0.302202, 0.0922123, 0.10461, 0.500977], 
              [0.382561, 0.155534, 0.143324, 0.318581], 
              [0.34873, 0.139173, 0.131471, 0.380626]
            ],
            "pos": 103,
            "neg": 182,
            "tp": 17,
            "fp": 3,
            "positive_thresh": 103,
            "true_positive_thresh": 1.33249,
            "number_of_tests": 20,
            "corrected_pvalue": "9.48e-5",
            "evalue": "7.07e-2"
          }, {
            "db": 0,
            "id": "MA0849.1",
            "alt": "FOXO6",
            "len": 7,
            "motif_evalue": 0,
            "motif_nsites": 8470,
            "url": "http://jaspar.genereg.net/matrix/MA0849.1",
            "pwm": [
              [0.170603, 2.98339e-06, 0.829391, 2.91973e-06], 
              [0.0213587, 2.98339e-06, 0.00444093, 0.974197], 
              [0.8589, 0.140238, 0.000858973, 2.91973e-06], 
              [0.969491, 0.0269137, 2.98339e-06, 0.00359088], 
              [0.999991, 2.98339e-06, 2.98339e-06, 2.91973e-06], 
              [2.91973e-06, 0.944086, 0.00416893, 0.0517423], 
              [0.998144, 2.98339e-06, 0.00184996, 2.91973e-06]
            ],
            "pos": 103,
            "neg": 182,
            "tp": 24,
            "fp": 8,
            "positive_thresh": 103,
            "true_positive_thresh": 2.51332,
            "number_of_tests": 44,
            "corrected_pvalue": "1.04e-4",
            "evalue": "7.78e-2"
          }, {
            "db": 0,
            "id": "MA0042.2",
            "alt": "FOXI1",
            "len": 7,
            "motif_evalue": 0,
            "motif_nsites": 5832,
            "url": "http://jaspar.genereg.net/matrix/MA0042.2",
            "pwm": [
              [0.105969, 0.00669122, 0.887335, 4.24039e-06], 
              [0.013851, 0.0112321, 0.00655322, 0.968364], 
              [0.899676, 0.0938827, 0.00643722, 4.24039e-06], 
              [0.995562, 0.00442926, 4.33285e-06, 4.24039e-06], 
              [0.977693, 0.00434926, 0.00548324, 0.012473], 
              [0.0253668, 0.836016, 0.0077582, 0.130858], 
              [0.992888, 0.00230629, 0.00480125, 4.24039e-06]
            ],
            "pos": 103,
            "neg": 182,
            "tp": 27,
            "fp": 11,
            "positive_thresh": 103,
            "true_positive_thresh": 1.46249,
            "number_of_tests": 45,
            "corrected_pvalue": "1.26e-4",
            "evalue": "9.36e-2"
          }, {
            "db": 0,
            "id": "MA0687.1",
            "alt": "SPIC",
            "len": 14,
            "motif_evalue": 0,
            "motif_nsites": 367,
            "url": "http://jaspar.genereg.net/matrix/MA0687.1",
            "pwm": [
              [0.392331, 0.226165, 0.185304, 0.196199], 
              [0.534575, 0.102351, 0.231029, 0.132044], 
              [0.768453, 0.103347, 0.0537732, 0.0744271], 
              [0.93701, 0.043535, 6.88358e-05, 0.0193861], 
              [0.695, 6.88358e-05, 6.88358e-05, 0.304862], 
              [0.100374, 0.250837, 0.605255, 0.0435335], 
              [0.451226, 0.30255, 0.246156, 6.73669e-05], 
              [6.73669e-05, 0.0351473, 0.951564, 0.0132218], 
              [0.0480243, 6.88358e-05, 0.855925, 0.0959822], 
              [0.898501, 0.0308974, 6.88358e-05, 0.0705332], 
              [0.786738, 0.127083, 0.0533333, 0.0328454], 
              [0.0533319, 6.88358e-05, 0.946532, 6.73669e-05], 
              [0.160738, 0.0857595, 0.0607663, 0.692736], 
              [0.64235, 0.201131, 0.0503341, 0.106183]
            ],
            "pos": 103,
            "neg": 182,
            "tp": 39,
            "fp": 24,
            "positive_thresh": 103,
            "true_positive_thresh": 1.2799,
            "number_of_tests": 68,
            "corrected_pvalue": "1.43e-4",
            "evalue": "1.07e-1"
          }, {
            "db": 0,
            "id": "MA0151.1",
            "alt": "Arid3a",
            "len": 6,
            "motif_evalue": 0,
            "motif_nsites": 27,
            "url": "http://jaspar.genereg.net/matrix/MA0151.1",
            "pwm": [
              [0.997223, 0.000932458, 0.000932458, 0.000912561], 
              [0.000912561, 0.000932458, 0.000932458, 0.997223], 
              [0.0378129, 0.333035, 0.000932458, 0.628219], 
              [0.997223, 0.000932458, 0.000932458, 0.000912561], 
              [0.997223, 0.000932458, 0.000932458, 0.000912561], 
              [0.73892, 0.000932458, 0.0378328, 0.222315]
            ],
            "pos": 103,
            "neg": 182,
            "tp": 26,
            "fp": 10,
            "positive_thresh": 103,
            "true_positive_thresh": 1.76515,
            "number_of_tests": 54,
            "corrected_pvalue": "1.47e-4",
            "evalue": "1.10e-1"
          }, {
            "db": 0,
            "id": "MA0481.3",
            "alt": "FOXP1",
            "len": 11,
            "motif_evalue": 0,
            "motif_nsites": 74718,
            "url": "http://jaspar.genereg.net/matrix/MA0481.3",
            "pwm": [
              [0.361118, 0.18614, 0.222637, 0.230105], 
              [0.359739, 0.0830992, 0.189191, 0.36797], 
              [0.140033, 0.0210523, 0.797277, 0.0416373], 
              [0.0161813, 0.00973033, 0.0123133, 0.961775], 
              [0.931542, 0.0280393, 0.0143613, 0.0260583], 
              [0.873095, 0.0678152, 0.0244923, 0.0345973], 
              [0.937256, 0.0199013, 0.0151503, 0.0276913], 
              [0.0178813, 0.81766, 0.0199823, 0.144477], 
              [0.916191, 0.0254823, 0.0100243, 0.0483023], 
              [0.270484, 0.230667, 0.212077, 0.286772], 
              [0.347627, 0.191547, 0.171431, 0.289395]
            ],
            "pos": 103,
