<!DOCTYPE HTML>
<html>
  <head>
    <meta charset="UTF-8">
    <title>AME Results</title>
    <script type="text/javascript">
      //@JSON_VAR data
      var data = {
        "version": "5.4.1",
        "revision": "85e92e5f19b20c2557895c8f98f933c870ccf7a4",
        "release": "Sat Aug 21 19:23:23 2021 -0700",
        "program": "AME",
        "cmd": [
          "ame", "--o", "../../data/ATAC/output/ame_MPP4_KO_shuffled",
          "--control", "--shuffle--", "../../data/ATAC/output/MPP4_KO.fna",
          "../../LFS/genomeData/JASPAR_motifs.meme"
        ],
        "options": {
          "scoring": "avg_odds",
          "positive_list": "FASTA",
          "pvalue_method": "Fisher's exact test",
          "pseudocount": 0.1,
          "fisher_fasta_threshold": 0.001,
          "hit_lo_fraction": 0.25,
          "evalue_report_threshold": 10,
          "noseq": false,
          "log_fscores": false,
          "log_pwmscores": false,
          "linreg_switchxy": true,
          "fix_partition": true,
          "partition": "number of primary sequences",
          "kmer": 2
        },
        "motif_dbs": [
          {
            "source": "../../LFS/genomeData/JASPAR_motifs.meme",
            "count": 746
          }
        ],
        "alphabet": {
          "name": "DNA",
          "like": "dna",
          "ncore": 4,
          "symbols": [
            {
              "symbol": "A",
              "name": "Adenine",
              "colour": "CC0000",
              "complement": "T"
            }, {
              "symbol": "C",
              "name": "Cytosine",
              "colour": "0000CC",
              "complement": "G"
            }, {
              "symbol": "G",
              "name": "Guanine",
              "colour": "FFB300",
              "complement": "C"
            }, {
              "symbol": "T",
              "aliases": "U",
              "name": "Thymine",
              "colour": "008000",
              "complement": "A"
            }, {
              "symbol": "N",
              "aliases": "X.",
              "name": "Any base",
              "equals": "ACGT"
            }, {
              "symbol": "V",
              "name": "Not T",
              "equals": "ACG"
            }, {
              "symbol": "H",
              "name": "Not G",
              "equals": "ACT"
            }, {
              "symbol": "D",
              "name": "Not C",
              "equals": "AGT"
            }, {
              "symbol": "B",
              "name": "Not A",
              "equals": "CGT"
            }, {
              "symbol": "M",
              "name": "Amino",
              "equals": "AC"
            }, {
              "symbol": "R",
              "name": "Purine",
              "equals": "AG"
            }, {
              "symbol": "W",
              "name": "Weak",
              "equals": "AT"
            }, {
              "symbol": "S",
              "name": "Strong",
              "equals": "CG"
            }, {
              "symbol": "Y",
              "name": "Pyrimidine",
              "equals": "CT"
            }, {
              "symbol": "K",
              "name": "Keto",
              "equals": "GT"
            }
          ]
        },
        "background": {
          "source": "--sequences--",
          "file": "../../data/ATAC/output/MPP4_KO.fna",
          "frequencies": [0.184645, 0.315355, 0.315355, 0.184645]
        },
        "sequence_db": {
          "source": "../../data/ATAC/output/MPP4_KO.fna",
          "count": 182,
          "skipped": 0,
          "fasta_scores": false
        },
        "control_db": {
          "source": "--shuffle--",
          "count": 1092,
          "skipped": 0
        },
        "min_sequence_score": 2.08636e-23,
        "max_sequence_score": 329570,
        "max_median_sequence_score": 1.07392,
        "motifs": [
          {
            "db": 0,
            "id": "MA0764.2",
            "alt": "ETV4",
            "len": 10,
            "motif_evalue": 0,
            "motif_nsites": 8414,
            "url": "http://jaspar.genereg.net/matrix/MA0764.2",
            "pwm": [
              [0.37069, 0.177563, 0.32339, 0.128358], 
              [0.143333, 0.547656, 0.230094, 0.0789173], 
              [0.99274, 0.00725366, 3.74793e-06, 2.19447e-06], 
              [2.19447e-06, 0.0109376, 0.987394, 0.00166617], 
              [0.000121193, 0.000122747, 0.991791, 0.0079651], 
              [0.995236, 3.74793e-06, 3.74793e-06, 0.00475614], 
              [0.990363, 0.00867964, 3.74793e-06, 0.000953183], 
              [0.00130918, 0.00333171, 0.991673, 0.00368615], 
              [0.154029, 0.260757, 0.231639, 0.353575], 
              [0.277632, 0.189804, 0.363084, 0.169479]
            ],
            "pos": 182,
            "neg": 1092,
            "tp": 63,
            "fp": 55,
            "positive_thresh": 182,
            "true_positive_thresh": 10.8171,
            "number_of_tests": 445,
            "corrected_pvalue": "3.61e-24",
            "evalue": "2.70e-21"
          }, {
            "db": 0,
            "id": "MA0761.2",
            "alt": "ETV1",
            "len": 14,
            "motif_evalue": 0,
            "motif_nsites": 37339,
            "url": "http://jaspar.genereg.net/matrix/MA0761.2",
            "pwm": [
              [0.338038, 0.200005, 0.258255, 0.203701], 
              [0.304213, 0.23134, 0.278717, 0.185731], 
              [0.610647, 0.116207, 0.161092, 0.112054], 
              [0.0494924, 0.860734, 0.0639817, 0.0257914], 
              [0.891961, 0.0820596, 0.0153468, 0.0106325], 
              [0.00618748, 0.00736582, 0.977073, 0.00937447], 
              [0.0101235, 0.00725883, 0.967378, 0.0152395], 
              [0.967619, 0.0126148, 0.0100438, 0.00972247], 
              [0.893648, 0.0130168, 0.0110348, 0.0823003], 
              [0.11342, 0.0350048, 0.837086, 0.0144895], 
              [0.0895313, 0.104155, 0.0842556, 0.722059], 
              [0.212164, 0.135515, 0.507967, 0.144353], 
              [0.312756, 0.200193, 0.289777, 0.197274], 
              [0.264094, 0.244088, 0.259728, 0.23209]
            ],
            "pos": 182,
            "neg": 1092,
            "tp": 77,
            "fp": 115,
            "positive_thresh": 182,
            "true_positive_thresh": 3.01384,
            "number_of_tests": 364,
            "corrected_pvalue": "2.72e-20",
            "evalue": "2.03e-17"
          }, {
            "db": 0,
            "id": "MA0599.1",
            "alt": "KLF5",
            "len": 10,
            "motif_evalue": 0,
            "motif_nsites": 13611,
            "url": "http://jaspar.genereg.net/matrix/MA0599.1",
            "pwm": [
              [0.10499, 0.148631, 0.556313, 0.190067], 
              [1.35658e-06, 0.874289, 2.31689e-06, 0.125707], 
              [1.35658e-06, 0.882224, 2.31689e-06, 0.117772], 
              [0.255454, 0.703031, 2.31689e-06, 0.0415121], 
              [1.35658e-06, 0.999995, 2.31689e-06, 1.35658e-06], 
              [0.371096, 2.31689e-06, 0.380721, 0.248182], 
              [1.35658e-06, 0.999995, 2.31689e-06, 1.35658e-06], 
              [1.35658e-06, 0.999995, 2.31689e-06, 1.35658e-06], 
              [1.35658e-06, 0.965023, 2.31689e-06, 0.0349731], 
              [0.287634, 0.411064, 2.31689e-06, 0.301299]
            ],
            "pos": 182,
            "neg": 1092,
            "tp": 83,
            "fp": 136,
            "positive_thresh": 182,
            "true_positive_thresh": 4.43792,
            "number_of_tests": 573,
            "corrected_pvalue": "3.52e-20",
            "evalue": "2.62e-17"
          }, {
            "db": 0,
            "id": "MA0098.3",
            "alt": "ETS1",
            "len": 10,
            "motif_evalue": 0,
            "motif_nsites": 3774,
            "url": "http://jaspar.genereg.net/matrix/MA0098.3",
            "pwm": [
              [0.710903, 0.0556509, 0.169585, 0.0638612], 
              [0.0565714, 0.843166, 0.0933439, 0.00691871], 
              [0.136438, 0.861302, 0.0022553, 4.89243e-06], 
              [4.89243e-06, 0.00777415, 0.992216, 4.89243e-06], 
              [4.89243e-06, 8.35576e-06, 0.995529, 0.00445777], 
              [0.999978, 8.35576e-06, 8.35576e-06, 4.89243e-06], 
              [0.738696, 0.00248629, 0.00854313, 0.250273], 
              [0.405887, 0.00774315, 0.581945, 0.00442478], 
              [0.0307471, 0.245943, 0.0428392, 0.680471], 
              [0.299289, 0.149464, 0.403651, 0.147597]
            ],
            "pos": 182,
            "neg": 1092,
            "tp": 64,
            "fp": 81,
            "positive_thresh": 182,
            "true_positive_thresh": 1.0782,
            "number_of_tests": 151,
            "corrected_pvalue": "4.60e-19",
            "evalue": "3.43e-16"
          }, {
            "db": 0,
            "id": "MA0598.3",
            "alt": "EHF",
            "len": 15,
            "motif_evalue": 0,
            "motif_nsites": 15368,
            "url": "http://jaspar.genereg.net/matrix/MA0598.3",
            "pwm": [
              [0.212129, 0.28247, 0.266918, 0.238483], 
              [0.17582, 0.301145, 0.218312, 0.304723], 
              [0.137559, 0.578278, 0.100209, 0.183954], 
              [0.872849, 0.0296739, 0.0504307, 0.0470469], 
              [0.0109981, 0.853458, 0.0245329, 0.11101], 
              [0.027786, 0.010869, 0.00989299, 0.951453], 
              [0.00911114, 0.010674, 0.012951, 0.967265], 
              [0.0126901, 0.965183, 0.00904699, 0.0130801], 
              [0.0102821, 0.975855, 0.00657401, 0.00728915], 
              [0.027851, 0.0395648, 0.100079, 0.832505], 
              [0.0452249, 0.194106, 0.5896, 0.17107], 
              [0.150638, 0.197099, 0.214668, 0.437596], 
              [0.146213, 0.114655, 0.0822505, 0.656881], 
              [0.209266, 0.238873, 0.200938, 0.350923], 
              [0.200612, 0.314224, 0.207835, 0.277329]
            ],
            "pos": 182,
            "neg": 1092,
            "tp": 98,
            "fp": 206,
            "positive_thresh": 182,
            "true_positive_thresh": 1.34039,
            "number_of_tests": 346,
            "corrected_pvalue": "4.60e-19",
            "evalue": "3.43e-16"
          }, {
            "db": 0,
            "id": "MA0474.2",
            "alt": "ERG",
            "len": 10,
            "motif_evalue": 0,
            "motif_nsites": 6610,
            "url": "http://jaspar.genereg.net/matrix/MA0474.2",
            "pwm": [
              [0.690764, 0.0405492, 0.128293, 0.140394], 
              [0.113195, 0.800063, 0.0697427, 0.0169995], 
              [0.121439, 0.873199, 0.00421171, 0.00114978], 
              [0.00022179, 4.7708e-06, 0.999771, 2.79338e-06], 
              [2.79338e-06, 0.000222768, 0.993463, 0.0063127], 
              [0.994109, 0.0043587, 4.7708e-06, 0.00152677], 
              [0.769066, 0.0200485, 0.00118375, 0.209702], 
              [0.423941, 0.0213084, 0.548782, 0.0059677], 
              [0.0206225, 0.238713, 0.053436, 0.687229], 
              [0.220323, 0.240912, 0.365308, 0.173456]
            ],
            "pos": 182,
            "neg": 1092,
            "tp": 63,
            "fp": 80,
            "positive_thresh": 182,
            "true_positive_thresh": 1.01642,
            "number_of_tests": 143,
            "corrected_pvalue": "1.15e-18",
            "evalue": "8.57e-16"
          }, {
            "db": 0,
            "id": "MA0062.3",
            "alt": "GABPA",
            "len": 14,
            "motif_evalue": 0,
            "motif_nsites": 65479,
            "url": "http://jaspar.genereg.net/matrix/MA0062.3",
            "pwm": [
              [0.242627, 0.258434, 0.243513, 0.255425], 
              [0.167703, 0.331083, 0.210006, 0.291208], 
              [0.116663, 0.632233, 0.106737, 0.144367], 
              [0.798117, 0.0609054, 0.0744214, 0.0665562], 
              [0.0141883, 0.850104, 0.0331254, 0.102583], 
              [0.0593322, 0.0220384, 0.0147385, 0.903892], 
              [0.0131653, 0.0187855, 0.0249394, 0.943111], 
              [0.0213502, 0.937292, 0.0175635, 0.0237942], 
              [0.0151653, 0.963774, 0.00794147, 0.0131193], 
              [0.0262992, 0.0235504, 0.0696564, 0.880495], 
              [0.0338892, 0.0966423, 0.792925, 0.0765442], 
              [0.0816142, 0.183356, 0.1179, 0.617128], 
              [0.181783, 0.277249, 0.230318, 0.310649], 
              [0.206509, 0.265459, 0.201393, 0.326639]
            ],
            "pos": 182,
            "neg": 1092,
            "tp": 87,
            "fp": 166,
            "positive_thresh": 182,
            "true_positive_thresh": 2.03187,
            "number_of_tests": 398,
            "corrected_pvalue": "3.92e-18",
            "evalue": "2.92e-15"
          }, {
            "db": 0,
            "id": "MA0640.2",
            "alt": "ELF3",
            "len": 14,
            "motif_evalue": 0,
            "motif_nsites": 48502,
            "url": "http://jaspar.genereg.net/matrix/MA0640.2",
            "pwm": [
              [0.241165, 0.261041, 0.211435, 0.286359], 
              [0.202755, 0.271762, 0.245227, 0.280256], 
              [0.117191, 0.509896, 0.142881, 0.230032], 
              [0.133108, 0.576738, 0.0849865, 0.205167], 
              [0.837964, 0.0420606, 0.0539155, 0.0660592], 
              [0.0114224, 0.864912, 0.0281436, 0.0955222], 
              [0.0241433, 0.0282056, 0.0158346, 0.931815], 
              [0.00890736, 0.0194426, 0.0196696, 0.951979], 
              [0.0136494, 0.958331, 0.0116706, 0.0163503], 
              [0.00921636, 0.971237, 0.00975263, 0.00979336], 
              [0.0159993, 0.0271126, 0.0410096, 0.915878], 
              [0.0490083, 0.191291, 0.583872, 0.175828], 
              [0.185766, 0.27403, 0.287514, 0.252691], 
              [0.219764, 0.187312, 0.123727, 0.469196]
            ],
            "pos": 182,
            "neg": 1092,
            "tp": 80,
            "fp": 140,
            "positive_thresh": 182,
            "true_positive_thresh": 2.50614,
            "number_of_tests": 411,
            "corrected_pvalue": "6.48e-18",
            "evalue": "4.84e-15"
          }, {
            "db": 0,
            "id": "MA0076.2",
            "alt": "ELK4",
            "len": 11,
            "motif_evalue": 0,
            "motif_nsites": 3427,
            "url": "http://jaspar.genereg.net/matrix/MA0076.2",
            "pwm": [
              [0.0869599, 0.425442, 0.258537, 0.229062], 
              [0.114096, 0.555873, 0.16633, 0.163701], 
              [0.59351, 0.042319, 0.302889, 0.0612816], 
              [5.3878e-06, 0.784345, 0.00467807, 0.210971], 
              [0.00233932, 9.2018e-06, 9.2018e-06, 0.997642], 
              [5.3878e-06, 9.2018e-06, 9.2018e-06, 0.999976], 
              [5.3878e-06, 0.99998, 9.2018e-06, 5.3878e-06], 
              [5.3878e-06, 0.99998, 9.2018e-06, 5.3878e-06], 
              [5.3878e-06, 9.2018e-06, 0.850582, 0.149403], 
              [5.3878e-06, 0.146197, 0.829574, 0.0242237], 
              [0.0846249, 0.365625, 0.194927, 0.354824]
            ],
            "pos": 182,
            "neg": 1092,
            "tp": 79,
            "fp": 143,
            "positive_thresh": 182,
            "true_positive_thresh": 1.02817,
            "number_of_tests": 224,
            "corrected_pvalue": "3.68e-17",
            "evalue": "2.75e-14"
          }, {
            "db": 0,
            "id": "MA0765.2",
            "alt": "ETV5",
            "len": 11,
            "motif_evalue": 0,
            "motif_nsites": 26318,
            "url": "http://jaspar.genereg.net/matrix/MA0765.2",
            "pwm": [
              [0.172164, 0.304088, 0.270423, 0.253325], 
              [0.181701, 0.391633, 0.232882, 0.193784], 
              [0.737516, 0.0928268, 0.114637, 0.0550195], 
              [0.0118557, 0.913479, 0.0377701, 0.0368956], 
              [0.0396316, 0.043507, 0.0155041, 0.901357], 
              [0.00843567, 0.0363261, 0.0310061, 0.924231], 
              [0.00923367, 0.968309, 0.0127681, 0.00968966], 
              [0.0139456, 0.952236, 0.0189231, 0.0148956], 
              [0.0492065, 0.0662289, 0.712704, 0.17186], 
              [0.114636, 0.262976, 0.453833, 0.168554], 
              [0.177787, 0.318337, 0.229463, 0.274413]
            ],
            "pos": 182,
            "neg": 1092,
            "tp": 89,
            "fp": 189,
            "positive_thresh": 182,
            "true_positive_thresh": 1.08082,
            "number_of_tests": 298,
            "corrected_pvalue": "2.61e-16",
            "evalue": "1.95e-13"
          }, {
            "db": 0,
            "id": "MA0750.2",
            "alt": "ZBTB7A",
            "len": 13,
            "motif_evalue": 0,
            "motif_nsites": 14641,
            "url": "http://jaspar.genereg.net/matrix/MA0750.2",
            "pwm": [
              [0.282493, 0.239875, 0.284612, 0.19302], 
              [0.190083, 0.365822, 0.300321, 0.143774], 
              [0.032581, 0.851645, 0.10218, 0.0135932], 
              [0.17007, 0.771324, 0.0426219, 0.0159842], 
              [0.0118172, 0.0143451, 0.965094, 0.0087442], 
              [0.00778721, 0.0111351, 0.972539, 0.0085392], 
              [0.946242, 0.018717, 0.022883, 0.0121592], 
              [0.937021, 0.023429, 0.017829, 0.0217211], 
              [0.042963, 0.0485638, 0.895563, 0.0129102], 
              [0.0779327, 0.23448, 0.110854, 0.576734], 
              [0.119118, 0.16973, 0.624409, 0.0867437], 
              [0.185028, 0.29957, 0.400381, 0.115019], 
              [0.194659, 0.331671, 0.318899, 0.154771]
            ],
            "pos": 182,
            "neg": 1092,
            "tp": 62,
            "fp": 93,
            "positive_thresh": 182,
            "true_positive_thresh": 1.75084,
            "number_of_tests": 260,
            "corrected_pvalue": "2.29e-15",
            "evalue": "1.71e-12"
          }, {
            "db": 0,
            "id": "MA0156.2",
            "alt": "FEV",
            "len": 10,
            "motif_evalue": 0,
            "motif_nsites": 11007,
            "url": "http://jaspar.genereg.net/matrix/MA0156.2",
            "pwm": [
              [0.658577, 0.0521514, 0.141276, 0.147997], 
              [0.124268, 0.773223, 0.0765892, 0.0259214], 
              [0.077556, 0.91562, 0.00644481, 0.000380674], 
              [0.00179166, 2.86501e-06, 0.997929, 0.000276675], 
              [0.000276675, 0.000140864, 0.998341, 0.00124067], 
              [0.995598, 0.00151385, 0.000414861, 0.00247366], 
              [0.754706, 0.0160357, 0.000627859, 0.228631], 
              [0.300951, 0.0331996, 0.657503, 0.0083466], 
              [0.0437973, 0.179622, 0.0615533, 0.715028], 
              [0.294425, 0.187363, 0.311396, 0.206816]
            ],
            "pos": 182,
            "neg": 1092,
            "tp": 54,
            "fp": 71,
            "positive_thresh": 182,
            "true_positive_thresh": 1.01587,
            "number_of_tests": 126,
            "corrected_pvalue": "4.81e-15",
            "evalue": "3.59e-12"
          }, {
            "db": 0,
            "id": "MA0136.2",
            "alt": "ELF5",
            "len": 11,
            "motif_evalue": 0,
            "motif_nsites": 3762,
            "url": "http://jaspar.genereg.net/matrix/MA0136.2",
            "pwm": [
              [0.6422, 0.0669926, 0.0800173, 0.210791], 
              [0.228651, 0.430334, 0.178843, 0.162173], 
              [0.205496, 0.510717, 0.263586, 0.0202004], 
              [0.335091, 0.581009, 0.0710245, 0.0128756], 
              [0.000905884, 8.38242e-06, 0.993075, 0.00601075], 
              [0.00149987, 8.38242e-06, 0.991013, 0.00747871], 
              [0.994085, 0.00406027, 0.000376373, 0.00147787], 
              [0.896322, 0.0206718, 8.38242e-06, 0.0829977], 
              [0.22328, 0.0388933, 0.716748, 0.0210783], 
              [0.120002, 0.18013, 0.0784973, 0.621372], 
              [0.34809, 0.134669, 0.276589, 0.240652]
            ],
            "pos": 182,
            "neg": 1092,
            "tp": 94,
            "fp": 222,
            "positive_thresh": 182,
            "true_positive_thresh": 1.12782,
            "number_of_tests": 350,
            "corrected_pvalue": "5.89e-15",
            "evalue": "4.40e-12"
          }, {
            "db": 0,
            "id": "MA0473.3",
            "alt": "ELF1",
            "len": 14,
            "motif_evalue": 0,
            "motif_nsites": 47770,
            "url": "http://jaspar.genereg.net/matrix/MA0473.3",
            "pwm": [
              [0.390999, 0.180595, 0.241574, 0.186833], 
              [0.390371, 0.163994, 0.236655, 0.208981], 
              [0.365083, 0.265836, 0.218547, 0.150534], 
              [0.0647693, 0.793865, 0.100879, 0.0404863], 
              [0.882645, 0.0845305, 0.0195106, 0.0133144], 
              [0.00669937, 0.00881364, 0.976386, 0.00810137], 
              [0.0135864, 0.0105716, 0.962318, 0.0135234], 
              [0.96148, 0.0166636, 0.0141516, 0.00770437], 
              [0.947099, 0.0147586, 0.0163076, 0.0218343], 
              [0.0850532, 0.0328666, 0.873727, 0.00835337], 
              [0.0629893, 0.0417216, 0.0420146, 0.853275], 
              [0.119071, 0.0886755, 0.72759, 0.0646643], 
              [0.262947, 0.247917, 0.354197, 0.134938], 
              [0.251622, 0.265459, 0.282018, 0.2009]
            ],
            "pos": 182,
            "neg": 1092,
            "tp": 68,
            "fp": 116,
            "positive_thresh": 182,
            "true_positive_thresh": 2.54682,
            "number_of_tests": 318,
            "corrected_pvalue": "6.34e-15",
            "evalue": "4.73e-12"
          }, {
            "db": 0,
            "id": "MA1508.1",
            "alt": "IKZF1",
            "len": 12,
            "motif_evalue": 0,
            "motif_nsites": 10918,
            "url": "http://jaspar.genereg.net/matrix/MA1508.1",
            "pwm": [
              [0.301794, 0.188222, 0.354735, 0.155248], 
              [0.383493, 0.20993, 0.262685, 0.143891], 
              [0.743904, 0.106065, 0.092235, 0.0577952], 
              [0.836869, 0.0433255, 0.0875641, 0.0322414], 
              [0.0616421, 0.79483, 0.116507, 0.0270214], 
              [0.93368, 0.0194197, 0.0230837, 0.0238155], 
              [0.0114506, 0.0097118, 0.968028, 0.0108096], 
              [0.0382863, 0.0163057, 0.932857, 0.0125496], 
              [0.945496, 0.0226257, 0.0272056, 0.00467265], 
              [0.939176, 0.0104438, 0.0239077, 0.0264714], 
              [0.302252, 0.153417, 0.450539, 0.0937908], 
              [0.203426, 0.273951, 0.212219, 0.310404]
            ],
            "pos": 182,
            "neg": 1092,
            "tp": 86,
            "fp": 190,
            "positive_thresh": 182,
            "true_positive_thresh": 2.21784,
            "number_of_tests": 441,
            "corrected_pvalue": "1.93e-14",
            "evalue": "1.44e-11"
          }, {
            "db": 0,
            "id": "MA0039.4",
            "alt": "KLF4",
            "len": 12,
            "motif_evalue": 0,
            "motif_nsites": 55817,
            "url": "http://jaspar.genereg.net/matrix/MA0039.4",
            "pwm": [
              [0.2252, 0.313883, 0.255173, 0.205744], 
              [0.205798, 0.2515, 0.330957, 0.211746], 
              [0.0441623, 0.881612, 0.0283615, 0.0458642], 
              [0.0377133, 0.857533, 0.0217505, 0.0830032], 
              [0.125786, 0.813461, 0.0254765, 0.0352763], 
              [0.0210153, 0.947291, 0.0142075, 0.0174863], 
              [0.81699, 0.00288456, 0.118208, 0.0619172], 
              [0.0152643, 0.938172, 0.0263365, 0.0202273], 
              [0.0289703, 0.915706, 0.0335025, 0.0218213], 
              [0.0215353, 0.914505, 0.0180055, 0.0459542], 
              [0.291381, 0.326943, 0.112726, 0.26895], 
              [0.178422, 0.344286, 0.25838, 0.218912]
            ],
            "pos": 182,
            "neg": 1092,
            "tp": 70,
            "fp": 127,
            "positive_thresh": 182,
            "true_positive_thresh": 2.91006,
            "number_of_tests": 542,
            "corrected_pvalue": "3.75e-14",
            "evalue": "2.80e-11"
          }, {
            "db": 0,
            "id": "MA0645.1",
            "alt": "ETV6",
            "len": 10,
            "motif_evalue": 0,
            "motif_nsites": 22662,
            "url": "http://jaspar.genereg.net/matrix/MA0645.1",
            "pwm": [
              [0.415408, 0.28956, 0.20669, 0.0883424], 
              [0.0457896, 0.320525, 0.574641, 0.0590446], 
              [0.17243, 0.745208, 0.0463802, 0.0359817], 
              [0.00104481, 1.39155e-06, 0.997015, 0.00193881], 
              [0.0031208, 1.39155e-06, 0.993608, 0.0032698], 
              [0.99895, 1.39155e-06, 0.00104739, 8.14775e-07], 
              [0.987299, 0.00192038, 0.00472637, 0.00605379], 
              [0.102305, 0.00692836, 0.890766, 8.14775e-07], 
              [0.0231807, 0.105065, 0.0293533, 0.842401], 
              [0.306414, 0.0511452, 0.479287, 0.163152]
            ],
            "pos": 182,
            "neg": 1092,
            "tp": 72,
            "fp": 148,
            "positive_thresh": 182,
            "true_positive_thresh": 1.06141,
            "number_of_tests": 229,
            "corrected_pvalue": "9.39e-13",
            "evalue": "7.01e-10"
          }, {
            "db": 0,
            "id": "MA1107.2",
            "alt": "KLF9",
            "len": 16,
            "motif_evalue": 0,
            "motif_nsites": 25579,
            "url": "http://jaspar.genereg.net/matrix/MA1107.2",
            "pwm": [
              [0.209508, 0.407053, 0.203292, 0.180148], 
              [0.313342, 0.199695, 0.304117, 0.182845], 
              [0.111889, 0.16975, 0.658821, 0.0595415], 
              [0.182337, 0.697407, 0.064898, 0.0553585], 
              [0.0112207, 0.965985, 0.0113782, 0.0114167], 
              [0.856129, 0.100044, 0.0276801, 0.0161467], 
              [0.00864069, 0.972005, 0.0138012, 0.0055517], 
              [0.750106, 0.0418321, 0.169671, 0.0383916], 
              [0.00875769, 0.952537, 0.0287361, 0.00996968], 
              [0.0949224, 0.864653, 0.0236531, 0.0167727], 
              [0.0057087, 0.964929, 0.0080152, 0.0213466], 
              [0.736422, 0.169632, 0.0333101, 0.0606365], 
              [0.0309636, 0.807066, 0.069511, 0.0924594], 
              [0.271629, 0.343915, 0.128583, 0.255874], 
              [0.160679, 0.411275, 0.172916, 0.255131], 
              [0.229681, 0.372141, 0.222096, 0.176082]
            ],
            "pos": 182,
            "neg": 1092,
            "tp": 84,
            "fp": 198,
            "positive_thresh": 182,
            "true_positive_thresh": 1.22468,
            "number_of_tests": 314,
            "corrected_pvalue": "1.10e-12",
            "evalue": "8.23e-10"
          }, {
            "db": 0,
            "id": "MA0475.2",
            "alt": "FLI1",
            "len": 10,
            "motif_evalue": 0,
            "motif_nsites": 54661,
            "url": "http://jaspar.genereg.net/matrix/MA0475.2",
            "pwm": [
              [0.797387, 0.0267105, 0.0938884, 0.0820152], 
              [0.0601292, 0.895688, 0.0381825, 0.00600133], 
              [0.0603672, 0.937695, 0.00193657, 3.378e-07], 
              [0.000115338, 5.76927e-07, 0.999838, 4.63377e-05], 
              [3.378e-07, 5.76927e-07, 0.998624, 0.00137534], 
              [0.99883, 0.000481576, 0.000435576, 0.000252337], 
              [0.873378, 0.00460957, 0.000481576, 0.121531], 
              [0.431859, 0.0127286, 0.553536, 0.00187633], 
              [0.0193033, 0.24044, 0.0427385, 0.697518], 
              [0.244161, 0.177029, 0.425825, 0.152985]
            ],
            "pos": 182,
            "neg": 1092,
            "tp": 41,
            "fp": 51,
            "positive_thresh": 182,
            "true_positive_thresh": 1.08663,
            "number_of_tests": 96,
            "corrected_pvalue": "1.59e-11",
            "evalue": "1.19e-8"
          }, {
            "db": 0,
            "id": "MA0080.5",
            "alt": "SPI1",
            "len": 20,
            "motif_evalue": 0,
            "motif_nsites": 133203,
            "url": "http://jaspar.genereg.net/matrix/MA0080.5",
            "pwm": [
              [0.316817, 0.169568, 0.288319, 0.225295], 
              [0.362154, 0.159621, 0.257329, 0.220896], 
              [0.406552, 0.151521, 0.280332, 0.161595], 
              [0.591811, 0.0857642, 0.194388, 0.128038], 
              [0.614881, 0.0921082, 0.192038, 0.100974], 
              [0.748774, 0.0218762, 0.101191, 0.128158], 
              [0.11487, 0.0822652, 0.756927, 0.0459371], 
              [0.848982, 0.0257132, 0.0941722, 0.0311331], 
              [0.0392631, 0.00426423, 0.943695, 0.0127771], 
              [0.0249471, 0.00716223, 0.958229, 0.00966213], 
              [0.969774, 0.0100522, 0.0105632, 0.00960913], 
              [0.960097, 0.00594623, 0.00982023, 0.0241361], 
              [0.0846751, 0.0745552, 0.824321, 0.0164491], 
              [0.104585, 0.0279052, 0.0542862, 0.813225], 
              [0.0827911, 0.0953212, 0.776897, 0.0449911], 
              [0.682605, 0.0849532, 0.155004, 0.0774381], 
              [0.456679, 0.150995, 0.229552, 0.162774], 
              [0.446386, 0.127077, 0.219124, 0.207413], 
              [0.295872, 0.197038, 0.261473, 0.245618], 
              [0.321599, 0.186813, 0.21272, 0.278868]
            ],
            "pos": 182,
            "neg": 1092,
            "tp": 77,
            "fp": 179,
            "positive_thresh": 182,
            "true_positive_thresh": 2.6297,
            "number_of_tests": 349,
            "corrected_pvalue": "2.22e-11",
            "evalue": "1.66e-8"
          }, {
            "db": 0,
            "id": "MA1515.1",
            "alt": "KLF2",
            "len": 11,
            "motif_evalue": 0,
            "motif_nsites": 4622,
            "url": "http://jaspar.genereg.net/matrix/MA1515.1",
            "pwm": [
              [0.228039, 0.297707, 0.285592, 0.188663], 
              [0.407595, 0.17912, 0.342967, 0.0703175], 
              [0.11944, 0.744994, 0.0797921, 0.0557728], 
              [0.0729704, 0.836853, 0.0336831, 0.0564938], 
              [0.566344, 0.277541, 0.12989, 0.0262254], 
              [3.99483e-06, 0.98339, 6.82276e-06, 0.0165996], 
              [0.336161, 0.0541237, 0.576727, 0.0329873], 
              [3.99483e-06, 0.984857, 0.0104476, 0.00469189], 
              [0.0258414, 0.93297, 0.039368, 0.00182096], 
              [0.0129837, 0.882217, 0.0200484, 0.0847512], 
              [0.397658, 0.24708, 0.084168, 0.271093]
            ],
            "pos": 182,
            "neg": 1092,
            "tp": 56,
            "fp": 96,
            "positive_thresh": 182,
            "true_positive_thresh": 2.68939,
            "number_of_tests": 488,
            "corrected_pvalue": "2.50e-11",
            "evalue": "1.87e-8"
          }, {
            "db": 0,
            "id": "MA0760.1",
            "alt": "ERF",
            "len": 10,
            "motif_evalue": 0,
            "motif_nsites": 245,
            "url": "http://jaspar.genereg.net/matrix/MA0760.1",
            "pwm": [
              [0.836469, 0.016449, 0.134768, 0.0123153], 
              [0.0276231, 0.806886, 0.0316118, 0.133879], 
              [0.105964, 0.868418, 0.0255423, 7.53346e-05], 
              [7.53346e-05, 0.000128664, 0.999721, 7.53346e-05], 
              [7.53346e-05, 0.0145458, 0.985304, 7.53346e-05], 
              [0.962124, 0.0142079, 0.0142079, 0.0094615], 
              [0.872059, 0.000128664, 0.000128664, 0.127683], 
              [0.269702, 0.0560268, 0.674196, 7.53346e-05], 
              [7.53346e-05, 0.159597, 0.0429132, 0.797415], 
              [0.303873, 0.137328, 0.450925, 0.107874]
            ],
            "pos": 182,
            "neg": 1092,
            "tp": 44,
            "fp": 65,
            "positive_thresh": 182,
            "true_positive_thresh": 1.07995,
            "number_of_tests": 111,
            "corrected_pvalue": "1.51e-10",
            "evalue": "1.13e-7"
          }, {
            "db": 0,
            "id": "MA0759.1",
            "alt": "ELK3",
            "len": 10,
            "motif_evalue": 0,
            "motif_nsites": 3700,
            "url": "http://jaspar.genereg.net/matrix/MA0759.1",
            "pwm": [
              [0.604584, 0.0794654, 0.192706, 0.123245], 
              [0.0958684, 0.797207, 0.0794794, 0.0274452], 
              [0.0504446, 0.940294, 0.00589336, 0.0033679], 
              [0.000451978, 8.52287e-06, 0.999535, 4.99027e-06], 
              [0.000866967, 0.00173148, 0.963791, 0.0336101], 
              [0.995085, 0.00312244, 0.00134349, 0.000449978], 
              [0.849583, 0.0163391, 8.52287e-06, 0.134069], 
              [0.163925, 0.0806513, 0.736329, 0.0190965], 
              [0.0496256, 0.160043, 0.055216, 0.735115], 
              [0.347783, 0.14216, 0.290122, 0.219936]
            ],
            "pos": 182,
            "neg": 1092,
            "tp": 42,
            "fp": 59,
            "positive_thresh": 182,
            "true_positive_thresh": 1.14719,
            "number_of_tests": 114,
            "corrected_pvalue": "1.70e-10",
            "evalue": "1.27e-7"
          }, {
            "db": 0,
            "id": "MA1484.1",
            "alt": "ETS2",
            "len": 10,
            "motif_evalue": 0,
            "motif_nsites": 16738,
            "url": "http://jaspar.genereg.net/matrix/MA1484.1",
            "pwm": [
              [0.314314, 0.169077, 0.340662, 0.175947], 
              [0.79432, 0.0223538, 0.148824, 0.0345019], 
              [0.0344099, 0.8957, 0.0698895, 1.10314e-06], 
              [0.0709897, 0.929007, 1.88405e-06, 1.10314e-06], 
              [0.000419101, 1.88405e-06, 0.99928, 0.000300101], 
              [0.000240102, 0.000419882, 0.999339, 1.10314e-06], 
              [0.998802, 0.000777879, 0.000419882, 1.10314e-06], 
              [0.691914, 0.0121888, 1.88405e-06, 0.295895], 
              [0.181764, 1.88405e-06, 0.818233, 1.10314e-06], 
              [1.10314e-06, 0.485991, 0.0247907, 0.489216]
            ],
            "pos": 182,
            "neg": 1092,
            "tp": 38,
            "fp": 50,
            "positive_thresh": 182,
            "true_positive_thresh": 1.41707,
            "number_of_tests": 108,
            "corrected_pvalue": "5.72e-10",
            "evalue": "4.27e-7"
          }, {
            "db": 0,
            "id": "MA0081.2",
            "alt": "SPIB",
            "len": 16,
            "motif_evalue": 0,
            "motif_nsites": 26930,
            "url": "http://jaspar.genereg.net/matrix/MA0081.2",
            "pwm": [
              [0.198552, 0.215262, 0.1495, 0.436687], 
              [0.173858, 0.307947, 0.168735, 0.349461], 
              [0.0809134, 0.23873, 0.118568, 0.561789], 
              [0.0140746, 0.890121, 0.0639069, 0.0318986], 
              [0.903042, 0.0229871, 0.0248431, 0.0491275], 
              [0.00887565, 0.844038, 0.0934278, 0.0536585], 
              [0.0167106, 0.00876414, 0.00583115, 0.968694], 
              [0.00705566, 0.00742814, 0.00902414, 0.976492], 
              [0.00764966, 0.970848, 0.00568215, 0.0158196], 
              [0.0102126, 0.9466, 0.00479115, 0.0383965], 
              [0.0321206, 0.167732, 0.0679179, 0.73223], 
              [0.0378765, 0.74686, 0.0860019, 0.129261], 
              [0.184293, 0.145638, 0.0290021, 0.641067], 
              [0.105384, 0.201448, 0.0774979, 0.615668], 
              [0.154437, 0.223877, 0.0894548, 0.532231], 
              [0.149499, 0.318938, 0.154661, 0.376902]
            ],
            "pos": 182,
            "neg": 1092,
            "tp": 66,
            "fp": 151,
            "positive_thresh": 182,
            "true_positive_thresh": 2.31949,
            "number_of_tests": 317,
            "corrected_pvalue": "2.01e-9",
            "evalue": "1.50e-6"
          }, {
            "db": 0,
            "id": "MA0079.4",
            "alt": "SP1",
            "len": 15,
            "motif_evalue": 0,
            "motif_nsites": 49663,
            "url": "http://jaspar.genereg.net/matrix/MA0079.4",
            "pwm": [
              [0.158388, 0.267261, 0.195135, 0.379216], 
              [0.553794, 0.0367206, 0.0195966, 0.38989], 
              [0.565614, 0.0299496, 0.381259, 0.0231773], 
              [0.278959, 6.34988e-07, 0.718113, 0.00292737], 
              [0.0192323, 0.976649, 0.00163963, 0.00247937], 
              [0.00107137, 0.966422, 6.34988e-07, 0.0325073], 
              [0.768868, 0.231131, 6.34988e-07, 3.71795e-07], 
              [3.71795e-07, 0.999375, 6.34988e-07, 0.000624371], 
              [0.0188843, 6.34988e-07, 0.964042, 0.0170733], 
              [3.71795e-07, 0.999657, 6.34988e-07, 0.000342371], 
              [0.000161371, 0.999838, 6.34988e-07, 3.71795e-07], 
              [3.71795e-07, 0.971321, 6.34988e-07, 0.0286783], 
              [0.490865, 0.481512, 0.000299634, 0.0273233], 
              [0.0236903, 0.745633, 0.0182196, 0.212458], 
              [0.25367, 0.314238, 0.0612935, 0.370799]
            ],
            "pos": 182,
            "neg": 1092,
            "tp": 23,
            "fp": 16,
            "positive_thresh": 182,
            "true_positive_thresh": 3.15231,
            "number_of_tests": 63,
            "corrected_pvalue": "3.08e-9",
            "evalue": "2.30e-6"
          }, {
            "db": 0,
            "id": "MA0762.1",
            "alt": "ETV2",
            "len": 11,
            "motif_evalue": 0,
            "motif_nsites": 2202,
            "url": "http://jaspar.genereg.net/matrix/MA0762.1",
            "pwm": [
              [0.537677, 0.113996, 0.180751, 0.167576], 
              [0.968867, 0.00819695, 0.0188355, 0.0041002], 
              [0.0422285, 0.877011, 0.0807517, 8.38496e-06], 
              [0.0890293, 0.908645, 0.00231622, 8.38496e-06], 
              [8.38496e-06, 1.43206e-05, 0.999969, 8.38496e-06], 
              [8.38496e-06, 1.43206e-05, 0.999969, 8.38496e-06], 
              [0.999963, 1.43206e-05, 1.43206e-05, 8.38496e-06], 
              [0.891534, 0.000767286, 1.43206e-05, 0.107684], 
              [0.7139, 0.00170224, 0.284389, 8.38496e-06], 
              [0.0105469, 0.257614, 0.0386546, 0.693185], 
              [0.471098, 0.102232, 0.280002, 0.146669]
            ],
            "pos": 182,
            "neg": 1092,
            "tp": 29,
            "fp": 31,
            "positive_thresh": 182,
            "true_positive_thresh": 1.24562,
            "number_of_tests": 67,
            "corrected_pvalue": "5.93e-9",
            "evalue": "4.42e-6"
          }, {
            "db": 0,
            "id": "MA0741.1",
            "alt": "KLF16",
            "len": 11,
            "motif_evalue": 0,
            "motif_nsites": 3053,
            "url": "http://jaspar.genereg.net/matrix/MA0741.1",
            "pwm": [
              [0.218145, 0.175242, 0.527998, 0.0786145], 
              [0.332959, 0.595704, 0.0284644, 0.0428726], 
              [0.0359469, 0.934473, 0.00348822, 0.0260922], 
              [0.699922, 0.280585, 0.0194867, 6.04779e-06], 
              [0.0385108, 0.94047, 0.009928, 0.0110907], 
              [0.185102, 0.0644402, 0.600363, 0.150094], 
              [0.00494389, 0.99504, 1.0329e-05, 6.04779e-06], 
              [0.00123901, 0.993813, 0.00494217, 6.04779e-06], 
              [0.00926474, 0.93285, 0.00174627, 0.0561382], 
              [0.261517, 0.703159, 0.01138, 0.0239433], 
              [0.0157145, 0.791344, 0.011301, 0.18164]
            ],
            "pos": 182,
            "neg": 1092,
            "tp": 64,
            "fp": 148,
            "positive_thresh": 182,
            "true_positive_thresh": 2.859,
