HSCa	HSCb	HSCc	HSCd	MPP1a	MPP1b	MPP1c	MPP1d	MPP2a	MPP2b	MPP2c	MPP2d	MPP3a	MPP3b	MPP3c	MPP3d	MPP4a	MPP4b	MPP4c	MPP4d	CLPa	CLPb	GMPa	GMPb
Gnai3	1996.9	1742.4	2156.6	1524.7	1969	1764.2	2533.3	1811.4	1667.7	2161	994.6	940.3	1808.4	2313.7	1926.8	1280.1	1751.8	2086.7	1290	1290.2	2605.9	2709.2	5740.2	5368.7
Cdc45	119.7	198.3	97.4	227.1	393.2	457.2	383.6	449.4	891.3	555.2	851.8	829.4	739.8	636.8	362.6	358.2	559.7	289.6	493.4	760.5	1282.7	1321.7	1986.8	1991
H19	156.4	389.3	140.5	309.7	24.3	0	17	11.7	0	0	20.2	0	0	0	14.6	0	0	0	8.3	7.7	0	0	0	0
Scml2	102.9	65.1	31.1	117.4	102.2	50.8	46	63.6	144.8	178.3	98	255	134.1	123.2	125.3	75.9	178.1	37.8	65.4	46.2	41.4	25.1	14.1	20.1
Narf	80.8	317.6	281	203.2	220.9	151	178.8	361.3	338.9	503.5	789	556.5	142.1	158.5	152.9	301.6	310.1	280.8	280.6	302.7	538.7	547.3	592.5	564.2
Cav2	82.9	46.8	66.4	85.9	25	5.5	16	64.6	59.6	24.5	44.9	0	28.7	0	14.6	31.4	7.3	0	0	59	121.7	119.8	31.5	27.8
Klf6	1972.7	1684.6	1040.5	1285.6	753.6	1444.3	1103.8	694.2	947.8	850.5	545.2	409.8	717.5	403.5	739.9	450.3	947.4	651.9	581.4	946.5	2759.5	2601.1	542.8	550.7
Scmh1	298.2	393	345.2	399.9	622.7	521.7	295.7	177.2	181.8	261.3	390.4	418.7	458.9	271.4	362.6	320.8	510	190.6	305.6	411.7	947.7	855.8	477.7	530.6
Cox5a	1332.3	1476	2605.6	1969.1	2885.6	2988.9	2828	2957	4159.9	4460.7	5682.9	4488.7	2976	4094.9	5133.9	4144	3462.4	3515.6	4038.8	3954	1351.1	1443.9	1970	1652.6
Fer	8.4	137.6	22.6	80.4	222.4	82.4	4	146.9	90.4	57.2	47.9	29.5	11.2	27.1	16	2	95.7	0	84.4	20.5	29.4	42.3	55.7	77
Xpo6	618.4	867.2	763.1	879.2	764.3	665.9	629.3	874.4	634.6	728	836.1	744.4	977.6	756.3	818.5	568.7	764.4	1025.9	564.7	958	2547	2509.5	2126.3	2301
Tfe3	180.6	130.3	129.2	73.9	103.7	65.9	24	211.5	46.2	122.5	174.2	61.7	134.1	118.8	128.2	91.1	129.6	97.5	71.3	218	514.8	523.8	336.2	453.6
Brat1	194.2	205.6	254.1	161.9	157.3	237.5	156.8	218.3	334.8	318.4	104	48.3	263.4	72.6	231.6	172	350.1	218.3	118.9	278.3	701.8	779.9	763.6	645.1
Gna12	248.8	182.9	230.1	255.4	288.9	193.6	375.6	243.8	257.7	372.9	167.5	210.3	50.3	364.6	259.2	169	123.6	180.4	143.9	155.2	1737.8	1615.3	2748.3	2860.7
Slc22a18	150.1	84.2	168.7	218.4	85.1	87.9	126.9	167.4	40	166	36.6	180.7	97.4	39.6	77.2	38.5	124.8	65.5	116.5	50	4	8.6	65.8	40.1
Dlat	391.6	553.2	424.3	649.9	412.5	225.2	487.5	547.3	505.2	685.8	581.8	485.8	250.6	668.3	589.9	432.1	666.3	494.8	462.5	592.5	1192.8	1115	1933.8	1853.9
Sdhd	671.9	546.6	381.9	309.7	424.7	575.3	866.1	363.3	714.7	680.4	62.1	34.9	266.6	746.8	821.4	175.1	481	631.5	107	529.7	2691.1	2904.9	5714.7	5221.2
Ccnd2	19364.2	21247.4	16989.7	19796.7	12720.1	12390.7	10408	14597.9	10857.3	8871.1	10812.3	10233.6	9806.6	7801.7	8738.5	8241.4	8814.7	9381.4	9920.6	9063.6	4156.7	4172.6	2637.6	2322.3
Gpr107	330.7	377.6	362.1	214.1	190.9	168.9	112.9	146.9	68.8	176.9	209.4	370.4	271.3	286.8	233	186.2	83.6	161.5	192.6	221.9	526.8	453.4	609.9	524.1
Tspan32	3098.2	2607.4	1912.4	2347.3	2287.9	1698.3	2494.4	2087.5	3067.3	2374.6	2528.5	2813.8	1876.3	2413.5	2241.4	1732.5	2040.1	1770.9	1724	1631.4	890.4	909.1	2763.8	2564.3
Gmpr	208.9	281.7	314.1	316.2	426.8	314.4	355.6	314.3	472.4	654.6	604.3	928.7	265.8	226.7	383	387.6	284.7	142.6	262.8	388.6	217.2	227.9	726.7	687.8
Trim25	2016.8	1948	1796.6	1487.7	1317.7	1723	1461.5	1186.7	2238.6	1163.5	1867.4	2340.5	1687.1	1641	1810.3	1908.5	2156.4	1466.8	1902.3	1660.9	1401.2	1443.1	425.4	560.4
Dgke	179.5	232.7	311.3	439	215.9	269.1	75.9	330.9	136.6	140.2	64.3	200.4	134.9	149.7	228.7	216.6	167.2	430.7	171.2	147.5	457.5	426	62.4	99
Scpep1	318.1	300.8	221	213	161.6	81	83.9	193.9	103.7	65.3	154.1	134.2	180.4	126.2	53.9	212.5	392.5	311.4	209.3	516.9	2731.6	2828.2	815.9	772
Mnt	680.3	987.9	1019.4	843.3	578.4	749.6	948	1012.4	664.4	756.6	487.6	538.6	601.7	579.5	757.3	543.4	418	659.2	793	665.6	284.9	238	100	63.4
Itgb2	288.7	201.2	312.7	181.5	574.1	377.6	534.4	619.8	495	572.9	649.9	609.3	117.3	297.8	269.4	134.6	65.4	656.3	229.5	555.3	1873.1	2045.2	1201.7	1267.6
Hddc2	340.2	139.8	412.3	417.3	197.3	210.1	489.5	336.8	339.9	285.8	240.1	150.3	285.7	194.4	246.1	281.3	140.5	401.6	330.5	234.7	436	456.5	349.6	287.9
Pemt	45.1	78.3	93.2	19.6	0	60.4	0	20.6	0	43.5	95	31.3	0	2.9	18.9	21.3	157.5	65.5	63	19.2	56.5	48.5	101.3	104.8
Cdh1	0	0	18.4	1.1	0	0	12	10.8	0	5.4	51.6	0	41.5	95.4	21.8	0	0	0	0	29.5	1090.9	945.1	115.4	152.1
Bcl6b	185.8	76.1	50.1	75	45	13.7	5	51.9	0	0	0	44.7	23.9	0	0	17.2	2.4	13.1	26.2	3.8	5.6	14.1	0	0
Clec10a	0	24.1	9.2	0	0	0	11	36.2	105.8	83	33.7	23.3	146.8	283.2	138.4	174.1	178.1	238.6	168.8	191.1	689.9	750.1	167.1	148.2
Arvcf	11.5	29.3	10.6	19.6	23.6	116.7	81.9	92	113	76.2	16.5	151.2	162.8	44	61.2	44.5	63	116.4	11.9	53.9	323.9	300.7	42.3	12.3
Comt	1364.9	795.5	701	493.4	753.6	723.5	529.4	455.3	419	559.3	332	382	508.4	710.1	648.1	659.8	855.3	592.2	653.9	1240.2	701.8	744.6	1184.3	1245
Rtca	473.5	494.7	487.1	372.7	605.6	497	326.7	375	473.4	955.3	647.6	804.3	604.1	825.3	352.5	494.8	615.4	320.1	568.3	552.8	506.1	501.1	654.2	671
Dbt	659.3	513	312.7	248.9	243.1	414.6	338.6	404.4	221.8	336.1	240.8	349.8	283.3	350.7	356.8	248.9	292	419.1	198.6	297.5	300	260.7	330.1	363.7
Dazap2	4190.1	4719.3	6854.6	5660.7	4816.8	5296.8	6953.6	5264.8	5419.9	6631.2	5666.4	6466	6551.3	5707.3	6290.3	5761.1	5604.3	6540.9	5619	4272.1	7231.3	7309.3	8905.2	8120.1
Mcts1	1117.1	911.1	1426	1663.8	1175.4	1473.2	2000.9	1460.9	1294.9	1577.2	1650.5	858.9	1719	1222.1	1814.7	2026.9	1187.2	1955.7	1831	1459.5	551.4	565.3	883.7	769.4
Trappc10	1065.6	826.9	763.1	986.7	796.5	414.6	773.2	904.7	825.6	1462.9	1302.7	972.5	572.2	678.6	1082.1	854.1	633.6	730.5	887	936.2	469.5	454.9	371.1	345.5
Ccm2	583.7	590.6	516.7	343.4	561.3	797.7	312.7	216.4	496	396	387.4	222.8	627.3	366.1	367	203.4	627.5	484.6	456.6	510.4	1386.9	1528.4	1001.8	926.6
Tbrg4	369.6	354.2	316.3	268.4	140.9	324	273.7	212.5	639.8	298	337.3	628.1	308.9	537	346.6	373.4	525.8	228.5	330.5	541.2	335	351.6	302.6	377.9
Mx1	80.8	94.4	213.2	54.3	24.3	1.4	105.9	34.3	18.5	61.2	0	88.6	92.6	0	24.8	27.3	99.3	23.3	218.8	84.6	62.1	58.7	0.7	19.4
Ndufa9	762.2	561.3	931.1	792.2	671.4	838.9	991	734.4	1068	861.4	1053.7	1546	837.2	966.9	809.8	831.8	1028.5	291	847.7	1285.1	1598.6	1647.4	2590.6	2392.9
Lck	187.9	86.4	243.5	140.2	178	59	253.7	190.9	64.7	89.8	223.6	101.1	193.1	82.9	173.3	466.5	493.1	727.6	866.7	669.5	1580.3	1512.8	14.8	31.1
Galnt1	1824.7	2336.6	2203.2	2310.4	3517.7	2826.9	2321.5	3069.6	4281.1	4075.6	4016.7	4040.5	2705.4	3121.4	3349.8	2751.5	2570.8	2588.7	2461.1	2453.5	2796.9	2948.8	4059.4	4078.5
Mkrn2	267.7	494	392.5	470.5	400.4	232	344.6	285.9	529.9	404.2	281.9	353.4	399	387.3	399.1	327.9	283.5	816.3	324.6	337.3	468.7	443.2	486.5	432.9
Raf1	782.2	728.9	1203.6	863.9	535.5	1161.5	1098.8	888.1	1173.7	985.2	631.2	249.6	999.2	690.3	1029.7	894.6	959.5	876	417.3	809.3	902.3	781.4	817.9	798.5
Sept1	123.9	185.1	168.7	200	185.9	151	86.9	207.6	151	102.1	320.8	272.9	345.6	228.9	221.4	592	301.7	423.4	642	316.8	1643.9	1877.6	175.1	156.6
Pdgfb	171.1	60.7	177.9	132.6	45	103	240.7	101.8	119.1	66.7	14.2	1.8	2.4	0	0	0	6.1	66.9	9.5	85.9	6.4	11	0	6.5
Grasp	246.7	199	153.9	219.5	135.1	56.3	156.8	56.8	14.4	39.5	18.7	40.3	43.1	41.8	59.7	195.3	136.9	117.9	111.8	65.4	166.3	145.6	10.1	22.6
Acvr1b	341.2	234.2	499.8	204.3	519.1	341.9	345.6	471	299.9	672.2	234.1	229	498	366.1	522.9	415.9	220.5	138.2	246.1	209.1	20.7	35.2	30.2	40.1
Tom1l2	866.2	602.3	1068.8	1115	908	638.4	562.4	518	361.5	440.9	645.4	668.3	255.4	205.4	466.1	530.3	415.5	640.3	555.2	278.3	540.3	420.5	142.2	99.6
Zfp385a	264.6	131.7	202.6	161.9	340.3	68.6	246.7	277.1	293.7	295.3	560.1	634.3	150.8	197.3	104.9	129.5	23	103.3	116.5	75.7	265	266.2	150.3	114.5
Itga5	138.6	76.8	91.1	177.1	110.1	30.2	69.9	48	99.6	85.7	83	160.2	67.8	16.1	5.8	18.2	23	0	26.2	3.8	382.7	321.8	629.4	720.8
Wdr77	1150.7	1244.8	1718.2	1464.9	1173.3	1109.3	2240.6	1851.5	1586.5	2155.5	2071.5	1367.1	1539.5	1458.4	2263.3	1654.5	1164.2	1344.6	1714.5	1358.2	693.9	685.9	1167.5	1144
Atp5f1	2062	1464.3	2098.7	2421.2	2554.6	2112.9	3201.6	2311.7	2536.4	3019.6	3113.3	2601.8	2100.5	2767.1	3011.9	2246.5	2517.5	1938.3	2728.6	4569.7	2602.7	2655.9	3725.9	3712.2
Hnrnpd	2665.7	3342.1	1826.3	1438.8	3614.9	3123.4	2203.7	2520.3	4722.7	2513.4	3261.3	3556.4	3105.3	4305.4	2388.5	3083.4	3114.7	3031.1	2519.4	3019.1	6142.8	5920.3	4705.6	4674.4
C1d	661.4	432.5	484.3	649.9	484.8	530	535.4	629.6	557.6	649.1	299.1	318.5	524.3	543.6	614.6	434.1	348.9	362.3	607.6	457.9	886.4	994.4	1570.1	1432
Gm2a	905	658.6	937.5	733.5	1033.9	869.1	881.1	1047.7	1020.7	1262.8	1376.8	1559.5	2157.2	1897	2183.2	2031	1456.2	2022.7	2225.7	2915.2	6669.6	6810.5	7589.4	7269.8
Krit1	1192.7	1258.7	960.8	1125.8	1098.9	766.1	927	977.2	885.2	745.7	839.8	500.1	548.3	842.9	850.5	975.5	957.1	689.7	674.1	550.2	628.6	537.9	428.1	476.2
Clcn4	894.5	1209.6	909.2	780.3	983.8	859.5	1037.9	920.4	942.7	994.8	980.4	676.4	886.7	1152.5	984.5	692.2	945	969.1	738.3	937.5	852.2	868.3	1034	846.4
Hk2	1529.7	1531.6	959.4	1275.8	971.7	701.6	1135.8	1473.6	781.5	860	907.9	1103.2	1378.3	1247.8	1153.5	877.4	1144.8	1348.9	890.5	1145.3	197.3	184.8	532.8	794.6
Myo18a	1475.1	1656	1121.7	1158.4	1138.2	1105.2	683.3	1318.9	739.4	832.8	1230.9	1299.1	1639.2	726.2	984.5	1164.8	1316.9	983.7	1164	946.5	1939.1	1751.6	732	916.9
Haao	0	0	9.9	26.1	47.9	1.4	97.9	12.7	45.2	15	61.3	272	119.7	85.8	46.6	47.6	119.9	75.7	162.9	227	584	678.1	505.9	426.4
Cd52	0	24.9	125.7	39.1	186.6	59	778.2	333.9	274.2	615.1	363.5	1006.5	1255.4	772.5	1341.4	912.8	1356.9	2146.3	1905.9	2509.9	1712.4	1797	1167.5	1046.3
Abhd15	23.1	84.9	43.8	30.4	74.4	167.5	43	68.5	21.6	12.2	43.4	0	0	115.9	77.2	35.4	49.7	46.6	84.4	69.3	536.3	520.7	239.5	227.1
Loxl3	47.2	179.3	66.4	18.5	64.3	54.9	33	76.4	0	68	0	0	24.7	12.5	0	1	1.2	0	21.4	39.8	4.8	14.1	14.1	29.8
Kat2b	930.2	868.6	992.5	787.9	599.9	632.9	1010.9	699.1	629.5	1051.9	249.8	141.4	668	507.6	741.3	327.9	918.3	865.8	211.6	590	117	102.6	73.1	91.9
Rab5b	1099.2	1542.6	1343.4	1464.9	928.8	1197.2	1356.6	919.4	660.3	865.5	740.4	779.3	1013.5	1173.7	878.2	878.4	739	729	876.3	915.7	197.3	189.5	202.6	183.1
Icosl	17.8	27.1	9.2	17.4	1.4	19.2	46	35.2	0	32.7	20.9	25.1	17.6	0	1.5	31.4	24.2	29.1	59.4	55.1	257	227.1	61.1	78.9
Spg7	348.6	700.3	438.4	444.5	561.3	358.3	384.6	530.7	729.1	566.1	677.5	755.1	719.1	559.7	425.3	641.6	518.5	458.4	639.7	493.8	1096.5	1064.9	890.4	811.4
Rpl13	15972	12305.7	15137.3	15354.2	10690.3	11196.3	14946.2	12153	10749.4	13310.1	11323.1	17309.8	10597.5	8993.7	11163.5	11460.4	10244.3	13800.7	12637.3	17061.5	279.3	278.7	279.1	251.1
Chmp1a	364.3	346.1	187.1	284.7	168	221	161.8	156.7	122.2	251.8	278.2	359.7	291.3	231.8	148.6	392.6	224.1	190.6	288.9	196.2	1692.5	1678	1660.7	1655.2
Rpa1	1191.6	1032.5	984.1	595.5	1635.2	1727.2	1358.6	1056.5	1881.3	1882	1589.2	2022.9	1723	1692.4	1377.8	1178.9	1728.8	1225.2	1469.5	1864.8	3513.8	3287	2948.9	2781.8
Serpinf1	312.9	321.3	197	214.1	146.6	100.2	232.8	200.7	13.3	61.2	40.4	41.2	326.4	117.4	64.1	99.2	86	277.9	129.6	170.6	304.8	345.3	1722.4	1668.8
Tubgcp3	959.6	665.9	692.5	794.4	940.9	707.1	779.2	679.5	1038.2	1004.3	539.9	272	773.3	1140.7	824.3	525.2	703.9	862.9	730	704.1	872.1	784.6	647.5	953.8
Polr3d	473.5	573	575.3	547.7	524.1	539.6	517.5	520.9	404.6	657.3	516.8	775.7	300.1	422.5	225.7	398.7	421.6	394.3	409	657.9	268.9	264.7	189.9	146.2
Tcf7	4.2	0	9.9	1.1	88.7	0	0	16.6	0	74.8	17.2	0	0	35.9	72.8	74.9	14.5	0	0	133.4	429.7	518.3	9.4	43.4
Ddx3x	6837.9	8430.2	6458.6	6222.5	6509.1	6743.9	5854.8	7041	8316.8	7613.7	6032.1	7167.5	5806.7	6855.3	6542.2	5686.2	6832.7	5963.2	5710.5	5446.9	3431.1	3481.2	3686.3	3806.7
Il12rb1	123.9	127.3	127.8	122.8	38.6	116.7	36	72.5	64.7	16.3	94.2	246	95	13.2	64.1	149.8	133.3	112	176	52.6	104.2	99.4	62.4	60.8
Usp32	800	679.8	741.2	675.9	532.7	580.8	618.3	544.4	367.6	371.5	398.6	189.7	166.8	105.6	522.9	365.3	517.3	429.3	302	269.3	101.8	79.1	57	84.1
Txnrd3	625.7	855.5	774.4	1129.1	700.7	571.1	761.2	847	416.9	400.1	1024.5	941.2	588.2	314	735.5	560.6	308.9	617	738.3	434.8	1373.4	1532.3	291.2	307.4
Zfp512b	821	665.2	823.8	721.6	560.5	473.7	370.6	483.7	478.5	508.9	484.6	266.6	653.6	480.5	482.1	573.8	659	503.5	606.4	463	498.9	381.3	117.4	132
Dnajc5	1353.3	1296.7	1976.6	2688.5	1565.8	1658.5	2382.5	2114	1971.6	1875.2	2681	2549	1914.6	1846.4	2190.5	2198	2221.9	2508.7	2677.5	1793	1967.8	1974.7	1302.4	1583.4
Tpd52l2	633.1	733.2	595.1	504.2	624.2	892.4	986	516	805.1	745.7	794.2	552.9	578.6	628.7	633.5	496.9	626.3	349.2	618.3	663.1	1022.5	1073.5	1299	1299.3
Fmr1	1016.3	1202.3	835.1	820.5	1041.7	924	886.1	1199.4	1195.3	853.2	1127.7	714.9	904.2	1294.8	895.7	657.8	1101.2	800.3	917.9	1064.5	1390.9	1311.5	1346	1846.1
Bcl11a	6548.2	6471.9	4800.4	5361.8	5230.1	6809.8	4156.6	4978.9	5607.8	4478.4	4464.6	3332.8	4300.8	3596	3346.9	3135	7248.3	5951.6	5315.8	3966.9	2609.9	2613.7	458.3	461.4
Pxmp4	509.2	382	624.8	444.5	441.1	377.6	585.4	362.3	511.4	525.3	335.8	652.2	316.8	343.3	297.1	554.6	316.2	298.3	246.1	347.6	402.6	428.3	312	354.6
Dlg3	720.2	742	744.1	549.9	553.4	501.1	716.2	643.3	752.7	605.6	600.5	896.5	480.4	280.2	425.3	414.9	184.1	141.1	256.8	196.2	131.3	172.3	16.8	37.5
Gnb1l	190	14.6	87.5	177.1	45.8	123.6	86.9	155.7	21.6	376.9	149.6	263.9	141.3	38.1	208.3	106.3	115.1	88.8	145.1	147.5	175.9	193.4	185.9	123.6
Mmp11	55.6	12.4	5.6	63	0	15.1	0	1	0	0	19.4	1.8	37.5	0	16	7.1	109	132.4	57.1	43.6	489.4	510.5	4	0
Smarcb1	649.9	323.4	600.7	773.7	1063.9	823.8	682.3	951.7	557.6	820.6	1015.6	917.1	689.5	1013.8	847.6	1235.6	978.9	467.1	882.2	1022.2	2713.3	2825.9	2349.8	2364.4
Vpreb3	0	0	28.2	40.2	36.5	0	14	152.7	50.3	127.9	1.5	28.6	0	5.1	122.3	18.2	30.3	148.4	45.2	593.8	2474.6	2474.3	6.7	3.2
Hip1r	494.5	484.4	374.9	284.7	537.7	562.9	404.6	252.6	192	107.5	238.6	202.2	283.3	367.5	168.9	318.8	365.9	171.7	300.8	442.5	1160.9	1312.3	363.7	614.1
Nsun5	105	197.6	248.5	192.3	193	222.4	90.9	278.1	196.1	255.8	229.6	140.5	185.2	103.4	141.3	155.8	278.6	227	174.8	257.8	436.8	507.4	607.2	574
Top1mt	81.9	144.2	103.8	154.3	123	101.6	96.9	113.6	62.6	44.9	62.8	45.6	82.2	96.1	113.6	187.2	88.4	97.5	53.5	133.4	225.2	194.2	354.3	353.9
Hoxa10	600.5	558.4	749	490.1	350.3	281.5	281.7	296.7	132.5	92.5	146.6	72.5	170.8	175.3	71.4	205.4	243.5	229.9	321	363	55.7	58.7	6	16.8
Mmp14	160.6	99.5	72.7	142.4	94.4	162	110.9	78.3	149.9	87.1	62.1	71.6	18.4	0	11.7	31.4	4.8	10.2	1.2	62.8	79.6	63.4	0	0
Slc7a7	178.5	259.8	73.4	64.1	108.7	11	46	73.4	69.8	20.4	56.1	0	0	2.2	52.4	45.5	41.2	85.9	16.6	26.9	91.5	106.5	134.2	104.8
Oxa1l	376.9	473.5	653	765	449	487.4	737.2	604.1	361.5	436.8	728.4	691.6	359.1	729.9	505.4	633.5	488.2	692.7	699.1	797.7	707.4	671.8	744.8	814
Heatr6	387.4	663	524.5	621.6	234.5	630.2	296.7	642.3	648	510.3	509.3	531.5	848.3	518.6	348.1	551.5	800.8	385.6	670.6	581	615.1	594.3	501.2	486.6
Ccl3	27.3	29.3	21.9	0	0	0	0	27.4	0	1.4	0	0	71	40.3	36.4	31.4	496.7	295.4	482.7	316.8	390.7	409.5	8.7	2.6
Wfdc18	1	3.7	2.1	0	0	0	0	0	0	0	0	0	0	0	0	29.3	348.9	369.6	263.9	280.9	23.1	7.8	0	0
Icam4	82.9	70.3	177.2	86.9	331	111.2	195.8	175.3	363.5	390.6	571.4	682.7	185.2	432.1	166	122.4	18.2	0	21.4	98.8	18.3	15.7	67.1	38.8
Ilf2	786.4	1021.6	739.1	1013.9	760	786.7	641.3	985	841	1041	1239.9	746.2	1328	1407.7	1050.1	700.3	1244.2	1025.9	1211.5	918.3	2087.9	2116.5	3097.9	2738.4
Chtop	2796.9	2416.4	2365.6	2208.2	1798.2	2239.3	2606.2	2341.1	2520	2431.8	2728.1	3137.7	2446.1	2203.7	2368.1	2227.3	2539.3	2280.2	2413.6	2829.3	2283.7	2238.6	2072.6	1706.3
Snapin	370.6	267.1	381.2	562.9	463.3	649.4	412.6	536.6	643.9	519.8	637.2	430.4	482.8	407.9	399.1	576.8	607	736.3	601.6	434.8	666.8	685.1	652.9	717
S100a4	497.6	420.8	518.9	288	172.3	179.9	494.5	349.6	56.5	254.5	255.8	407.1	223.5	85.8	352.5	130.5	80	192.1	181.9	772.1	15.1	19.6	5.4	6.5
S100a6	571.1	575.9	941	795.5	347.5	621.9	1054.9	622.7	131.4	302.1	331.3	844.6	296.9	129.8	329.2	375.4	250.8	344.9	342.4	841.3	428.1	549.7	111.4	126.2
Icam2	985.8	644	583.1	418.4	732.9	770.2	498.5	669.7	476.5	726.7	977.4	1253.5	519.5	1062.2	597.1	568.7	504	363.8	719.3	684.9	664.4	674.9	1003.1	1150.5
Mapk7	263.5	118.5	126.4	45.6	178	122.2	84.9	94	148.9	157.9	130.1	350.7	115.7	275.8	122.3	79.9	81.2	254.7	54.7	233.4	679.5	612.3	452.2	509.2
Sec24b	658.3	598.6	537.9	526	569.1	590.4	392.6	478.8	366.6	616.4	274.5	360.6	676	859	636.5	530.3	880.7	537	529.1	561.7	888.8	1046.1	720	673
N4bp3	58.8	53.4	51.5	31.5	2.1	93.4	162.8	50.9	89.3	31.3	0	54.6	71.8	6.6	39.3	39.5	173.2	224.1	91.5	189.8	1400.4	1519	91.9	91.2
Rmnd5b	478.7	382	540.7	532.5	469.7	424.2	513.5	317.2	224.9	360.6	493.6	342.7	556.3	406.4	335	598.1	479.7	695.6	690.8	569.4	1277.9	1258.3	921.3	903.3
Nhp2	564.8	381.3	681.9	640.1	717.1	413.3	1022.9	933.1	1141.9	1475.1	1936.9	1577.4	752.6	1278.6	1277.3	1775	931.6	718.8	1322.1	1183.8	1662.2	1676.4	2601.4	2098.4
Vps9d1	329.7	219.5	221.7	316.2	248.1	222.4	185.8	198.8	184.8	133.4	172	81.4	275.3	132.8	152.9	148.8	198.7	61.1	204.5	256.5	227.6	220.8	98	176.7
Zfp276	109.2	121.5	213.9	117.4	146.6	137.3	200.8	149.8	130.4	114.3	127.1	102	163.6	0.7	100.5	186.2	221.7	149.9	216.4	137.2	163.9	163.6	136.2	199.3
Mfsd10	575.3	344.7	513.2	690.1	827.2	534.1	797.2	814.6	783.5	915.8	768.8	765	616.9	832.6	898.6	996.8	768.1	1030.2	617.1	943.9	1409.2	1501.8	3672.3	3509.1
Luzp1	354.9	300	374.1	332.5	303.9	406.4	355.6	412.2	501.1	172.8	231.8	339.1	380.7	63.8	452.9	301.6	414.3	267.7	193.8	384.8	199.7	190.3	54.3	65.4
Kctd10	534.4	532.7	450.4	342.3	549.8	587.6	451.5	388.7	601.8	219.1	569.1	409.8	409.4	379.3	288.4	516.1	430.1	324.5	617.1	552.8	861.7	898.1	717.3	711.8
Poldip2	806.3	354.2	552	596.6	533.4	424.2	888.1	563	305	870.9	655.1	569	797.3	871.5	576.7	805.5	820.2	867.3	632.5	909.3	1465.7	1648.2	2418.9	2485.4
Ift20	2558.6	2087.1	2041.6	1762.7	2016.2	1950.9	2155.7	1498.1	1762.1	1794.9	1781.4	1660.6	1525.9	1522.9	1434.6	1290.2	1241.8	1494.4	1383.9	1978.9	510.8	548.9	753.5	713.1
Pcbp3	120.7	131	87.5	131.5	93.7	181.2	56.9	95	208.5	174.2	275.2	325.7	62.2	105.6	177.7	187.2	84.8	62.6	97.5	118	386.7	319.5	130.8	126.8
Lgals9	589	654.9	982.7	1061.7	1468.6	1329	1706.2	1658.7	2074.3	2640	3103.5	2881.8	1652	1804.6	1775.4	2457	817.7	1041.9	1595.6	1347.9	8349.3	8224.7	4290.9	4088.2
Araf	981.6	936	976.3	910.7	550.5	900.6	1065.9	798	664.4	759.3	726.2	395.5	871.5	507.6	683.1	771.1	609.4	908	592.1	598.9	1162.5	1136.1	1295.7	1180.3
Cfp	52.5	0	76.2	141.3	84.4	53.5	19	77.4	33.9	91.2	69.5	25.9	47.9	125.4	83	59.7	101.8	100.4	79.7	248.8	1675	1609.9	2298.1	2011.1
Uxt	184.8	82	48	113	227.4	118.1	151.8	108.7	292.7	178.3	241.6	151.2	43.1	207.6	74.3	137.6	213.2	88.8	221.1	180.8	104.2	79.1	83.2	82.8
Cnnm3	515.5	679.1	547.1	605.3	610.6	341.9	627.3	436.7	459	323.9	372.4	450.9	372.7	560.5	656.8	519.1	385.2	455.5	483.9	424.5	750.3	717.2	1021.2	926
Lman2l	229.9	424.4	513.9	526	442.6	367.9	198.8	516	208.5	445	625.2	303.3	444.5	366.1	227.2	597.1	591.2	413.3	695.5	309.1	697.8	723.5	825.3	963.5
Mcm3ap	336	581	370.6	695.5	271.7	333.6	389.6	411.2	275.2	366.1	562.4	661.2	421.4	443.8	614.6	601.1	305.3	496.2	587.3	577.1	1182.4	1085.2	910.5	1186.1
Pcnt	3106.6	2953.5	1713.3	2481	2639.7	3013.6	2043.8	2426.3	3791.3	2656.3	4182.7	4249.8	2466	3804.4	2489	3975	2968.1	3191.1	3398	2535.6	1290.6	1411.8	425.4	415.4
Mxd1	344.4	472.7	239.3	406.4	294.6	211.4	234.8	223.2	205.4	225.9	204.9	193.3	227.4	92.4	132.5	233.8	344.1	128.1	268.7	169.3	536.3	575.5	432.8	420.6
Gmcl1	795.8	1119.6	799.1	882.4	1029.6	605.5	1099.8	1407	1028.9	1095.5	1449.3	1529	862.7	1390.9	1559.8	1345.9	955.9	1023	1003.5	1002.9	1025.7	1010.9	1032.6	1037.9
Snrnp27	1008.9	1012.8	1066	1057.4	1374.9	1003.6	1015.9	1124	1551.6	1128.1	1142.7	1322.4	954.5	1215.5	1111.2	1327.7	942.5	1089.9	1267.4	1258.2	567.3	615.4	519.3	454.2
Oas1c	222.6	128.8	134.1	54.3	90.8	61.8	22	102.8	53.4	77.6	70.3	8.1	69.4	66	42.2	57.7	134.5	107.7	77.3	78.2	30.2	34.5	4	3.2
Ocrl	2349.7	1784.1	1812.8	2391.9	1695.9	1886.4	1466.4	1690	2458.4	2029	1286.3	710.4	1166.8	1366.7	1706.9	1157.7	1631.9	1114.6	803.7	596.4	137.7	119	454.9	500.8
Calm1	4148.1	5465	4430.4	4889.1	6635.7	6392.4	5139.6	5827.8	8182.2	7001.4	6847.2	8110.5	6186.6	7512.6	6548.1	4715.7	5626.1	6235.3	4720.1	7955.5	7774.8	7984.3	10235.1	9722.2
Agpat3	266.7	392.2	393.9	418.4	278.1	269.1	309.7	227.2	205.4	64	103.2	73.4	93.4	101.2	103.4	86	185.4	256.1	233	155.2	827.5	771.3	56.4	40.8
Sema6b	13.6	0	4.2	0	0	49.4	80.9	14.7	27.7	44.9	13.5	79.6	8	38.9	26.2	9.1	10.9	0	0	34.6	7.2	32.9	242.2	317.7
Uhrf1	459.9	507.9	512.5	336.9	1101.1	1475.9	2130.7	1604.8	1572.2	2303.9	1255.6	1155.1	1818	2032.8	1970.5	1184	1495	2387.9	1369.7	1686.5	6904.3	6749.5	5066.5	5025.1
Dpp9	479.8	394.4	555.6	584.7	577	318.5	749.2	635.5	191	726.7	599	469.7	520.3	475.4	769	638.5	248.4	839.6	558.8	749	1488.8	1485.4	1731.1	1948.3
Lsr	457.8	144.2	227.3	298.8	5	35.7	30	61.7	0	15	35.1	99.3	0.8	127.6	26.2	32.4	71.5	69.8	20.2	10.3	9.5	15.7	4.7	2.6
Gramd1a	1108.7	712.8	1582	1308.4	918.7	852.6	985	1095.7	407.7	990.7	1305.7	1289.3	926.6	705	1044.3	1534.1	1004.3	1586.1	2010.5	977.3	934.9	891.8	419.4	293.8
Ckb	0	43.2	60	76.1	80.1	37.1	155.8	52.9	1	43.5	106.9	3.6	20.7	7.3	24.8	51.6	36.3	148.4	39.2	200.1	106.6	116.7	53.7	31.1
Sp1	2658.3	2731	2480.7	2602.7	2459.5	2850.2	2659.2	3174.4	3088.9	3419.7	3187.3	2722.6	2818.8	3021.6	2883.7	2465.1	2618	2964.1	2515.8	2205.9	645.3	638.1	410	292.5
Itgb7	140.7	92.2	71.3	140.2	87.2	20.6	153.8	173.3	23.6	58.5	114.4	167.3	219.5	58	113.6	86	414.3	277.9	185.5	637.4	3412	3537.6	822.6	825
Myg1	228.9	270.8	134.1	156.5	197.3	168.9	186.8	197.8	12.3	281.7	269.2	211.1	170.8	165.1	289.8	296.5	304.1	155.7	263.9	468.1	596.8	664.8	652.9	650.3
Rarg	135.4	183.7	148.2	146.7	57.9	50.8	41	54.8	66.7	47.6	47.9	88.6	146.8	74.8	49.5	7.1	37.6	27.6	95.1	28.2	23.1	11	53	40.8
Pfdn5	1758.6	1096.9	1389.3	1065	941.6	1139.5	1243.7	688.3	1099.8	722.6	776.3	998.5	960.9	985.2	1015.1	854.1	1079.4	1036.1	1029.6	970.9	623	589.6	605.2	535.8
Rrp15	476.6	318.3	399.6	431.4	285.3	446.2	481.5	668.7	572	606.9	433	202.2	427.8	618.4	586.9	387.6	563.3	472.9	439.9	551.5	585.6	719.6	1034	977.7
Rnd2	34.6	34.4	182.1	153.2	75.8	78.3	143.8	129.2	64.7	27.2	133.1	61.7	0.8	129.1	49.5	105.2	13.3	17.5	28.5	5.1	11.1	17.2	54.3	46.6
Srr	319.2	198.3	143.3	231.5	123	260.9	175.8	179.2	186.9	85.7	116.7	121.7	188.3	77.8	129.6	183.2	156.3	77.1	148.6	120.6	89.9	112.8	64.4	71.8
Acp5	0	38.8	28.9	52.2	10	0	55.9	12.7	2.1	27.2	23.9	162.8	16	39.6	2.9	22.3	21.8	0	5.9	268	361.2	407.9	244.2	169.5
Fbxo9	2426.3	2361.5	1791.7	2333.2	1831.1	2434.2	1659.2	1596	2606.2	1495.5	1844.9	2086.4	1346.3	1250.8	981.6	1155.7	759.6	1247.1	775.2	656.7	556.2	565.3	656.9	643.8
Vps50	601.6	400.3	269.7	411.9	340.3	302	223.8	494.5	543.2	540.2	373.9	306.9	513.2	663.9	463.1	275.3	338	459.8	303.2	369.4	401.8	484.7	782.4	698.8
Hars	741.2	588.4	465.9	457.5	436.9	553.3	415.6	389.7	712.7	568.8	423.3	594.1	469.3	760	736.9	449.3	696.6	347.8	298.4	1027.3	1379.7	1468.9	1796.2	1899.2
Zmat2	3094	3017.9	2433.4	2866.8	2511.7	2443.8	2565.3	2543.8	2891.7	2615.5	3200.8	3583.3	2723	2626.2	2835.7	3274.7	3080.8	2387.9	2971.2	2820.3	1083.7	1044.5	976.3	1006.8
Ube2c	162.7	105.4	314.1	308.6	1437.8	724.9	1174.8	874.4	3003.6	1684.7	1797.8	2038.1	648	1551.5	613.2	1121.2	1308.4	1877.1	1149.7	1607	3451	3524.3	793.8	737
Smg5	208.9	354.2	281.7	292.3	343.9	333.6	587.4	432.8	288.6	499.4	486.8	162.8	428.6	503.2	432.6	312.7	409.5	160.1	623	455.3	815.6	893.4	212	263.4
Cct3	2193.2	2219.5	1905.3	2386.4	2560.3	2993	2372.5	2841.5	3289.1	3215.6	3134.2	3487.5	2661.5	3618.8	2828.4	2991.3	3008.1	2462.1	2815.4	3357.7	6091.1	6076.1	7549.8	7583.7
Glmp	435.7	163.9	371.3	348.8	471.2	307.5	756.2	478.8	268	425.9	192.2	519.8	429.4	359.5	268	265.1	282.3	309.9	318.6	301.4	1403.6	1456.4	1824.4	1849.3
Mef2d	2218.4	2080.5	1892.6	2120.2	1290.5	2019.6	1675.2	1664.5	1211.7	1590.8	1255.6	1063.8	1709.5	1279.4	1176.8	1565.5	1617.3	1872.8	1909.4	1840.4	3552	3453.8	1435.2	1413.2
Snd1	452.5	641	979.8	923.7	489.8	632.9	835.1	720.6	746.5	677.7	1177.9	1368.9	583.4	776.1	783.6	1336.8	860.1	985.1	1209.2	1267.1	4939.7	5252.4	5458.4	5557
Slc19a1	326.5	358.6	283.1	296.7	371.1	297.9	362.6	357.4	293.7	474.9	424	131.5	351.1	463.6	369.9	415.9	315	244.5	279.4	480.9	959.6	1122.8	2037.8	2212.3
Kpnb1	2254.1	2461	2302.8	1976.7	3414	2932.6	3041.8	2740.6	3583.8	3063.2	2403.6	2693.1	2692.7	3052.4	2783.2	2339.6	2677.4	2216.2	2671.6	2798.5	1511	1546.4	1366.1	1299.3
Npepps	1158	1560.2	1174	1410.6	1409.9	1197.2	923	1183.8	992	1219.3	940.8	839.2	1040.7	1388.7	1258.3	976.5	1089.1	1238.3	1062.9	1147.9	345.3	398.5	862.2	893
Mrpl10	568	393.7	471.6	329.3	444	476.4	676.3	358.4	721.9	485.8	350	373.1	525.9	464.4	572.4	522.2	335.6	353.6	368.6	632.3	842.6	884.8	1127.2	1265.7
Cyp51	1118.1	1034.7	971.4	723.8	499.1	520.3	1074.9	1020.3	643.9	703.5	711.9	1068.3	699.9	540.7	665.6	630.4	524.6	523.9	527.9	538.7	958	945.9	863.5	712.4
Tcf25	3437.3	3421.8	3073.6	3958.9	2054.8	2053.9	2616.2	2769	1608.1	2619.6	3354.8	2452.4	1679.9	1988.7	2066.7	1969.3	1387.1	2309.3	2571.7	2792.1	2824.7	2721.7	2708.7	2914.4
Tubb6	22	0	17.6	9.8	0	0	0	47	40	72.1	25.4	59.9	98.2	62.4	35	71.8	98.1	148.4	53.5	93.6	114.6	163.6	581.7	480.8
Def8	1698.7	1225.7	1432.3	1598.6	1480	1750.5	1813.1	1192.6	741.4	766.1	1123.3	1507.6	1158.8	711.6	742.8	885.5	522.1	541.3	731.2	432.2	867.3	897.3	2810.7	2913.8
Col1a1	0	47.6	36	2097.4	158	2.7	510.5	303.5	0	115.7	0	64.4	0	0	524.3	1	0	0	1.2	1787.8	17.5	11	0	0
Foxm1	10.5	74.6	139.1	121.7	353.9	266.3	385.6	185.1	316.3	253.1	708.2	664.8	261.8	339.6	250.5	407.8	533.1	334.7	551.7	461.7	1865.9	1758.6	456.3	539.7
Itfg2	579.5	665.2	595.1	580.3	614.2	311.7	401.6	514	470.3	469.5	332	263	378.3	696.2	327.7	461.5	392.5	400.2	524.3	274.5	465.5	486.2	222.1	219.4
Gtf2h4	119.7	125.9	105.2	142.4	145.1	211.4	184.8	166.5	82.2	140.2	115.9	224.6	98.2	224.5	225.7	173	112.7	104.8	143.9	250.1	514.8	549.7	956.8	772.6
Tubb5	2736	2856.2	2755.3	2447.3	6355.4	5322.9	4287.5	4159.4	8566.3	6734.7	7927.1	8907.7	5414.1	6850.2	5439.7	7561.3	6471.7	6255.7	7126.5	7232.2	14871.7	15194.1	8953.5	8830.6
Ell2	611	641.8	497.7	311.9	235.9	487.4	240.7	329	511.4	223.2	124.1	284.5	228.2	104.2	189.3	69.8	139.3	14.6	172.4	187.2	160.7	147.2	113.4	89.3
Jup	331.8	239.3	249.2	170.6	302.4	146.9	22	175.3	111.9	191.9	152.6	40.3	229	186.3	77.2	67.8	164.8	257.6	197.4	156.5	265	328.1	91.9	137.8
Nom1	511.3	671	631.1	873.7	669.2	856.7	615.3	701.1	556.6	430	787.5	690.7	390.3	685.2	514.1	728.6	737.8	545.7	457.7	489.9	845	846.4	769.6	950.5
Ergic1	420	544.4	436.3	456.4	593.4	442.1	403.6	307.4	440.5	265.4	526.5	340.9	391.1	440.1	469	370.4	376.8	279.4	355.5	388.6	2181.8	1886.3	2308.8	2217.5
Acap1	863	698.9	772.3	630.3	668.5	764.7	1122.8	996.8	760.9	653.2	729.1	595	775.7	696.2	962.7	746.8	844.4	822.2	944	868.3	2686.3	2809.4	1184.3	1190
Ifrd1	3257.8	2900.8	2585.1	1974.6	1773.1	1868.6	1154.8	1668.4	1883.3	1756.8	1577.2	1711.6	1791.7	2128.9	1677.8	1548.3	1113.3	1316.9	1250.8	1087.6	580.1	598.2	385.8	310.6
Stk38l	141.7	79.8	43.1	121.7	153.7	46.7	100.9	160.6	15.4	110.2	110.7	26.8	25.5	82.9	84.5	52.6	8.5	75.7	27.3	37.2	152	147.2	14.1	56.3
Brpf1	482.9	490.3	667.1	530.3	499.1	678.2	578.4	691.3	586.4	668.2	599	442	923.4	652.9	496.6	568.7	787.5	791.6	493.4	855.4	1350.3	1397.7	1170.9	1055.4
Akr1b3	241.5	154.4	161	246.7	93.7	208.7	272.7	157.6	12.3	147	283.4	181.6	167.6	415.9	217	187.2	453.1	165.9	253.2	100	533.1	566.9	556.9	549.4
Gstt1	156.4	17.6	168.7	203.2	128	68.6	93.9	53.9	72.9	64	65.1	42.9	23.1	0	0	1	0	0	1.2	9	0	0.8	0	2.6
Gstt3	392.7	389.3	403.1	432.5	183	322.6	208.8	319.2	166.4	193.2	180.2	199.5	305.7	86.6	211.2	373.4	238.7	211	255.6	98.8	58.1	54	124.1	171.5
Ddt	300.3	394.4	222.4	417.3	434	406.4	581.4	301.6	147.9	274.9	487.6	688	410.2	377.8	487.9	464.5	250.8	513.7	604	633.6	109.8	125.3	124.1	111.9
Ddx18	2298.2	2008.8	2030.3	1935.4	2015.5	1959.2	1523.4	2476.2	2475.8	1843.9	2587.5	2746.7	1869.9	1701.9	2605.5	1815.4	1929.9	1443.5	2344.6	2109.8	389.9	346.1	512	428.4
Ubl3	1121.3	975.5	977	1270.4	1204	696.1	812.1	656	399.5	1046.5	525	416.9	953.7	586.1	793.7	825.8	1259.9	1484.3	1256.7	1204.3	2675.1	2498.6	1885.4	1833.2
Gramd3	214.2	42.4	212.5	40.2	75.1	179.9	299.7	188	244.4	54.4	121.2	151.2	226.7	157	118	218.6	166	292.5	102.2	159	150.4	148	220.1	181.8
Eef1e1	515.5	205.6	430.6	318.4	491.9	152.4	1041.9	593.4	361.5	753.9	258	214.7	524.3	355.8	690.3	290.4	448.2	561.7	292.5	383.5	504.5	561.4	751.5	717.6
Akt1	2395.8	2147.1	4713.5	4343.6	2563.9	2535.8	4739	4670.5	2314.6	3905.5	5361.3	5401.3	2707	1971.1	3572.6	4708.6	1572.5	3891.1	3880.7	3630.8	5359.1	5542.1	6143.5	5679.3
Cldn15	0	0	0	0	0	0	19	4.9	0	23.1	18.7	4.5	0	36.7	30.6	38.5	0	0	0	88.5	36.6	23.5	1827.1	1850.6
Il16	1396.4	1109.4	913.5	1036.7	582	508	868.1	488.6	583.3	406.9	855.5	665.7	739	997.7	801	793.4	1132.7	1156.8	1374.4	1351.8	2243.9	2186.9	1244	1162.1
Tcirg1	610	706.2	574.6	291.2	413.3	472.3	693.3	742.2	366.6	280.3	534.7	757.8	395.8	619.9	598.6	592	685.7	334.7	819.2	860.6	1513.4	1484.6	2186.7	2209.1
Naglu	100.8	107.6	67.8	107.6	29.3	72.8	64.9	139	94.5	40.8	50.1	88.6	33.5	55.8	96.1	81	77.5	21.8	109.4	92.3	635	721.1	1482.9	1591.1
Coasy	969	558.4	608.5	379.3	536.2	383	532.4	372.1	580.2	515.7	602	693.4	628.9	543.6	432.6	747.8	437.3	379.8	424.5	510.4	754.3	753.2	1243.3	1101.3
Smo	298.2	199.8	405.2	447.7	321	151	329.7	201.7	206.4	397.4	467.4	260.4	221.1	258.2	218.5	208.5	141.7	247.4	235.4	212.9	277.7	308.5	595.2	649.7
Tspan33	103.9	266.4	110.1	193.4	205.9	45.3	68.9	134.1	195.1	100.7	91.2	33.1	74.2	29.3	77.2	50.6	21.8	69.8	32.1	48.7	76.4	62.6	120.1	90.6
Crnkl1	516.5	593.5	377	311.9	632	385.8	231.8	432.8	330.7	592	657.4	580.7	749.4	613.3	476.2	599.1	686.9	432.2	640.8	696.4	751.1	841.7	872.3	962.2
Rin2	280.3	261.2	269	304.3	153.7	145.5	18	77.4	59.6	27.2	46.4	22.4	110.9	0	0	82	0	23.3	38	75.7	35.8	22.7	69.8	77
Chordc1	837.8	1119.6	1068.8	923.7	791.5	852.6	630.3	1148.5	1293.9	1284.6	1174.9	1470	1568.2	1742.3	1676.3	929	1109.7	1289.3	1154.5	1242.8	1199.1	1140.1	2155.8	2374.7
Rtcb	3279.9	3233	3636.3	3330.8	2724.8	2163.7	2796	2659.3	2200.6	2184.1	3106.5	3303.2	2450.1	2296.1	2496.3	3226.1	2601	2888.5	3034.2	2261.1	2348.9	2462.5	3312.6	3057.4
Pwp1	450.4	570.8	613.5	611.8	507.6	762	887.1	672.7	564.8	745.7	513	592.3	825.2	738	945.2	619.3	787.5	685.4	621.8	909.3	1280.3	1328	2514.8	2493.2
Fbxo7	710.8	802.8	720.8	803.1	850.8	829.3	583.4	677.6	314.2	587.9	693.2	1025.3	865.9	755.6	914.6	780.2	636	880.4	736	711.8	615.1	644.4	705.9	749.3
Capns1	2028.4	1176	1661.1	1974.6	1912.6	1585.7	1546.4	1394.3	1002.2	964.8	1654.2	1948.7	1075.8	1276.4	1213.2	961.4	1811.2	1027.3	1337.6	1891.7	484.6	511.3	441.5	348.8
Clpb	143.8	94.4	236.5	118.5	277.4	127.7	74.9	113.6	136.6	83	284.2	85.9	166	87.3	164.6	209.5	227.8	36.4	164.1	100	763.1	750.1	1110.5	1040.5
Sept7	3780.7	4505.6	3396.2	3882.8	5033.4	5165	3953.8	4481.5	5061.5	5425.6	5179.6	5729.7	3821.1	4431.6	4439.2	3623.8	4682.4	4212.7	4685.6	4070.7	3376.2	3402.1	3587	3657.9
Zdhhc4	478.7	464	674.2	581.4	622.7	525.8	526.4	557.1	560.7	425.9	782.2	918.9	258.6	314	636.5	662.8	472.5	908	593.3	502.8	783	794	1017.2	808.2
Rac1	4194.3	4201.2	4848.4	4858.7	4144	4614.4	4557.2	4553	4586.1	5270.4	5519.1	5974.8	4173.9	4582	4673.7	4579.1	3701.1	3934.7	4523.9	4890.3	4304.7	4528.9	6412.5	6371.1
Nup214	307.6	679.1	308.5	296.7	574.8	576.6	397.6	362.3	945.8	338.8	719.4	964.5	419.8	471.7	554.9	611.2	605.7	229.9	552.9	523.3	1671	1463.4	1063.5	1097.4
Cpa3	29.4	4.4	28.2	29.3	1.4	34.3	106.9	41.1	659.3	801.5	569.1	530.6	1146.8	1902.9	1489.9	1232.6	1.2	88.8	19	114.1	1195.9	1281.8	1758.6	1806
Ugp2	326.5	493.2	473.7	294.5	405.4	451.7	378.6	346.6	201.3	362	364.9	63.5	150	254.6	218.5	425	396.2	454	255.6	330.9	615.1	653	1044.7	1162.1
Trmt1	507.1	679.1	711.6	521.6	694.2	514.9	572.4	447.5	538.1	704.9	560.1	488.5	636.9	442.4	501	661.8	571.8	539.9	639.7	728.5	751.1	712.5	855.5	751.9
Nacc1	566.9	316.9	236.5	291.2	384.7	343.2	122.9	311.4	417.9	337.5	315.6	749.8	382.3	348.5	377.2	625.4	388.9	222.6	436.3	902.9	682.7	772	401.9	385
Nfix	2470.4	2762.5	2037.3	2840.7	2241.5	2055.3	1579.3	2478.2	1315.4	2024.9	2088	2177.7	1658.4	1866.2	1581.7	2237.4	1262.4	2083.8	1813.1	1803.2	267.4	354.7	374.4	324.8
Slc1a5	1634.7	1676.5	2119.9	2343	2315.8	1738.1	2440.4	3452.4	1622.5	2521.6	2479.8	2672.5	1952.1	1996.1	2577.9	3111.8	1915.3	2450.5	2591.9	2808.7	2983.1	3080.3	2469.9	2701.5
Uba1	2620.5	1911.4	3851.6	4270.8	2988.6	2220	3703.1	4473.7	3149.5	4057.9	5014.3	5922	2536.3	2903.5	3946.9	4282.6	1962.6	3402.1	3959.2	4447.8	6470.6	6566.3	8775	9537.2
Vwf	977.4	946.2	863.4	1197.6	298.9	407.8	427.5	250.7	553.5	362	407.6	418.7	116.5	51.4	7.3	61.7	27.9	55.3	8.3	35.9	11.9	3.1	8.7	11
Siae	456.7	398.8	494.9	621.6	558.4	444.8	462.5	423	322.4	479	584.1	340.9	237.8	440.1	367	495.9	387.7	416.2	290.1	271.9	369.2	392.3	513.3	504.7
Vsig2	82.9	27.1	146.8	161.9	0	48.1	105.9	65.6	48.3	0	12	0	31.1	0	27.7	24.3	26.7	0	5.9	43.6	0.8	0	0	0
Esam	1249.4	1389.7	1633.5	1714.8	1002.4	1261.7	1311.6	1178.9	666.4	391.9	531	644.2	548.3	316.2	359.7	233.8	105.4	84.4	70.1	94.9	2.4	3.1	1.3	0
Fam50a	226.8	177.1	206.8	105.4	378.2	71.4	130.9	213.5	119.1	352.5	230.3	164.6	219.5	127.6	224.3	192.3	264.1	93.1	217.6	242.4	578.5	546.5	875.6	726.7
Emd	1202.1	1410.2	1242.4	1534.4	1347.7	1628.3	1575.3	1393.3	1553.7	1232.9	1763.4	1453.9	1622.5	1503.1	811.2	1462.3	1239.3	973.5	1485	1178.6	574.5	454.1	526	541.6
Taco1	14.7	38.1	9.9	0	0	11	0	47	83.2	34	10.5	22.4	50.3	0	4.4	43.5	0	55.3	42.8	1.3	109	106.5	168.4	177.9
Gria3	276.1	444.9	367.1	454.2	276.7	374.8	309.7	302.6	33.9	179.6	125.6	181.6	494	531.1	464.6	270.2	615.4	472.9	385.2	352.7	973.1	948.2	1423.1	1536.8
Sipa1l2	0	29.3	17.6	0	61.5	0	84.9	9.8	0	4.1	26.2	0	39.1	0	23.3	38.5	0	17.5	33.3	79.5	94.7	144.9	10.7	69.9
Ap4e1	114.4	346.1	151.8	341.2	176.6	133.2	163.8	125.3	97.6	194.6	176.5	394.6	193.9	53.6	29.1	236.8	182.9	99	224.7	119.3	243.5	312.4	214	261.4
Blvra	226.8	237.1	276	354.3	291.7	210.1	269.7	214.4	253.6	326.6	227.3	144.9	284.1	309.6	311.7	119.4	259.3	301.2	187.9	227	366	382.9	606.6	627
Srpk3	0	0	0	0	0	0	0	7.8	0	6.8	0	0	0	0	5.8	0	0	0	0	14.1	152	115.9	2.7	1.9
Idh3g	968	1004	1007.4	890	1002.4	1091.5	1144.8	956.6	750.7	1413.9	1245.2	1912.9	1151.6	1231.7	862.2	1285.2	1232.1	931.3	1221	1574.9	2508.8	2518.9	3546.1	3632
Pnck	255.1	225.4	188.5	170.6	141.6	126.3	79.9	123.4	49.3	70.8	136.1	112.7	53.5	52.1	36.4	163.9	141.7	110.6	205.7	129.5	198.1	215.3	8.7	5.2
Ssr4	1010	993	921.2	912.8	1482.9	1313.9	1208.7	973.3	1570.1	1456.1	1147.2	1412.7	1338.4	1516.3	1328.3	1207.3	1146.1	844	1002.3	1324.9	986.7	1012.4	2579.2	2284.8
Bcap31	1320.8	1244.8	2261.8	1821.3	2190.7	3013.6	2656.2	2548.7	2242.7	2909.4	3003.3	2851.4	2093.3	2229.4	2439.5	2188.9	1956.5	1954.3	2135.3	2186.7	3161.3	3222.1	4168.1	3771.8
Fam98a	139.6	214.4	217.4	192.3	213.1	295.2	108.9	233	170.5	246.3	255.8	236.2	297.7	226.7	297.1	225.7	511.2	286.7	101.1	336	534.7	466.7	707.9	760.3
Kmt2a	6989.1	5789.2	3814.9	5381.4	4133.3	4224.5	2716.1	3854.9	3081.7	3080.9	3637.5	2602.7	3273.7	3312.9	2976.9	3530.7	3782.2	3144.6	3285.1	2840.8	646.9	804.9	199.3	180.5
Ift46	117.6	180	253.4	134.8	146.6	123.6	116.9	211.5	256.7	178.3	188.5	304.2	82.2	264.1	304.4	132.6	448.2	129.5	336.5	271.9	217.2	287.4	253.6	195.4
Trappc6a	218.4	262	305	279.3	293.1	351.5	309.7	214.4	187.9	328	207.9	424.1	612.9	84.4	170.4	142.7	413.1	186.3	191.4	214.2	578.5	523	930.6	745.4
Supt6	1317.6	1383.8	720.8	1436.6	1240.5	877.3	611.4	847.9	1117.3	885.9	1067.2	1506.7	880.3	897.9	831.6	1118.2	819	537	1033.2	754.1	1146.6	1208.2	889.7	801.1
Spag5	140.7	124.4	53.7	189.1	627	288.3	290.7	200.7	660.3	398.7	512.3	340.9	160.4	479	528.7	431.1	586.4	423.4	514.8	416.8	1214.2	1335	585.1	456.2
Unc119	259.3	328.6	305.7	264.1	289.6	318.5	178.8	221.3	366.6	307.5	354.5	363.2	217.1	389.5	91.8	184.2	67.8	99	61.8	180.8	301.6	344.5	546.2	598.5
Sdf2	832.6	624.9	682.6	594.4	572	549.2	949	491.5	598.7	428.7	317.1	318.5	551.5	399.1	388.9	396.7	573	641.7	388.8	606.6	488.6	474.5	864.2	572.7
Ccne1	12.6	82.7	87.5	71.7	230.2	12.4	132.9	186	347.1	303.5	258.8	213.8	41.5	36.7	147.1	186.2	59.4	132.4	141.5	356.5	616.7	595.1	550.9	581.1
Bbc3	168	189.5	234.4	141.3	77.9	118.1	27	128.3	158.1	36.7	93.5	132.4	202.7	137.2	136.9	205.4	199.9	144.1	123.7	38.5	144.8	140.2	117.4	102.2
Psmc3	1662	1740.2	1040.5	1179.1	1670.2	1458.1	1162.8	1421.7	2070.2	1486	1717	2070.3	1698.3	1790.7	1280.2	1797.2	1543.4	1280.5	1204.4	1553.1	3429.5	3549.3	4368.7	4197.5
Acp2	542.8	366.6	533	548.8	383.2	267.7	499.5	397.5	327.6	276.2	427.8	311.4	118.1	460	346.6	342	266.5	288.1	349.5	214.2	99.5	133.1	518	405.1
Rapsn	0	15.4	2.8	0	37.9	11	55.9	11.7	16.4	35.4	139.1	93	58.3	11	16	2	0	33.5	0	0	19.1	19.6	58.4	78.9
Slc39a13	226.8	261.2	286.6	381.4	160.9	241.6	102.9	102.8	108.8	51.7	144.3	76	42.3	81.4	78.6	105.2	82.4	64	98.7	101.3	107.4	155.8	173.8	214.2
Celf2	11221.2	11142.9	10631.4	12267.9	10037.6	11701.5	10702.7	12952	12251.8	11481.2	10249.2	8903.2	13310.9	11546.6	12739.3	11503.9	14316	14170.3	12841.8	10255.1	3024.5	3091.3	3271	3349.2
Ddb2	283.5	186.6	342.4	206.5	383.2	229.3	293.7	226.2	317.3	148.3	145.8	244.3	199.5	77	142.7	112.3	467.6	416.2	181.9	243.7	75.6	71.3	27.5	42.1
Spi1	298.2	442	321.2	507.5	427.6	214.2	186.8	304.5	290.6	296.7	195.9	264.8	446.1	650	674.3	742.8	685.7	506.4	736	959.3	1456.9	1522.9	6081.7	5542.2
Sf3a1	702.4	818.9	1025	1029.1	1076.8	1215	861.1	1206.3	1159.4	1291.4	1197.3	1065.6	1260.9	809.1	792.3	1544.2	1021.3	1148.1	1068.9	1300.5	2695	2829	2508.1	2609
Stat6	508.1	568.6	486.4	490.1	174.5	218.3	452.5	310.4	177.7	519.8	601.3	442.9	632.1	216.4	390.3	348.1	327.1	471.5	463.7	488.6	2115	2273.1	2078	2329.5
Clgn	0	0	0	0	0	0	0	13.7	0	0	0	0	0	0	0	0	0	0	0	9	126.5	138.6	0	0
Napsa	528.1	589.1	689.7	636.8	442.6	670	920	598.3	297.8	334.8	513	650.4	1174.8	699.1	681.6	879.4	781.4	1094.3	898.8	1483.9	3934.7	3858.6	7283.5	7033.7
Vrk3	779	583.2	530.2	466.2	700.7	584.9	599.4	464.1	527.8	732.1	520.5	927.8	583.4	507.6	525.8	550.5	634.8	458.4	599.2	759.3	1169.7	1131.4	830.7	790.7
Smg9	284.5	232	250.6	279.3	263.1	354.2	298.7	353.5	190	179.6	371.7	264.8	245	461.4	190.8	311.7	248.4	212.5	351.9	228.3	448	442.4	216.7	187.7
Paxip1	635.2	638.1	742.6	637.9	1348.4	429.7	959	963.5	1072.1	998.8	893.7	694.3	657.6	698.4	697.6	817.7	819	862.9	812	950.4	1585	1693.6	1092.4	861.3
Rmnd5a	2090.3	1634.1	2485.6	2077.8	1570.8	2008.6	2384.5	2013.1	1479.7	2154.2	1809.8	2022	1802	1494.3	1999.7	2057.3	1751.8	1826.2	1662.1	1354.4	939.7	898.9	454.9	584.3
Mov10	161.7	116.4	40.9	320.6	177.3	205.9	48.9	125.3	86.3	43.5	135.4	71.6	146	83.6	141.3	97.1	253.2	138.2	124.8	238.6	559.4	504.3	189.9	230.4
Def6	1676.7	1640.7	2084.6	2575.5	1808.9	1138.2	2086.8	2136.5	856.4	1494.2	2168	2344.1	1517.9	1972.6	2183.2	2766.7	1154.5	1757.8	2426.6	1891.7	2732.4	2847.8	2963.7	3207.5
Metrn	78.7	60.7	52.2	94.5	128.7	60.4	21	77.4	146.8	69.4	175	191.5	90.2	62.4	100.5	198.3	101.8	88.8	70.1	101.3	39.8	30.5	34.2	27.8
Lmf1	63	117.1	49.4	57.6	55.8	0	31	131.2	135.5	106.1	118.2	161	179.6	165.8	23.3	96.1	94.5	52.4	146.2	170.6	510	444.7	725.3	527.4
Narfl	110.2	87.1	108.7	196.7	194.5	204.6	164.8	58.7	147.9	92.5	169.8	187	15.2	136.4	126.7	151.8	161.1	126.6	124.8	245	423.3	407.2	832.7	627
Angptl4	117.6	143.4	47.3	152.1	108.7	115.3	16	82.2	101.7	88.5	145.8	73.4	57.5	79.2	151.5	87	60.6	94.6	118.9	100	173.5	144.1	731.4	653.5
Dbf4	256.2	553.2	248.5	696.6	666.4	774.3	724.2	655	1486.9	1358.1	1417.9	820.4	748.6	1498	869.5	1052.4	1462.3	977.9	998.7	819.5	837.1	898.1	598.5	623.8
Daxx	664.6	605.9	846.4	725.9	720	347.4	755.2	809.7	438.5	959.4	750.1	1011.9	521.9	582.5	846.2	784.3	720.8	1124.8	990.4	1045.3	1269.1	1157.3	730	909.8
Cd320	196.3	151.5	167.3	217.3	213.8	160.6	135.9	196.8	249.5	122.5	240.8	159.3	220.3	194.4	176.2	209.5	98.1	106.2	148.6	236	263.4	329.6	660.2	538.4
Ipo4	246.7	274.4	341.7	458.6	326	333.6	298.7	359.3	346.1	247.7	447.2	257.7	149.2	302.2	237.4	409.8	322.3	372.5	417.3	482.2	997.8	967	982.3	867.1
Tm9sf1	39.9	129.5	32.5	34.8	180.9	35.7	0	66.6	86.3	125.2	164.5	92.2	26.3	0	58.3	84	53.3	135.3	69	61.6	1036	1069.6	1328.5	1138.8
Rec8	195.3	248.1	279.5	272.8	86.5	199.1	138.9	277.1	55.5	100.7	107.7	177.2	381.5	146	81.6	150.8	50.9	99	78.5	9	26.3	18	8.7	11.6
Irf9	1338.6	1673.6	1862.3	1470.3	1031	1187.6	1293.6	1257.2	823.6	827.4	873.5	872.3	940.1	614	757.3	1285.2	1291.4	1725.8	1443.4	1341.5	1351.9	1242.6	734	682.7
Gmpr2	49.3	187.3	116.5	198.9	149.4	184	182.8	138.1	247.5	100.7	89.7	113.6	154.8	51.4	269.4	117.4	115.1	133.9	129.6	227	775	698.4	1073.6	1027.5
Mdp1	901.9	560.5	493.4	464	700	326.8	440.5	428.9	443.6	529.4	427.8	680.9	380.7	348.5	364.1	524.2	605.7	410.4	499.4	740	561.8	508.2	398.6	344.9
Dhrs1	572.2	363	494.2	607.5	427.6	594.5	519.4	349.6	484.7	372.9	636.4	831.2	370.3	473.9	608.8	740.8	550	502	582.6	604.1	437.6	454.1	544.2	521.5
Tmem161a	423.1	360	345.9	451	388.2	234.8	216.8	352.5	220.8	198.7	270.7	763.2	130.1	307.4	171.9	370.4	386.5	183.3	468.4	288.6	704.2	620.9	700.5	550.7
Armc6	100.8	22.7	37.4	13	159.4	49.4	13	21.5	76	93.9	115.9	32.2	16.8	30.8	51	149.8	53.3	49.5	36.9	20.5	176.6	191.8	287.8	251.1
Borcs8	67.2	71.7	96.7	89.1	133.7	50.8	54.9	67.6	96.5	28.6	173.5	48.3	125.3	112.2	74.3	147.7	75.1	90.2	162.9	120.6	210.9	220.8	183.2	163.7
Slc25a42	176.4	109	153.9	88	127.3	31.6	120.9	81.3	161.2	144.2	62.8	12.5	0	0	96.1	93.1	35.1	32	54.7	85.9	47.7	40.7	25.5	48.5
Snx9	102.9	150.7	32.5	33.7	151.6	168.9	38	118.5	51.3	95.3	62.1	134.2	114.1	2.2	195.2	61.7	156.3	196.4	104.6	191.1	2076	1973.2	862.2	927.9
Ranbp3	156.4	112	370.6	279.3	225.9	175.7	273.7	244.8	131.4	402.8	284.9	112.7	400.6	314.7	282.5	126.5	444.6	221.2	340	277	1894.6	1883.1	1900.9	1660.4
Ndufa11	408.4	282.5	393.9	578.1	675.7	631.5	494.5	359.3	568.9	556.6	495.1	482.2	434.1	539.9	407.8	482.7	544	451.1	267.5	834.9	790.1	720.4	877	789.4
Nr2f6	65.1	107.6	93.2	27.2	35	87.9	73.9	114.6	96.5	122.5	104.7	144	130.1	49.2	78.6	70.8	65.4	165.9	129.6	42.3	116.2	114.3	242.2	307.4
Use1	2868.3	1991.2	1187.4	1091.1	1218.3	726.3	344.6	726.5	828.7	936.2	640.9	928.7	770.9	986.7	646.7	486.7	1204.2	756.7	548.1	1546.7	692.3	728.2	865.6	734.4
Ocel1	94.5	96.6	142.6	161.9	137.3	37.1	168.8	95	143.8	78.9	179.5	152.1	168.4	49.9	157.3	173	118.7	84.4	181.9	135.9	319.9	310.1	316	254.3
Dyrk1b	0	25.6	8.5	0	1.4	0	0	0	19.5	0	0.7	0	20.7	53.6	0	9.1	10.9	27.6	7.1	15.4	237.1	252.9	45	43.4
Braf	683.5	795.5	856.3	1245.4	1010.3	727.7	526.4	898.8	406.6	858.7	774	744.4	429.4	881	677.2	796.4	720.8	707.2	982.1	600.2	227.6	274.8	203.3	229.7
Ndufb2	1118.1	1049.4	1217.7	1280.1	1081	1422.4	2866	1362	1584.5	1849.3	2007.2	1786.7	1864.3	1906.6	1835.1	1969.3	1326.6	1408.6	1873.8	1727.6	204.5	219.2	321.4	287.3
Hltf	676.1	759.6	668.5	594.4	801.5	624.7	656.3	515	970.4	1085.9	471.9	518	785.3	925	790.8	702.3	1335	915.3	512.4	825.9	506.1	484.7	629.4	709.8
Prpf6	2138.6	1935.6	1378	1853.9	1106.8	1349.6	1325.6	1146.6	1646.1	967.5	1296.8	1793.9	1221.8	1294	1189.9	1255.8	1442.9	1068.1	1381.6	1380	1318.5	1292.7	1458.7	1408.7
Rgs19	334.9	473.5	504.7	555.3	544.1	409.1	435.5	593.4	358.4	602.8	403.1	443.8	432.6	783.5	919	760	872.3	941.5	957.1	1119.6	1410	1475.2	2367.2	2323.6
Snrpd1	1865.7	2174.9	1829.1	1750.7	2809.1	2619.6	2506.3	2205	3336.4	2649.5	3418.4	2701.1	2556.2	2425.2	3310.4	2426.7	2441.1	2236.6	2312.5	1692.9	1075	1063.3	1233.9	1033.4
Tchp	376.9	330	262.6	271.7	215.9	245.8	242.7	348.6	322.4	322.5	415.1	286.3	211.5	312.5	301.5	356.2	384	301.2	277	355.3	168.7	195	47	49.2
Tiam1	591.1	521	990.4	852	653.5	704.3	767.2	795.1	835.9	611	999.1	1037	1100.5	1063.7	856.4	902.7	540.3	641.7	625.4	666.9	246.7	281.9	316.7	331.9
Tsc2	81.9	117.1	131.3	113	161.6	43.9	229.8	161.6	289.6	250.4	138.4	265.7	63.8	184.9	88.8	117.4	156.3	120.8	160.5	189.8	1231	1217.6	765.6	1115.5
Slc9a3r2	113.4	27.8	151.1	58.7	90.1	30.2	154.8	33.3	34.9	21.8	67.3	0	67.8	0.7	85.9	73.9	23	18.9	93.9	110.3	64.5	53.2	130.2	74.4
Puf60	2759.1	2881	3102.6	3311.2	3223.8	3175.6	2598.2	3143	2425.5	3187	3752.7	4741.9	2956	3331.2	2891	3262.5	2587.7	2470.8	2986.6	3698.8	4640.5	4545.3	3365	3386.8
Golga2	883	697.4	552	646.6	546.2	341.9	480.5	584.5	603.8	430	629.7	734.6	390.3	484.2	490.8	694.2	656.6	622.8	606.4	555.3	747.2	646.8	275.8	431.6
Uck1	615.2	498.3	631.8	449.9	571.3	605.5	556.4	556.1	373.8	479	887.7	881.3	392.6	589.1	503.9	683.1	545.2	777.1	613.5	684.9	436	493.3	403.9	385.7
Scin	0	0	0	1.1	0	0	0	0	276.2	167.4	62.1	17.9	0	0	65.5	39.5	0	0	0	46.2	163.9	122.9	76.5	119.7
Ikzf4	279.3	229	278.1	266.2	70.1	205.9	126.9	269.3	1	68	0	6.3	74.2	3.7	16	36.4	4.8	0	8.3	16.7	2.4	6.3	0	1.3
Mien1	166.9	130.3	204	355.4	446.1	296.6	412.6	202.7	342	330.7	235.6	465.2	339.2	242.1	157.3	444.2	185.4	311.4	287.7	428.4	304	260	212.7	218.1
Axl	165.9	363	214.6	134.8	111.5	157.9	147.8	86.2	155.1	159.2	391.9	165.5	227.4	58.7	62.6	196.3	58.2	165.9	230.7	157.8	395.5	412.6	169.8	104.2
Tgfb1	196.3	204.2	189.2	215.2	180.2	306.2	187.8	443.5	402.5	440.9	692.5	568.1	393.4	356.5	327.7	499.9	357.4	202.3	403.1	130.8	3462.9	3409.2	2793.9	2926.1
Ccdc97	680.3	724.5	432	483.6	350.3	313	270.7	358.4	291.6	148.3	479.4	824.9	514	633.1	464.6	485.7	311.3	401.6	324.6	461.7	1295.4	1296.7	709.9	612.8
Zfp40	105	193.9	204.7	164.1	322.5	351.5	190.8	183.1	250.6	6.8	167.5	82.3	225.1	124	65.5	145.7	168.4	212.5	233	29.5	57.3	52.5	71.8	121.6
Akap8l	762.2	1271.8	590.2	795.5	703.5	649.4	193.8	571.8	668.5	351.1	900.4	1240.1	628.1	757.1	466.1	886.5	845.6	464.2	809.7	561.7	303.2	361.7	189.9	211.6
Pdcd2l	331.8	245.9	361.4	307.5	340.3	225.2	284.7	235	592.5	332	250.5	246	381.5	294.2	329.2	228.7	232.6	474.4	336.5	295	414.6	433.8	515.3	445.8
Gtf2f1	418.9	366.6	233	308.6	234.5	292.4	370.6	229.1	365.6	230	433.7	499.2	469.3	404.9	317.5	240.8	418	371.1	362.6	741.3	1252.4	1407.1	1271.5	1268.3
Clpp	366.4	455.9	426.4	344.5	395.4	361.1	466.5	400.5	402.5	439.5	468.9	358.8	245.8	319.1	276.7	483.7	656.6	309.9	256.8	456.6	596	618.6	1098.4	951.2
Alkbh7	249.9	148.6	109.4	136.9	256.7	431.1	173.8	155.7	67.8	160.6	140.6	408.9	280.9	192.9	195.2	250	339.2	334.7	231.8	253.9	163.9	181.7	259	218.1
Dennd1c	499.7	528.3	728.5	591.2	157.3	383	651.3	343.7	154	344.3	179.5	501	150	207.6	186.4	390.6	391.3	423.4	353.1	318.1	339.8	318.7	105.3	185.1
Med6	80.8	79	216.7	354.3	356.1	241.6	69.9	329	79.1	104.8	260.2	183.4	195.5	408.6	219.9	225.7	261.7	106.2	135.5	275.7	151.2	132.3	157.7	201.9
Lcp2	1074	704.7	800.5	635.7	505.5	838.9	536.4	586.5	670.6	601.5	600.5	698.8	622.5	470.2	546.2	423	350.1	510.8	332.9	304	340.6	336.7	1501	1094.2
Cse1l	1424.7	1415.3	1854.5	1619.2	2418.8	2200.8	1921	2330.3	3146.4	2437.2	1781.4	1948.7	1728.6	2478.8	2288	1645.4	1768.8	2092.5	1773.9	1918.7	3116	3028.7	4635.8	4367.1
Naa20	187.9	203.4	313.4	270.6	326	380.3	411.6	342.7	255.7	189.2	181	180.7	192.3	267.8	168.9	182.2	221.7	173.2	189	192.4	349.3	307.7	546.8	528
Prkra	656.2	422.2	723.6	437.9	644.2	487.4	381.6	567.9	408.7	572.9	612.5	654.9	593.8	561.2	386	574.8	415.5	326	479.1	516.9	229.2	195	273.8	267.9
Fkbp7	47.2	108.3	88.9	103.2	13.6	83.7	37	81.3	84.2	65.3	55.3	42.1	91	82.9	78.6	47.6	103	75.7	38	97.5	58.9	46.2	31.5	57.6
Plekha3	742.3	687.9	843.6	756.4	688.5	580.8	586.4	516	514.5	672.2	583.3	455.4	413.4	384.4	686	707.4	448.2	646.1	712.2	669.5	422.5	365.7	634.7	834.7
Ykt6	621.5	466.1	429.9	640.1	460.4	486	558.4	470	448.7	617.8	666.3	569	503.6	446.8	359.7	507	570.6	726.1	458.9	459.1	900.7	863.7	732.7	647.1
Baz1b	3757.6	4022.6	2679	3613.3	3439.8	4987.9	3093.7	5057.2	4315	4300.2	5505.6	6487.5	4513.1	4132.3	4609.6	4503.2	5296.6	5611.1	5237.3	4665.8	2481	2511.9	1733.1	1767.1
Pex6	261.4	176.4	245.7	228.2	194.5	114	111.9	214.4	301.9	152.4	250.5	272.9	371.1	179.7	227.2	182.2	432.5	350.7	224.7	346.3	1216.6	1161.2	1412.4	1379.6
Mrpl2	381.1	237.8	281	185.8	421.8	410.5	104.9	315.3	219.8	357.9	332.8	338.2	241.8	506.9	359.7	276.3	373.1	202.3	234.2	566.9	863.3	850.3	1186.3	1168.6
Mea1	309.7	289.1	335.3	341.2	231.7	78.3	340.6	285.9	155.1	283	188.5	502.8	78.2	302.2	136.9	365.3	310.1	251.7	262.8	279.6	402.6	450.2	466.3	389.5
Kdelr1	2354.9	2414.2	3275.5	2778.7	2556	2176.1	3143.7	1738	1958.3	1498.3	3146.9	2835.3	2048.6	2416.4	1891.9	3499.3	2094.6	1641.4	3080.6	1760.9	931	801.8	1111.1	1222.3
Tmem143	95.5	138.3	100.2	48.9	27.2	52.2	47	45	55.5	24.5	41.9	95.7	29.5	150.4	88.8	82	118.7	53.8	52.3	60.3	70.8	54	52.3	66
Ggct	372.7	496.9	381.9	271.7	233.8	195	124.9	227.2	191	330.7	306.6	231.7	354.3	256	237.4	470.6	207.2	193.5	442.3	220.6	72.4	70.5	141.6	112.6
Jag2	37.8	2.2	21.9	18.5	55.8	0	0	0	0	15	15.7	0	35.1	1.5	1.5	3	4.8	1.5	32.1	18	106.6	127.6	20.8	52.4
Btbd6	48.3	47.6	52.2	106.5	142.3	12.4	72.9	58.7	89.3	53.1	58.3	18.8	0.8	109.3	42.2	79.9	24.2	88.8	77.3	19.2	163.1	185.6	173.8	311.9
Nudt14	151.2	145.6	245	358.6	185.2	280.1	205.8	130.2	105.8	126.6	242.3	422.3	102.2	191.5	206.8	374.4	237.4	231.4	162.9	323.2	460.7	448.7	341.5	324.2
Epdr1	85	98.1	233	261.9	388.2	108.5	142.8	107.7	428.2	602.8	343.3	247.8	56.7	18.3	80.1	200.4	15.7	0	22.6	127	8	22.7	9.4	44.6
Flii	1169.6	841.6	722.2	586.8	753.6	881.4	292.7	672.7	635.6	704.9	840.6	944.8	997.6	988.1	661.2	702.3	713.6	653.4	815.6	1020.9	2728.5	2786.7	1862.6	1855.8
Top3a	78.7	85.6	135.5	70.6	62.2	131.8	109.9	107.7	0	121.1	163	425	75.8	128.4	249	112.3	147.8	78.6	164.1	39.8	631.8	572.4	599.9	553.2
Atg4d	147	161.7	56.5	30.4	33.6	119.4	63.9	49.9	76	36.7	61.3	123.5	67.8	63.8	71.4	109.3	21.8	1.5	52.3	64.1	432.9	435.3	326.1	260.8
Qtrt1	319.2	226.1	415.1	284.7	240.2	193.6	184.8	249.7	147.9	102.1	264	404.4	90.2	284.6	206.8	197.3	181.7	234.3	309.1	283.4	261	319.5	420.7	463.9
Hdgfrp2	212.1	114.9	108	117.4	65.8	282.8	142.8	204.6	374.8	121.1	122.6	209.4	104.5	309.6	87.4	193.3	282.3	225.5	145.1	239.8	1735.4	1664.7	1277.5	1163.4
Chaf1a	238.3	403.2	619.8	908.5	836.5	1005	741.2	1562.7	1262	1807.2	2378.1	2519.5	716.7	1046.1	1527.8	2001.6	871.1	902.2	1444.6	1368.5	1722.7	1735.9	1492.3	1650.7
Adprh	1017.3	780.8	1354.7	1542	1116.8	1419.6	1709.2	1024.2	1284.6	1536.4	1386.5	1609.6	1399	1571.3	1587.5	1695	1444.1	1330	1796.5	1467.2	1632	1641.2	1655.3	1411.9
Tmem39a	393.7	181.5	255.5	180.4	190.9	78.3	217.8	152.7	261.9	232.7	144.3	191.5	208.3	341.8	320.4	40.5	72.7	416.2	8.3	184.7	417.7	398.5	891.7	959.6
Timmdc1	150.1	63.7	122.8	84.8	65.1	108.5	197.8	132.2	80.1	138.8	115.2	101.1	54.3	154.1	100.5	82	113.9	82.9	168.8	282.2	109.8	121.4	153.7	111.3
Mcm2	1112.9	1165.7	1198.7	1247.5	3140.2	2320.3	1879	2762.1	3769.7	4302.9	3623.3	2583	3173.9	3639.3	3360	3357.7	2550.2	2385	2678.7	2994.7	7834.5	8028.1	8841.5	9586.3
Tpra1	234.1	273.7	575.3	428.2	359.6	366.6	495.5	380.9	244.4	269.4	516	382	472.5	446.8	336.4	659.8	172	295.4	437.5	301.4	498.1	491.7	652.9	661.3
Nab1	1283	1263.8	1756.4	1469.2	1595.8	1996.2	1368.6	1785.9	1481.8	1422	1319.2	1269.6	1316	1688	1341.4	1121.2	1318.1	1456.6	1235.3	1381.3	1005	1080.5	1038.7	1032.7
Adgre5	637.3	487.4	496.3	531.4	342.5	453.1	174.8	349.6	375.8	314.3	278.9	518.9	79	72.6	81.6	146.7	44.8	100.4	63	283.4	935.7	1014.8	764.9	794.6
Il17ra	2075.6	1586.5	1442.9	1132.4	1468.6	1950.9	1985.9	1721.3	2187.3	1594.9	2086.5	3153.8	3394.2	1740.1	1798.7	1665.7	3451.5	3060.2	3005.7	2411.2	4829.1	4767.7	1428.5	1598.9
Arrdc2	119.7	78.3	45.2	47.8	15.7	23.3	0	28.4	0	1.4	16.5	5.4	20.7	13.2	37.9	29.3	61.8	24.7	16.6	75.7	206.1	212.2	140.2	153.4
Cd36	16.8	0.7	24.7	57.6	0	1.4	195.8	17.6	0	9.5	22.4	34	0	26.4	27.7	0	0	0	0	43.6	159.9	133.1	4	4.5
Map2k7	755.9	835	564.7	431.4	705.7	663.1	451.5	672.7	361.5	383.7	546.7	631.7	358.3	435.7	489.4	689.1	729.3	574.8	657.5	523.3	620.6	686.7	279.8	313.8
Timm44	634.1	524.7	578.9	874.8	445.4	572.5	805.1	516	726	567.5	649.9	899.2	564.2	779.8	502.5	748.8	895.3	561.7	697.9	841.3	829.1	721.1	817.3	738.3
Ap2a2	610	657.1	504.7	473.8	554.1	498.4	521.4	620.8	267	549.8	564.6	467	492.4	159.2	544.7	344.1	419.2	676.6	810.9	620.7	1945.5	1626.3	1199	1356.9
Pnkp	260.4	193.2	156	261.9	205.2	54.9	256.7	252.6	223.9	347	243	397.2	281.7	168.7	368.5	194.3	126	285.2	255.6	492.5	775	872.3	2111.6	2020.2
Med25	441	405.4	227.3	299.9	356.1	244.4	204.8	235	455.9	284.4	312.6	111.8	280.9	296.4	189.3	216.6	324.7	199.4	325.8	472	955.6	936.5	938	1217.1
Clptm1	346.5	223.9	496.3	446.6	449.7	473.7	360.6	608	388.2	508.9	424	776.6	268.2	286.1	547.6	486.7	248.4	387.1	481.5	454	2520	2635.6	2629.6	2758.5
Relb	84	73.2	165.2	107.6	46.5	124.9	157.8	105.7	58.5	58.5	56.1	25.9	166	60.2	37.9	89.1	70.3	24.7	35.7	102.6	292	274.1	12.1	33.6
Tomm40	395.8	362.2	312.7	459.7	491.9	337.7	278.7	542.4	605.9	534.8	414.3	526.1	330.4	319.1	492.3	504	242.3	576.2	466.1	563	2267.8	2109.4	3418.6	3112.4
Apoe	2990.1	2292.7	2120.6	1832.2	2112	1874.1	2368.5	2090.5	4182.5	4643.1	5394.9	6242.3	1224.2	1896.3	1238	1695	179.3	144.1	154.6	519.4	1076.6	1075.1	1096.4	933.7
Hbp1	1077.2	1126.2	1483.2	1456.2	915.2	1261.7	1178.8	1245.5	994	963.5	1136.7	681.8	1167.6	1420.2	1025.3	1365.1	1723.9	1859.7	1419.6	1120.9	918.2	967	1148	1034
Prkar2b	1492.9	1669.2	1487.4	1237.8	1815.3	2130.8	2266.6	1850.6	2770.5	2595.1	3082.6	2492.6	1347.1	1605.8	1466.6	1157.7	875.9	780	706.2	1195.3	553	569.2	2955	2906
Cdkn1b	583.7	655.7	499.8	446.6	433.3	564.3	573.4	465.1	635.6	353.8	453.2	518.9	554.7	738	501	515.1	460.4	472.9	448.2	539.9	235.5	270.9	73.8	72.5
Klf4	2.1	46.8	93.2	29.3	20.7	0	384.6	151.8	37	193.2	0	143.2	36.7	31.5	87.4	35.4	12.1	152.8	3.6	355.3	255.4	272.5	108	104.8
Ap1m1	676.1	717.9	725.7	793.3	1116.8	984.4	1556.4	906.7	1032	1066.9	1569	1954	812.4	711.6	1173.9	1194.1	902.6	1153.9	1104.5	926	2944.1	3042	2463.8	2458.9
Rab8a	1300.8	1610.7	1162	1619.2	1906.8	1300.2	1449.5	1265	1600.9	1124	1696.9	1874.4	1311.2	1718.1	1274.4	1651.5	1619.7	1343.1	1452.9	1291.5	3278.3	3314.4	3691	3462.5
Hmgn2	494.5	377.6	383.3	369.5	983.8	562.9	715.2	480.8	795.8	967.5	783.7	899.2	748.6	1368.1	856.4	600.1	793.5	975	774	659.2	2600.4	2598	3879.6	3355.1
Fam32a	2711.9	2868.6	2123.4	2095.2	1798.9	2023.7	1891	1934.8	2065.1	1875.2	2239	2523.1	2517.1	2269.7	1937	2206.1	2043.8	2025.6	2269.7	1760.9	1541.3	1577	1529.8	1607.3
Stard3nl	130.2	220.3	242.1	217.3	175.2	189.5	203.8	299.6	319.4	293.9	150.3	79.6	139.7	235.5	225.7	103.2	197.5	360.9	350.7	371.9	350.9	380.5	589.1	478.2
Stk11	663.5	416.4	374.9	286.9	765.7	718	533.4	565.9	578.1	748.4	439	779.3	778.1	999.1	302.9	540.4	571.8	633	417.3	389.9	576.9	596.6	471.7	568.1
Atp5d	1741.8	1257.2	1422.5	1871.3	1748.1	1687.3	1823.1	1635.2	1397.6	2143.3	2391.6	2550.8	1861.9	1978.5	2170.1	1703.1	2156.4	1667.6	2092.5	2303.4	3243.3	3294.1	3806.5	3243.1
Ppp5c	316	320.5	311.3	405.3	456.9	311.7	345.6	378.9	297.8	170.1	340.3	360.6	604.1	349.2	249	261.1	352.5	318.7	544.5	588.7	1982.1	1980.2	1679.5	1783.3
Cdk12	608.9	910.3	535.8	913.9	630.6	542.3	402.6	665.8	799.9	620.5	709	745.3	814	899.4	642.3	736.7	439.8	557.3	721.7	706.7	333.4	307.7	113.4	117.8
Lipe	106	87.8	134.8	147.8	72.9	146.9	152.8	148.8	144.8	142.9	164.5	102.9	52.7	232.5	78.6	178.1	90.9	128.1	85.6	66.7	305.5	295.2	176.5	178.6
Pafah1b2	1612.6	1654.6	1808.6	1849.6	1224	1565.1	1366.6	1150.5	2202.7	1329.5	981.2	1388.6	1407	1332.9	1315.1	1138.4	1266	1519.2	1319.7	1231.2	1746.6	1714	2086.1	2000.7
Tbc1d8	304.5	116.4	190.6	183.7	338.9	93.4	70.9	176.2	78	96.6	123.4	0	47.9	85.8	97.6	127.5	47.2	135.3	151	139.8	2251.8	2241	534.1	675.5
Cnot11	95.5	82.7	136.2	186.9	348.2	214.2	265.7	207.6	266	231.3	362.7	254.1	103.7	63.8	135.4	274.2	430.1	350.7	294.9	302.7	677.9	706.3	930	824.4
Slc2a3	1671.4	1880	1810	2190.8	1120.4	1552.8	1422.5	1263.1	925.2	801.5	1184.6	1123.7	952.9	1119.4	806.9	887.5	882	710.1	760.9	895.2	1048.7	940.4	281.1	226.5
Foxj2	185.8	264.9	220.3	204.3	245.2	238.9	346.6	203.7	288.6	149.7	213.9	17	246.6	208.3	123.8	157.9	249.6	184.8	127.2	77	432.9	444.7	76.5	143
Sri	1697.7	1202.3	1733.1	2044.1	1131.1	1594	1960.9	1769.3	1876.1	1718.7	1986.3	2061.4	972	1371.1	1520.5	1520	1459.8	1494.4	1451.7	1454.4	1955	1942.6	2515.5	2225.3
Dgcr2	881.9	878.9	1102.7	862.9	998.8	954.2	618.3	811.7	560.7	1015.2	1032.8	1198.9	919.4	566.3	916.1	1017	821.4	694.1	806.1	999.1	966	963.1	958.2	1063.1
Irf3	512.3	541.5	739.1	609.6	354.6	634.3	767.2	627.6	683.9	636.9	691.8	824	786.1	665.4	506.8	614.3	701.4	689.7	669.4	758	837.9	909.1	946.1	951.2
Bcl2l12	17.8	12.4	27.5	15.2	35.7	20.6	34	8.8	26.7	31.3	46.4	10.7	27.1	37.4	42.2	21.3	12.1	27.6	22.6	10.3	389.1	402.5	385.8	341
Zfp959	150.1	259.1	161	160.8	133	46.7	55.9	117.5	161.2	115.7	41.9	47.4	138.1	59.4	100.5	101.2	86	151.3	65.4	78.2	96.3	115.9	101.3	164.4
Mpnd	323.4	336.6	304.3	565.1	152.3	267.7	393.6	206.6	167.4	96.6	270	180.7	310.4	478.3	278.2	435.1	420.4	550	577.8	566.9	2147.6	2190.1	1225.2	1288.3
Sh3gl1	328.6	205.6	482.2	364	178.7	444.8	171.8	315.3	429.2	317.1	241.6	182.5	357.5	396.1	249	340	301.7	164.4	210.4	441.2	1686.1	1596.5	1140	1278.6
Ebi3	744.4	685.7	732.1	860.7	170.9	420.1	360.6	274.2	218.7	182.3	219.9	212.9	444.5	336	291.3	454.4	353.8	358	456.6	418.1	69.2	71.3	332.1	335.8
Ccdc94	40.9	44.6	29.6	0	35.7	12.4	108.9	47	63.7	2.7	53.1	68.9	17.6	68.2	27.7	17.2	104.2	135.3	25	52.6	290.4	285.8	215.4	207.7
Ranbp2	1270.4	2116.3	1022.2	1320.4	2192.1	1788.9	1181.7	1528.4	2389.6	1335	1754.4	1551.4	2030.3	2131.1	1731.7	1905.5	2129.8	1474.1	1507.6	1127.3	1542.9	1436.8	1486.2	1474
Edar	227.8	30.7	97.4	103.2	22.9	98.9	88.9	42.1	0	0	18.7	0	0	0	0	17.2	0	0	0	0	0	0	0	0
Dvl3	42	12.4	29.6	50	0	0	54.9	4.9	0	28.6	17.9	0	53.5	56.5	21.8	11.1	37.6	0	13.1	9	365.2	331.2	277.1	199.9
Abcf3	620.5	427.4	356.5	353.2	521.9	336.4	594.4	367.2	317.3	274.9	359.7	302.4	475.6	255.3	374.3	228.7	524.6	317.2	309.1	378.3	696.2	736.8	957.5	1052.1
Eif2b5	682.4	664.5	549.2	449.9	275.3	742.8	611.4	635.5	518.6	612.4	1050	1000.3	474.1	473.2	617.5	766	522.1	589.3	649.2	548.9	1994	1991.2	2006.9	2234.3
Cyth2	462	330.8	282.4	484.7	554.1	431.1	431.5	346.6	640.8	506.2	424	202.2	502	586.1	214.1	469.5	304.1	429.3	474.4	497.6	646.9	650.7	374.4	401.2
Plag1	43	307.4	75.5	157.6	10	269.1	126.9	61.7	5.1	118.4	104.7	83.2	193.9	90.2	0	79.9	70.3	116.4	97.5	11.5	8	7	0	0
Hck	0	0	11.3	50	0.7	23.3	77.9	40.1	28.8	8.2	36.6	5.4	140.5	11.7	7.3	42.5	19.4	33.5	23.8	112.9	461.5	526.2	481.1	387.6
Mrpl4	140.7	132.5	249.2	138	196.6	212.8	70.9	126.3	76	166	314.8	472.4	347.2	165.1	281.1	164.9	198.7	113.5	173.6	187.2	1250.8	1280.2	1631.8	1608
Keap1	1644.1	2032.2	1629.3	2222.3	1271.9	1507.5	1298.6	1867.2	1637.9	1442.5	1598.1	2395.1	1414.2	1977.7	1293.3	1771.9	1451.4	1549.7	1190.1	1613.4	1078.2	1144	1262.1	1402.2
Glg1	2695.1	3113	2715	2843.9	2413.8	1941.3	1808.1	2437.1	1516.7	1671.1	2429.7	2536.5	2190.7	2247	2365.2	2639.2	2327.2	2462.1	2603.8	2724.1	2298	2190.1	2146.5	2412.9
Btbd2	152.2	138.3	221	188	365.4	277.3	203.8	235	62.6	288.5	207.2	207.6	217.9	187.8	266.5	223.6	104.2	154.2	247.3	270.6	719.3	700	993	935.7
Csnk1g2	1511.8	1316.5	1532.6	1321.4	1463.6	1414.1	1453.5	1166.2	1344.2	1540.4	1537.6	1370.7	1071	1266.9	1185.5	1084.8	1378.7	1893.2	1527.8	1578.8	4123.3	4148.3	2554.4	2827.1
Abhd17a	514.4	466.9	486.4	399.9	495.5	554.7	385.6	470	630.5	503.5	465.2	561	463.7	337.4	364.1	233.8	421.6	926.9	430.4	732.3	3242.5	3301.1	2960.4	2712.5
Mob3a	247.8	418.6	350.1	264.1	312.4	567	268.7	347.6	417.9	266.7	289.4	296.1	579.4	353.6	393.2	489.8	712.3	653.4	605.2	561.7	621.4	606	538.1	630.9
Fkbp11	82.9	156.6	198.4	228.2	103	160.6	87.9	162.5	61.6	137.4	161.5	234.4	105.3	48.4	120.9	136.6	33.9	0	23.8	71.8	43.8	40.7	647.5	524.1
Ddx23	605.8	442.7	170.8	360.8	325.3	260.9	399.6	334.9	392.3	272.2	480.1	348	367.9	351.4	281.1	404.8	323.5	222.6	205.7	466.8	112.2	97.9	93.3	34.9
Pld3	263.5	298.6	408.7	534.7	379.7	196.3	289.7	324.1	285.5	254.5	325.3	440.2	191.5	113	284	283.3	136.9	368.2	305.6	338.6	707.4	686.7	373.7	498.2
Grik5	307.6	248.8	283.8	276	128	119.4	105.9	214.4	131.4	83	175	101.1	81.4	201	131.1	129.5	175.7	184.8	128.4	101.3	35.8	32.1	14.1	16.8
Cd79a	0	0	0	0	16.4	0	11	11.7	0	55.8	1.5	0	4.8	0	13.1	0	14.5	0	0	70.5	6924.2	7270.2	12.7	13.6
Rabac1	1714.5	1454.8	1428.1	1942	1276.2	1374.3	1374.5	1008.5	923.2	1013.8	1569	1117.5	1140.4	1153.9	1029.7	1754.7	1079.4	1286.4	1564.7	1637.8	1194.3	1201.9	2114.2	1972.3
Etv3	763.3	1027.4	600	495.5	757.2	590.4	706.3	490.5	476.5	462.7	207.9	69.8	650.4	493	509.7	263.1	573	576.2	403.1	248.8	706.6	698.4	267	220
Prkcsh	399	472	506.2	276	411.1	595.9	305.7	308.4	515.5	389.2	494.3	611.1	276.9	590.5	361.2	676	615.4	397.3	360.3	674.6	1947.1	1873.7	1938.5	2215.6
St8sia6	0	0	0	17.4	0	0	7	2	256.7	458.6	292.4	578	26.3	177.5	138.4	9.1	14.5	0	3.6	29.5	54.1	47	79.8	109.4
Fcgrt	298.2	261.2	327.6	406.4	261.7	359.7	237.7	143	6.2	171.5	44.9	99.3	108.5	129.1	71.4	102.2	105.4	48	111.8	159	214	220.8	126.1	127.5
Nosip	368.5	267.8	257.7	235.8	624.2	233.4	117.9	278.1	221.8	296.7	425.5	277.4	425.4	325.7	247.6	170	247.1	340.5	279.4	233.4	1055.1	1057.1	991	944.1
Pih1d1	465.1	290.5	336.7	234.7	566.3	391.3	479.5	417.1	507.3	583.8	610.2	1047.7	617.7	465.1	585.5	540.4	441	301.2	500.5	677.2	950.9	978.8	1005.1	863.8
Rps11	11734.6	9833.7	10551.6	9403.3	14096.5	14111	14999.1	9114.8	15417.7	11047.1	11184	9686	12196.8	15183	13265.1	9264.4	17438	11603.4	13762	9179.1	3641.9	3629.2	4315.1	3817.7
Supt5	1241	1618.7	1009.5	1376.9	1473.6	830.6	738.2	897.9	1376	1113.1	1321.4	1197.1	1300.8	1148.8	948.1	1190.1	1522.8	1156.8	963	1137.6	2937.7	2900.2	1990.1	2022.7
Paf1	565.9	409.8	374.9	404.3	687.8	832	451.5	399.5	695.2	449.1	560.9	637.9	526.7	432.8	316	287.4	637.2	368.2	412.6	584.8	799.7	895	976.9	964.1
Timm50	359.1	133.9	263.3	288	153.7	168.9	340.6	331.9	428.2	589.2	587.8	449.1	387.9	374.9	356.8	544.4	242.3	227	488.7	450.2	2068.8	2186.9	2636.3	2410.3
Med29	45.1	114.9	131.3	92.4	183	82.4	85.9	61.7	347.1	35.4	12	33.1	112.5	67.5	77.2	89.1	87.2	109.1	11.9	168	98.7	84.6	130.8	124.9
Bicd1	624.7	1190.6	828.8	1088.9	826.5	657.6	563.4	690.3	610	628.7	548.2	454.5	766.1	760	605.9	560.6	476.1	762.5	445.9	292.4	70.8	72	9.4	34.3
Ncstn	131.2	103.9	99.5	110.8	50	89.2	136.9	137.1	24.6	77.6	109.2	247.8	242.6	128.4	174.8	91.1	52.1	56.8	195	237.3	1971	2171.3	2981.2	2922.8
Pex19	541.7	406.9	581	601	589.9	694.7	773.2	507.2	802	468.1	504	677.3	655.2	411.5	518.5	595	386.5	509.3	457.7	524.6	1089.3	1093.1	1109.1	1013.3
Cyp4f18	0	0	0	0	0	0	0	16.6	0	9.5	0	0	0	26.4	0	10.1	0	0	0	83.4	453.6	430.7	367.7	390.8
Impdh1	309.7	383.5	291.6	414	602	432.5	547.4	615.9	453.9	552.5	533.2	507.3	876.3	811.3	1057.4	1091.9	701.4	970.6	985.6	1078.6	4511.6	4608	3824.6	3609.4
Dusp3	281.4	417.8	437.7	311.9	554.8	453.1	284.7	379.9	518.6	182.3	329.1	150.3	88.6	22	56.8	59.7	92.1	32	101.1	56.4	27.1	34.5	55	93.8
Prodh	267.7	218.8	132	192.3	232.4	103	133.9	143	61.6	183.7	392.6	100.2	132.5	184.1	145.6	197.3	44.8	33.5	63	83.4	164.7	162.9	826	957.7
Dgcr14	148	177.8	141.2	101.1	62.2	203.2	229.8	152.7	286.5	182.3	210.9	160.2	145.2	168	90.3	209.5	78.7	135.3	139.1	130.8	605.5	661.6	405.9	495.7
Slc25a1	402.1	569.3	709.5	624.9	679.9	944.6	771.2	919.4	596.6	680.4	1112	975.2	991.2	392.5	527.2	638.5	609.4	697	812	472	2823.2	2976.2	1061.5	1092.9
Dgcr6	168	221	240.7	310.8	225.9	223.8	240.7	169.4	133.5	70.8	139.1	261.3	145.2	164.3	164.6	127.5	103	129.5	55.9	187.2	406.6	424.4	429.4	332.6
Ddr1	46.2	8.8	61.4	41.3	0	0	84.9	11.7	32.9	0	33.7	34	0	0	7.3	0	0	0	4.8	5.1	601.6	663.2	15.4	7.1
Ier3	747.5	985	638.2	526	363.9	428.4	583.4	405.4	401.5	310.3	372.4	506.4	851.5	477.6	460.2	540.4	445.8	343.4	514.8	248.8	269.7	257.6	82.5	116.5
Fosb	64	608.1	64.2	26.1	158.7	0	42	37.2	0	9.5	0	34.9	425.4	0	56.8	24.3	15.7	10.2	0	109	808.4	773.6	11.4	8.4
Klc4	288.7	210.8	351.6	368.4	166.6	215.6	172.8	175.3	204.4	47.6	225.1	314.9	263.4	266.3	129.6	229.7	173.2	180.4	381.7	206.5	276.9	282.7	259.7	258.2
Ercc1	244.6	232.7	143.3	136.9	87.9	273.2	119.9	201.7	66.7	132	188.5	58.2	0	45.5	91.8	208.5	178.1	148.4	192.6	182.1	325.4	321	410.6	373.4
As3mt	424.2	464	454.6	290.2	455.4	403.6	433.5	445.5	272.1	453.2	359	158.4	494	511.3	326.2	468.5	416.7	366.7	363.8	405.3	592.8	581	1411.7	1325.2
Homer3	160.6	264.2	129.2	295.6	194.5	262.2	185.8	358.4	239.3	127.9	113.7	85.9	241.8	174.6	119.4	218.6	141.7	328.9	263.9	93.6	198.1	216.9	77.8	86.7
Crtc1	347.5	316.9	218.8	297.8	210.2	188.1	159.8	171.3	163.3	117	197.4	184.3	221.1	142.3	157.3	178.1	176.9	120.8	160.5	201.4	615.1	688.3	211.4	254.9
Rnf215	331.8	362.2	374.1	315.1	413.3	303.4	275.7	387.7	117.1	93.9	314.1	296.1	128.5	253.8	88.8	285.4	128.4	216.8	346	291.1	194.2	238.8	134.2	117.1
Sec14l2	147	44.6	90.4	154.3	130.1	112.6	76.9	112.6	3.1	9.5	44.9	9.8	41.5	0	42.2	36.4	0	0	4.8	1.3	1.6	3.1	0.7	3.2
Aven	449.4	644.7	542.2	529.2	777.9	481.9	494.5	800.9	495	499.4	575.8	414.2	560.2	233.3	537.4	333.9	316.2	481.7	406.6	616.9	409	443.2	461.6	510.5
Crot	458.8	887.7	545	669.4	863.7	1018.7	634.3	329	489.8	450.4	606.5	471.5	657.6	563.4	413.6	471.6	690.5	245.9	676.5	414.3	591.2	555.1	911.9	934.4
Rps6ka1	1426.8	1066.2	1116.8	952	1048.9	947.3	682.3	1172	1072.1	719.9	1130	1004.8	936.9	1506	1152	1382.3	1274.5	1105.9	1349.5	1458.2	6340.2	6380.7	12196.4	12191.5
Snrnp200	1728.1	1399.2	1458.5	1253	1871.1	1378.4	1441.5	1214.1	2039.4	1622.1	1625.8	2512.3	1553	1910.3	1312.2	1483.5	1325.4	1139.4	1466	1322.3	3466.1	3297.2	2035.7	2105.6
Ciao1	339.1	486.6	384.7	267.3	446.9	453.1	414.6	190	410.8	209.6	250.5	177.2	292.9	253.8	372.8	248.9	175.7	181.9	229.5	284.7	603.1	572.4	821.9	818.5
Taf6l	396.9	302.2	617.7	748.7	464.7	869.1	724.2	690.3	1009.4	646.4	761.3	769.4	367.9	758.5	789.4	819.7	719.6	499.1	785.9	882.4	1029.6	987.4	1209.8	1223
Insig2	584.8	381.3	549.2	556.4	266	451.7	655.3	318.2	486.7	220.5	455.4	325.7	494	239.9	420.9	273.2	307.7	395.8	479.1	293.7	213.2	249.8	279.1	260.1
Kpna6	700.3	491.8	405.2	499.9	322.5	373.4	567.4	619.8	260.8	495.3	471.9	355.2	401.4	228.9	452.9	514.1	368.3	491.8	498.2	669.5	458.3	393.8	357	264.7
Man1a	486.1	750.1	1027.1	658.5	227.4	1086	773.2	640.4	888.3	955.3	495.1	205.8	1159.6	1005	792.3	787.3	1468.3	1955.7	1174.7	863.1	1353.5	1312.3	2214.2	1941.2
Itpkc	118.6	60	76.9	132.6	108.7	89.2	144.8	59.7	9.2	72.1	6	23.3	1.6	66.8	71.4	60.7	61.8	75.7	39.2	56.4	73.2	95.5	42.9	33
Adck4	172.2	256.1	120.7	113	92.9	168.9	128.9	105.7	105.8	110.2	172.8	84.1	130.1	300	148.6	166	141.7	147	152.2	118	246.7	258.4	314.7	377.9
Brd8	2647.8	2696.6	2232.2	2579.9	2012.7	1878.2	2253.6	2394	3034.4	2426.3	2652.6	1664.1	2490	2186.8	1912.3	2655.4	3063.8	3268.3	3015.2	2363.7	2523.2	2314.6	1048.1	1190.6
Kif20a	136.5	134.6	249.9	142.4	491.2	398.2	424.6	286.9	1232.3	936.2	412.8	545.8	479.6	869.3	268	582.9	1046.7	814.9	594.5	797.7	1768.8	1579.3	785.7	847.7
Farsa	1078.2	1099.9	715.1	880.2	1424.2	1013.2	903	1441.3	1184	1149.9	1626.6	1361.7	1272.9	1606.5	1031.1	1650.5	1054	1332.9	1115.2	1182.5	1541.3	1531.6	2838.2	3096.9
Gcdh	216.3	87.1	241.4	198.9	135.1	127.7	457.5	202.7	238.2	129.3	150.3	121.7	178.8	165.8	58.3	170	126	78.6	63	186	354.1	318.7	570.3	495.7
Mast2	80.8	68.8	70.6	108.7	195.9	118.1	21	137.1	176.6	29.9	181.7	179.8	106.9	136.4	139.8	48.6	139.3	176.1	97.5	155.2	638.9	720.4	261	278.2
Dnase2a	237.3	264.9	173	374.9	311.7	395.4	145.8	302.6	363.5	242.2	302.9	148.5	329.6	380	374.3	386.6	333.2	391.4	283	430.9	339	302.2	464.3	502.1
Rad23a	173.2	172	180	165.2	219.5	186.7	209.8	259.5	180.7	283	367.2	294.4	193.9	165.8	301.5	181.1	214.4	299.8	266.3	220.6	1647.9	1668.6	1164.1	1081.9
Calr	10829.6	10384.8	9080.4	10136.9	14188	10839.3	10711.7	14499	15132.2	19432.4	17178.7	19028.5	21047.4	26581.4	26096.1	21589	11539.3	14120.8	12942.8	17732.2	10917	11212.6	40437.8	39912
Syce2	549.1	685	632.5	467.3	639.2	1175.2	1127.8	826.4	934.5	1713.3	1131.5	1711.6	1084.6	1403.3	1778.3	1204.2	1018.9	1008.4	1111.7	1326.1	669.2	664	942.1	997.8
Nfat5	2015.8	2987.2	2869.6	2609.2	2523.2	2033.3	1730.2	1274.8	1293.9	1232.9	1127.7	467.9	1699.1	1474.5	1280.2	1394.5	1404.1	1270.3	1243.6	631	124.9	127.6	32.9	18.1
Nob1	446.2	537.1	470.9	530.3	856.5	407.8	499.5	464.1	543.2	409.6	348.5	161	660	454.1	353.9	267.2	643.3	286.7	403.1	442.5	883.2	957.6	1252	1444.9
Nqo1	64	82	149	32.6	104.4	71.4	35	81.3	184.8	181	52.3	36.7	39.9	66.8	62.6	43.5	15.7	18.9	41.6	59	9.5	11	6.7	18.1
Gys1	64	144.9	96	69.5	137.3	59	68.9	165.5	67.8	55.8	106.2	125.3	103.7	68.2	201	241.9	186.6	36.4	147.4	109	393.1	413.4	1682.1	1670.1
Ruvbl2	298.2	234.9	226.6	185.8	361.1	174.4	279.7	272.2	132.5	344.3	364.9	340	387.1	307.4	265.1	247.9	176.9	382.7	262.8	519.4	2286.8	2435.1	4343.2	4194.3
Bax	1	22.7	23.3	1.1	24.3	6.9	13	16.6	22.6	10.9	20.9	36.7	66.2	1.5	51	61.7	7.3	62.6	11.9	20.5	1067	1147.1	1055.4	866.4
Il7r	0	0	21.9	1.1	0	0	77.9	141	90.4	87.1	53.1	111.8	49.5	115.9	97.6	0	442.2	131	365	404	1926.4	1942.6	0	0
Tfam	1390.1	1391.1	1666.7	1683.3	1607.3	1816.4	1971.9	1617.5	1916.2	1773.1	1798.6	1395.7	1770.1	1638.8	1830.7	1362.1	1630.6	1738.9	1791.7	1780.2	864.9	857.4	1021.9	1076.1
Zfp81	216.3	385.7	319.1	458.6	353.9	459.9	340.6	388.7	296.8	347	297.6	367.7	336.8	336.7	323.3	362.3	422.8	548.6	493.4	341.2	144	177	119.4	95.8
Mmd	182.7	128.8	283.8	118.5	208.8	488.8	315.7	248.7	397.4	506.2	258	221.9	476.4	201	298.6	465.5	564.5	423.4	409	341.2	548.2	483.1	422.7	319
Hlf	15829.2	16841.3	14188.6	13131.9	8456.7	10430.2	9332.1	11099.5	2458.4	3449.7	2459.7	2741.4	7948.7	5164.4	7204.9	6270.1	8813.5	11385.1	7491.5	5903.5	75.6	58.7	75.1	125.5
Fam162a	640.4	359.3	616.3	274.9	499.8	1050.3	470.5	581.6	589.4	461.3	518.3	416	853.1	771.7	621.9	256	467.6	205.2	407.8	674.6	492.5	411.1	755.5	717
Rpl8	9431.2	8157.9	8035.6	7438.6	8722	9543.3	7674.9	7085	12186.1	8876.6	9815.4	13672.8	8129.1	10818.9	8250.6	8297	9571.9	7630.8	8454.6	10904.1	5266	5641.5	8570.4	7608.9
Ssbp2	1182.2	927.9	1166.9	958.5	1000.3	702.9	677.3	754.9	722.9	1122.7	784.5	699.7	795.7	1084.2	603	837.9	1029.8	756.7	1205.6	749	770.2	801	477.1	489.2
Fancl	244.6	142	394.6	328.2	228.1	579.4	338.6	397.5	398.4	476.3	267.7	316.7	477.2	303.7	339.3	386.6	336.8	305.6	493.4	397.6	284.1	280.3	254.3	254.9
Gstm5	359.1	464.7	410.9	535.8	346	181.2	250.7	363.3	480.6	385.1	234.1	680.9	205.9	314	145.6	128.5	178.1	288.1	136.7	110.3	62.9	63.4	192.6	178.6
Gstm7	155.4	48.3	115.8	63	32.2	112.6	117.9	50.9	62.6	15	114.4	196.8	87	88	96.1	124.5	60.6	84.4	38	41	30.2	36	75.1	44.6
Stat3	4051.5	3944.3	3781	4188.2	3070.1	2807.6	4112.6	4150.6	2211.9	2830.5	2865	4219.4	4034.2	3070	3212.9	3801.9	2708.9	3653.9	3067.5	2854.9	2418.1	2717	2202.8	2168.3
Stat5a	1517.1	1525	1376.6	1196.5	1415.7	1798.5	1534.4	1546.1	1926.4	1718.7	1752.9	2695.7	1359.1	1162	1366.1	981.6	1003.1	864.4	613.5	711.8	1164.1	1219.9	1163.5	1359.5
Ptrf	2424.2	1669.2	1373	1489.9	1311.3	1016	704.3	855.8	521.7	423.2	477.9	828.5	289.7	459.2	273.8	289.4	43.6	77.1	67.8	62.8	4.8	3.1	42.3	40.1
Map3k11	144.9	158.8	197	111.9	93.7	184	63.9	132.2	107.8	144.2	76.3	20.6	67	255.3	85.9	182.2	147.8	62.6	137.9	93.6	1542.9	1661.5	1439.9	1705.7
Akt2	1160.1	1176.7	886.7	836.8	968.1	690.6	688.3	943.9	851.3	771.6	875.7	1688.3	629.7	939	769	844	512.5	424.9	590.9	627.2	857	831.5	793.1	691.1
Dnaja3	648.8	660.1	946	719.4	844.4	1010.5	1225.7	776.5	897.5	801.5	687.3	676.4	634.5	646.3	921.9	636.5	512.5	624.3	791.8	738.7	1265.2	1230.1	2097.5	2092
Hmox2	721.3	613.2	977	793.3	830.8	830.6	787.2	688.3	423.1	741.6	522.7	848.2	688.7	932.4	645.2	990.7	603.3	665	832.3	978.6	1042.4	1093.9	879	918.2
Cdip1	523.9	381.3	422.9	322.8	483.3	339.1	281.7	281	205.4	181	280.4	311.4	342.4	226.7	256.3	409.8	413.1	358	398.3	480.9	1363.8	1339.7	648.2	626.4
Zak	687.7	865	1009.5	924.8	812.9	674.1	678.3	1228.8	864.6	993.4	1276.6	1342.9	861.9	743.9	1165.1	1039.3	765.7	886.2	980.9	923.4	462.3	509	1274.2	1266.3
Cwc15	1174.8	1094	1120.3	1137.8	1485	1042.1	907	1267	1623.5	1450.6	1314.7	1114.8	927.4	1412.9	1332.6	1269	1284.2	1270.3	1146.1	1549.3	1363.8	1414.1	1295	1336.8
Col5a3	0	0	0	0	0	15.1	21	0	0	0	0	0	48.7	0	16	2	0	0	0	47.5	212.5	270.9	0	18.1
Dnmt1	2095.6	1937	1979.4	1848.5	3022.9	3216.8	3338.5	3565	4872.6	3973.6	4552.1	4531.7	4141.2	4926.7	3607.6	4347.4	3485.4	3121.3	3539.5	4274.7	8082.7	7982.7	5188	5106
Ppan	761.2	640.3	433.4	322.8	479.7	650.8	327.7	473.9	597.6	340.2	448.7	558.3	649.6	521.6	469	457.4	609.4	298.3	366.2	813.1	1081.4	1116.6	1745.9	1675.9
Angptl2	79.8	40.2	72.7	220.6	87.2	101.6	52.9	49	1	88.5	69.5	0	95	21.3	0	87	55.7	53.8	3.6	29.5	207.7	272.5	40.3	57.6
Cacna1e	0	0	0	0	1.4	0	0	10.8	0	20.4	0	62.6	0	0	26.2	1	0	0	5.9	24.4	181.4	174.6	0	0
Trmt10a	667.7	722.3	491.3	478.2	750	712.6	723.2	631.5	307	341.6	611.7	603.9	577.8	526	412.2	465.5	432.5	321.6	664.6	348.8	144.8	174.6	110	80.9
Psap	4859.9	4916.1	7994	5706.3	4449.3	3672.6	9110.3	5722.1	3084.8	4535.6	6384.3	11192.7	5227.3	2957.8	4981	5325.9	5174.2	7833.1	8711.4	5172.4	33652.6	27986	11193.9	11288.8
Ikbkg	395.8	413.5	415.8	317.3	190.2	600	240.7	292.8	631.5	341.6	359.7	284.5	343.2	123.2	356.8	349.1	276.2	390	273.5	413	730.5	714.9	579.1	671.7
Wars2	213.1	99.5	102.4	117.4	209.5	178.5	101.9	75.4	89.3	81.6	130.1	331	206.7	75.6	100.5	77.9	178.1	10.2	95.1	30.8	119.4	131.5	119.4	128.8
Atn1	213.1	174.2	255.5	194.5	183.7	116.7	419.6	223.2	125.3	295.3	29.9	15.2	308.1	151.9	112.1	63.8	126	145.5	38	98.8	15.9	12.5	6	7.8
Phb2	1647.3	1570.4	1975.9	1908.3	2252.9	2398.5	2941.9	2346	2460.4	2995.1	2998.8	2985.6	2510.7	2136.2	2717.7	3220	2759.7	2796.8	2838	2444.5	3069.8	2921.4	5053.8	4848.5
Ptpn6	1038.3	1212.6	1248.8	1336.7	1281.2	1212.3	1003.9	1012.4	804.1	994.8	1084.4	1144.3	1193.9	1424.6	834.5	993.7	1210.3	1107.4	1309	2141.8	6099.1	6302.4	3980.9	3993.7
Emg1	2497.7	2016.8	2241.3	1704	2492.4	2398.5	1749.1	1865.3	2556.9	2630.4	2212.1	1619.4	2452.5	2386.3	2095.8	2385.2	2024.4	1842.2	1669.3	2475.3	1718.7	1625.5	1957.9	1776.2
Lpcat3	457.8	477.9	557.7	706.4	390.4	811.4	524.4	490.5	538.1	579.7	544.4	616.4	442.9	570.7	684.5	670.9	414.3	515.1	689.6	415.5	946.9	970.9	1325.2	1606.7
Atp6v1f	1327.1	967.4	1128.1	999.8	789.3	1114.8	1034.9	826.4	1110.1	1009.7	1058.2	1389.5	869.1	961	1156.4	1078.7	1253.9	1427.5	1134.3	1142.7	832.3	759.5	663.6	589.5
Clcn5	361.2	337.4	295.8	349.9	452.6	190.8	105.9	340.7	181.8	58.5	161.5	186.1	320	209.8	329.2	240.8	399.8	296.9	274.6	236	595.2	587.3	17.4	101.6
Clcn3	1843.6	1966.3	1889.1	1867	1740.3	1620.1	1609.3	1674.3	1045.4	1008.4	937	823.1	956.1	1151	1149.1	1242.7	1660.9	1820.4	1709.7	1596.7	922.2	761.1	461.6	519
Pde1c	128.1	35.1	165.9	229.3	63.6	20.6	77.9	146.9	33.9	62.6	92	0	2.4	3.7	29.1	56.7	0	43.7	7.1	1.3	15.9	3.9	0.7	0
Utp20	464.1	949.9	552	518.4	652.1	413.3	487.5	903.7	764	982.5	1061.2	1217.7	522.7	607.4	1041.3	681	786.2	714.5	667	1069.6	710.6	711	499.2	467.2
Cul3	1415.3	1853.6	1993.6	2147.3	2132.8	2191.2	2470.4	1968.1	2153.4	2272.6	1814.3	1262.4	2607.3	1970.4	1712.8	2100.8	2656.8	2354.4	2329.1	2114.9	2170.7	1991.2	2100.8	2099.1
Large	113.4	127.3	158.8	353.2	106.5	85.1	56.9	137.1	79.1	58.5	115.9	171.8	55.1	77.8	51	118.4	89.6	147	216.4	106.4	23.9	32.1	22.1	25.2
Ddx56	479.8	359.3	683.3	499.9	317.4	494.3	374.6	498.4	500.1	498.1	570.6	959.1	493.2	408.6	554.9	558.6	306.5	718.8	495.8	538.7	1528.5	1587.9	2705.4	2734.5
Tmed4	914.5	475.7	510.4	630.3	431.1	681	446.5	522.9	510.4	274.9	399.3	358.8	673.6	335.2	364.1	416.9	434.9	474.4	328.1	482.2	986.7	1031.2	1822.4	1623.5
Bid	259.3	208.6	322.6	178.2	296	288.3	418.6	295.7	187.9	303.5	284.2	159.3	283.3	644.1	473.3	566.7	306.5	569	491	656.7	1641.5	1634.1	3032.8	3074.9
Ralb	288.7	368.1	297.9	248.9	169.4	70	158.8	245.8	283.4	104.8	334.3	237.1	185.9	102	161.7	141.7	78.7	151.3	60.6	98.8	241.9	209.1	1596.9	1745.1
Ppp1cc	111.3	176.4	375.6	158.7	303.1	654.9	244.7	357.4	561.7	513	348.5	373.1	463.7	425.5	326.2	620.3	539.1	221.2	491	425.8	168.7	167.6	200	198
Dnajb11	950.1	596.4	643.1	590.1	1305.5	873.2	824.1	953.7	959.1	1226.1	901.1	936.8	871.5	961.7	1335.5	633.5	472.5	708.7	730	1319.7	2547.8	2556.5	3746.7	3599
Tbccd1	254.1	283.2	247.1	320.6	148	344.6	368.6	169.4	420	311.6	307.4	117.2	257	122.5	177.7	143.7	285.9	193.5	243.7	289.9	395.5	348.4	565.6	576.5
Clec11a	77.7	23.4	42.4	13	112.3	63.2	77.9	29.4	110.9	144.2	45.6	51	0	88	75.7	27.3	77.5	39.3	13.1	30.8	47.7	25.1	167.1	177.3
Zfp324	21	154.4	106.6	109.8	178.7	35.7	161.8	129.2	139.7	34	205.7	310.5	24.7	49.2	85.9	125.5	27.9	117.9	132	77	191.8	238	348.9	403.1
Gab2	536.5	221.7	321.9	389	373.9	341.9	341.6	337.8	375.8	349.7	426.3	374	368.7	515	498.1	426	256.8	282.3	291.3	259.1	339.8	381.3	254.3	221.9
Coro1c	1341.8	1207.4	1439.4	1402.9	1465	1086	1532.4	1695.9	1663.6	1672.4	2601	3302.3	1920.1	1544.9	1759.4	2113	1350.8	1517.7	1735.9	1716	3201.1	3254.9	2508.1	2789.5
Tax1bp1	4643.7	5915.8	3879.1	3880.7	4076.1	4198.4	3941.8	4725.3	5155	5075.8	4024.9	5406.7	5084.5	5402.8	4423.1	5741.8	5463.8	4467.3	4214.8	4065.6	4849	4575.1	5332.9	5240.6
Ctse	120.7	144.2	224.5	202.1	113	152.4	97.9	139	485.7	133.4	112.2	74.3	195.5	257.5	177.7	48.6	164.8	193.5	51.1	318.1	326.2	329.6	120.1	66.6
Ndrg2	548	736.9	401	758.5	369.6	197.7	374.6	195.8	80.1	204.1	115.2	136.9	245	99.8	134	60.7	54.5	161.5	143.9	94.9	46.2	39.2	306	283.4
Mettl17	323.4	170.5	274.6	464	148	193.6	210.8	355.4	98.6	253.1	206.4	55.5	179.6	303	257.8	241.9	144.2	382.7	311.5	284.7	198.1	172.3	325.4	330.7
Arhgef40	363.3	403.9	314.1	421.6	256	402.3	366.6	421	186.9	153.8	289.4	242.5	216.3	316.2	246.1	223.6	143	99	129.6	138.5	35.8	67.3	20.1	13.6
Pnpla6	109.2	201.2	206.8	211.9	36.5	212.8	87.9	112.6	78	179.6	234.8	187.9	251.4	90.2	208.3	124.5	230.2	160.1	88	115.4	327.8	279.5	170.4	255.6
Mcoln1	61.9	47.6	103.1	107.6	97.2	61.8	73.9	73.4	0	16.3	89	28.6	0.8	107.1	139.8	31.4	17	34.9	64.2	20.5	386.7	375.8	267	324.2
Arhgef18	948	729.6	1037.7	1018.3	1079.6	935	928	957.6	925.2	753.9	832.3	970.8	1075.8	1343.2	1240.9	869.3	1528.9	1593.4	1485	738.7	1104.4	1100.9	391.9	478.8
Pkn2	1001.6	2103.9	1104.1	1585.5	1633	2078.6	1070.9	1429.5	1539.3	1122.7	1932.4	1343.8	1281.7	1696.8	1157.9	1622.2	1532.5	1085.5	1348.3	1077.3	627	619.4	562.9	585
Cd33	0	5.9	44.5	1.1	23.6	23.3	208.8	14.7	1	23.1	21.7	51.9	358.3	20.5	77.2	29.3	831.1	2537.8	1424.4	817	183.8	172.3	21.5	62.1
Etfb	889.3	1030.4	1216.3	854.2	1053.2	1452.6	1310.6	1218	2202.7	1767.7	2046.1	3596.7	1340.8	1883.8	1530.7	1490.6	760.8	865.8	1095	1182.5	306.3	295.2	1044.7	968.7
Nkg7	50.4	5.1	163.8	8.7	203.8	417.4	565.4	409.3	2322.8	1947.3	2553.1	2384.4	2001.5	1888.2	2299.7	1870.1	782.6	627.2	848.9	1346.7	895.2	886.4	8820.7	8194.5
Stxbp2	578.5	1034.7	621.9	603.1	632.8	481.9	557.4	586.5	690.1	556.6	552.7	965.4	358.3	530.4	605.9	486.7	266.5	507.8	310.3	472	2085.5	2023.3	2900	2917.6
Sgce	303.4	335.2	554.2	744.4	481.2	440.7	442.5	478.8	154	220.5	237.8	213.8	53.5	143	110.7	238.8	189	336.1	256.8	273.2	37.4	50.1	9.4	9.1
Chn2	51.4	109	104.5	94.5	185.9	130.4	116.9	117.5	215.6	133.4	280.4	303.3	165.2	169.5	192.2	188.2	156.3	263.4	140.3	241.1	139.2	155	277.1	287.3
Wwox	185.8	171.2	201.9	359.7	536.9	82.4	192.8	245.8	276.2	204.1	114.4	271.1	179.6	107.1	186.4	96.1	150.2	272.1	249.7	121.8	167.1	167.6	332.8	277.6
Slbp	830.5	646.2	763.1	655.3	1230.5	1282.3	1774.1	1001.7	1429.4	1526.8	878.7	1415.4	682.3	1062.2	1083.6	1009.9	1243	569	1248.4	1417.2	3181.2	3234.6	3063	3069.1
Aqp1	616.3	408.3	643.8	828.1	696.4	583.5	588.4	646.2	1604	1554	2741.6	2338.8	48.7	275.1	260.7	448.3	15.7	42.2	54.7	665.6	50.1	52.5	4	0.6
Arid3b	233.1	289.8	235.1	379.3	244.5	48.1	296.7	211.5	156.1	171.5	267.7	269.3	138.1	124.7	145.6	234.8	60.6	234.3	115.3	128.3	320.7	291.3	23.5	30.4
Cnn2	959.6	1163.5	1408.3	1527.9	879.4	1294.7	1495.4	1807.5	933.4	1596.2	1258.6	1532.6	1217.8	1044.6	1227.8	1295.3	986.1	1338.7	1605.1	1653.2	2979.9	3073.3	3469.6	3352.5
Polr2e	1207.4	677.6	926.2	1210.6	1222.6	983	1379.5	722.6	1223	1197.5	1058.9	1518.3	1610.5	1286	1082.1	1213.3	1044.3	780	900	1213.3	1317.7	1391.4	1711	1571.1
Myo9b	224.7	327.1	285.2	244.5	190.9	354.2	271.7	308.4	369.7	325.2	353	178	174	479.8	324.8	247.9	368.3	254.7	283	479.7	1678.1	1700.7	511.3	451.7
Hdac9	141.7	113.4	271.8	361.9	122.3	53.5	61.9	119.5	12.3	35.4	41.9	21.5	46.3	4.4	100.5	42.5	90.9	276.5	271.1	116.7	435.2	410.3	73.1	20.1
Ly9	57.7	30	26.8	81.5	61.5	71.4	42	22.5	34.9	27.2	19.4	52.8	14.4	60.2	45.1	130.5	101.8	180.4	90.4	28.2	1024.1	903.6	289.2	349.4
Cd244	0	7.3	2.8	0	27.2	38.4	62.9	111.6	153	255.8	245.3	187.9	889.8	509.1	766.1	647.7	736.6	766.9	1096.2	468.1	472.6	573.2	72.5	69.9
Adgre1	0	62.9	21.9	18.5	0	0	0	21.5	12.3	57.2	44.1	15.2	0	0	0	10.1	0	21.8	0	20.5	104.2	83	335.5	309.3
Mtfp1	205.8	57.1	144	80.4	25.7	124.9	203.8	220.3	82.2	168.7	107.7	79.6	46.3	61.6	170.4	122.4	54.5	77.1	132	159	140	101.8	285.2	224.5
Rab23	105	316.9	252.7	280.4	115.8	266.3	236.7	249.7	67.8	170.1	133.9	67.1	110.9	157.7	56.8	181.1	156.3	248.8	142.7	42.3	94.7	85.3	73.8	93.2
Rab11a	2051.5	2508.6	4006.2	3073.2	2064.9	2272.2	3446.3	2586.9	2337.2	2992.4	2893.4	3611	2116.5	1197.2	1252.5	1616.1	1103.7	1241.2	1417.2	1122.2	864.1	786.9	946.1	917.5
Eif2b2	611	483	525.9	515.1	341.8	392.7	435.5	421	406.6	523.9	638.7	581.6	624.1	740.9	372.8	518.1	590	467.1	632.5	1037.6	1222.2	1195.6	1285.6	1256
Dlst	414.7	534.9	497	426	667.1	535.4	775.2	545.4	568.9	782.5	1198.8	755.1	823.6	783.5	914.6	866.2	754.8	704.3	750.2	572	1730.7	1783.7	2453.8	2430.4
Ulk2	892.4	794	953.7	1270.4	479	685.1	1152.8	687.4	781.5	664.1	700.7	1113	901.8	641.9	820	821.7	709.9	926.9	1112.9	706.7	778.2	769.7	381.8	500.8
Dgkq	236.2	201.2	348.7	349.9	44.3	245.8	115.9	270.2	261.9	242.2	254.3	340	418.2	153.3	170.4	291.4	215.6	96	291.3	251.4	80.4	85.3	12.1	45.9
Grap	31.5	0	15.5	0	2.1	0	0	51.9	0	10.9	15.7	61.7	39.9	0	0	0	42.4	80	20.2	80.8	678.7	627.2	20.1	11.6
Chmp2b	995.3	740.6	1061	1251.9	737.9	1156	949	1008.5	1153.2	821.9	624.4	1376.9	697.5	904.5	739.9	700.3	752.3	1047.7	659.9	731	758.3	849.6	1084.3	1050.2
Plod3	616.3	537.9	650.9	653.1	371.1	274.6	426.5	504.3	478.5	257.2	429.3	431.2	439.7	560.5	627.7	341	378	621.3	607.6	905.5	361.2	327.3	4513.7	4460.3
Ap1s1	333.9	327.8	593.7	391.2	350.3	417.4	473.5	326.1	703.4	449.1	421	702.3	359.9	402	511.2	437.2	479.7	339.1	367.4	518.1	1660.6	1614.5	2523.5	2257
Srpk1	1729.2	1962.6	1697.1	1993	2953.6	2104.7	2042.8	2492.9	2663.7	2733.9	3111	3415.1	2906.6	2731.9	3087.6	3273.7	2499.3	3351.2	3337.4	3296.1	1277.1	1284.1	1366.8	1519.3
Lbr	2536.5	2638.1	3319.3	2700.5	4144.7	3734.4	4118.6	3967.5	5165.2	5794.3	5312.7	6098.3	4497.1	4823.3	4994.1	5102.3	4927.1	5283.7	5749.7	5259.7	11458.1	11040.3	13979.8	13550.3
Prcc	2.1	52	36.7	33.7	49.3	30.2	3	23.5	9.2	17.7	6	43.8	67.8	31.5	40.8	49.6	18.2	2.9	26.2	25.7	341.4	393.1	235.5	238.8
Rrnad1	370.6	685.7	659.3	546.6	595.6	494.3	411.6	536.6	424.1	559.3	482.4	391.9	454.9	621.3	461.7	702.3	375.6	440.9	617.1	511.7	109.8	146.4	79.2	117.1
Hdgf	3842.6	4421.5	5706.1	5493.3	5619	6786.4	6425.2	8180.7	12060.8	12616.1	12345.4	11760	6271.2	7288.1	9341.5	9001.3	5183.9	7281.6	7139.6	8446.7	8944.5	8605.2	9130.7	8417.7
Thop1	39.9	45.4	29.6	53.2	133.7	46.7	112.9	102.8	96.5	191.9	142.1	181.6	34.3	78.5	64.1	141.7	151.4	34.9	58.3	133.4	1001	1080.5	1243.3	1397.7
Apba3	122.8	78.3	201.2	122.8	103	107.1	56.9	91.1	45.2	155.1	29.9	2.7	110.1	49.2	128.2	53.6	92.1	104.8	22.6	79.5	438.4	427.5	669	829.5
Matk	349.6	192.5	345.2	346.7	296.7	365.2	133.9	270.2	193.1	189.2	296.9	620.9	148.4	190.7	227.2	268.2	219.3	269.2	248.5	343.7	475.8	516	905.8	999.7
Pias4	274	299.3	343.1	318.4	323.2	291.1	166.8	314.3	392.3	161.9	219.9	242.5	223.5	135.7	298.6	129.5	302.9	270.7	291.3	270.6	675.6	635.8	463	461.4
Map2k1	898.7	947.7	1306	893.3	751.4	1199.9	857.1	998.7	342	815.1	806.9	699.7	692.7	1030.7	814.1	776.2	863.8	734.9	828.7	845.2	1293	1377.3	1994.8	1639
Sgta	1543.3	835.7	873.2	836.8	843	863.6	931	689.3	699.3	770.2	919.8	1491.5	1051.1	862.7	646.7	762	742.6	715.9	684.8	1020.9	1928	1954.4	1899.5	1883.6
Tmem242	312.9	251.7	291.6	395.6	520.5	240.3	585.4	315.3	308.1	435.5	514.5	495.7	395.8	227.4	215.6	458.4	247.1	343.4	441.1	537.4	577.7	571.6	550.9	589.5
Dtx2	85	172	112.9	309.7	169.4	57.7	216.8	260.5	1	220.5	151.8	123.5	143.7	199.5	294.2	179.1	191.4	413.3	334.1	268	739.2	718.8	260.3	236.2
Rasa4	120.7	161	254.8	139.1	90.1	9.6	200.8	154.7	67.8	160.6	42.6	18.8	173.2	118.1	132.5	257	1081.8	539.9	823.9	985	1463.3	1518.2	1089	1074.1
Hnrnpa2b1	11430.1	12778.4	11491.9	11217.1	15966.8	15931.5	17380.6	14991.5	21250.4	17852.5	14884.3	10932.4	17142.5	18017.5	18658.2	14397.1	17864.5	15955.7	14663.3	11787.7	22084.7	21474.6	20277.6	21602.4
Ccdc130	155.4	147.1	45.9	82.6	126.6	299.3	149.8	104.8	144.8	145.6	145.1	128.8	69.4	148.2	84.5	97.1	81.2	77.1	117.7	187.2	194.9	177.7	68.4	100.9
Mri1	305.5	423	540	544.4	324.6	484.6	786.2	424.9	686	419.1	551.9	867	427	607.4	308.8	565.7	410.7	518	649.2	633.6	864.9	784.6	1096.4	1122.7
Prkacb	3283	3848.5	4892.1	5393.4	4114.7	4087.2	5520.2	4617.6	2931.8	3743.6	4147.5	4541.5	4055.8	3342.9	4530.9	4849.3	4268	4946.1	5200.4	3338.4	2805.6	2902.6	2626.2	2768.8
Sgsh	521.8	360.8	363.6	477.1	269.5	262.2	303.7	278.1	78	133.4	183.2	444.7	291.3	78.5	233	281.3	351.3	179	422.1	233.4	311.9	356.3	104	73.8
Cstb	589	443.5	782.9	816.1	597	619.2	793.2	542.4	579.2	685.8	815.9	683.6	454.9	795.9	648.1	603.1	447	908	818	768.2	399.4	425.2	699.2	623.1
Sh2b2	45.1	85.6	67.8	79.3	125.1	78.3	117.9	75.4	84.2	108.9	107.7	59.1	135.7	270	46.6	201.4	226.5	161.5	128.4	106.4	686.7	714.1	1215.8	962.8
Pex5	318.1	216.6	200.5	241.3	170.9	222.4	147.8	155.7	273.2	323.9	85.3	79.6	127.7	269.2	289.8	221.6	191.4	85.9	184.3	186	1038.4	1060.2	870.3	1204.2
Jkamp	795.8	563.5	1087.1	599.9	862.3	396.8	1176.8	838.1	710.6	797.4	668.6	280	662.4	401.3	1019.5	411.9	806.8	551.5	435.2	628.4	288.8	339	383.8	291.8
Cd44	1550.7	2652.7	2526.5	2879.8	2357.3	2306.5	3699.1	3376.1	3175.1	4032.1	3081.1	2863.9	4020.7	3604.8	4296.4	4182.4	5755.7	6546.7	5930.5	4948	2874.9	2914.3	2894.6	2966.2
Eif2ak4	718.1	803.5	424.3	559.7	492.6	579.4	498.5	679.5	712.7	650.5	558.6	220.1	598.5	454.1	723.8	525.2	682.1	570.4	598	563	509.2	463.5	431.4	346.2
Wdr1	1164.3	972.5	1413.3	1466	1258.4	1264.5	1211.7	1437.4	1012.5	1794.9	1519.6	1861.9	1213.9	1518.5	1376.3	1560.4	1060	1295.1	1416	1722.4	6494.5	6388.5	7933.6	8298.7
Slc2a9	400	494.7	441.9	361.9	150.9	409.1	350.6	228.1	187.9	125.2	166.8	374	299.3	438.7	80.1	281.3	278.6	157.2	263.9	101.3	39	30.5	62.4	41.4
Ndrg1	1110.8	480.1	1026.4	794.4	2091.3	1826	1985.9	2027.8	2341.3	2091.6	1800.1	1977.3	1632.8	1901.4	1953.1	1970.3	1476.8	865.8	801.3	877.2	572.9	560.6	364.3	436.1
Man2b1	246.7	322	359.3	306.5	313.2	602.7	616.3	470	533	353.8	443.5	927.8	649.6	755.6	575.3	675	553.6	407.4	519.6	723.3	3361	3413.1	6005.9	6465.5
Wdr83	71.4	93.7	110.8	97.8	67.9	295.2	128.9	93	39	64	156.3	44.7	61.5	68.2	171.9	233.8	117.5	49.5	147.4	105.2	325.4	311.6	285.2	271.8
Prdx2	2709.8	1890.9	2097.3	2322.3	2719.1	2820	1870	2125.7	2630.9	3038.7	2238.3	2966.8	2869	2698.9	2663.8	2290.1	3056.6	2578.5	2314.9	3797.6	2045	2052.2	1863.3	1802.1
Polr2a	1438.3	1170.1	1672.4	2008.2	1604.4	2064.9	1766.1	1991.6	2214	2156.9	2421.5	2048	2141.2	2369.5	2293.9	2298.1	2329.7	2387.9	2439.7	2420.1	2227.2	2228.4	1051.4	943.4
Senp3	748.6	391.5	205.4	126.1	276	270.5	179.8	237.9	362.5	287.1	143.6	17.9	263.4	336	301.5	93.1	350.1	320.1	148.6	265.5	455.9	507.4	441.5	423.2
Plekha8	291.9	142.7	467.3	454.2	177.3	144.2	281.7	212.5	282.4	138.8	304.4	153	158.8	30.1	180.6	328.9	316.2	340.5	153.4	157.8	58.1	67.3	76.5	121.6
Spc25	260.4	259.1	230.1	244.5	919.5	575.3	411.6	596.3	1589.6	981.1	1416.4	1678.5	575.4	836.3	420.9	995.8	1091.5	1049.2	1028.4	842.6	1248.5	1187	599.2	469.8
Ufd1l	655.1	715.7	979.8	844.4	597	674.1	783.2	796	546.3	839.6	809.2	830.3	410.2	479.8	512.7	1196.1	627.5	509.3	1061.7	751.6	793.3	708.6	907.2	966.7
Zfp287	267.7	228.3	95.3	195.6	98.7	168.9	126.9	95	11.3	19.1	0.7	68	2.4	140.1	26.2	62.7	89.6	59.7	32.1	39.8	70	79.9	12.1	12.3
Letm1	486.1	401	297.9	268.4	544.1	637	503.5	486.6	763	383.7	612.5	634.3	537.1	578.8	694.7	751.9	633.6	391.4	551.7	956.8	2004.4	2070.3	2190.1	2059
Ubqln1	1540.2	1229.4	1222.7	1392.1	1204.7	1364.7	622.3	1247.4	1137.8	1217.9	1064.2	1145.2	1243.4	1032.9	1540.9	1431.9	1330.2	1213.6	1664.5	1667.3	3334	3297.2	3365	3801.5
Fcer1a	0	0	0	0	0	0	25	0	107.8	10.9	2.2	0	0	0	46.6	0	0	0	0	50	650.9	635	126.1	105.5
Txn2	674	602.3	828.8	843.3	873.7	593.1	788.2	864.6	702.4	1050.5	1182.3	1096	670.4	962.5	760.3	892.5	763.2	796	1278.1	1112	2539.1	2617.6	3371.7	3244.4
Crbn	326.5	338.1	487.8	578.1	513.4	174.4	554.4	471.9	323.5	247.7	370.2	421.4	273.7	215.7	444.2	236.8	450.7	333.2	489.8	348.8	467.9	377.4	350.9	345.5
Msh6	1124.4	1120.4	1038.4	767.2	1435.7	1598.1	1185.7	1298.3	1475.6	1222	1201.8	1159.5	1767.7	1558.9	1846.7	883.4	1696.1	1800	1205.6	1372.3	2759.5	2672.4	2849.6	2887.9
Fbxo11	663.5	848.1	674.2	857.4	599.2	830.6	593.4	729.5	675.7	536.2	503.3	701.4	537.9	689.6	686	480.7	787.5	797.4	695.5	805.4	116.2	135.5	63.1	78.3
Tbl2	372.7	260.5	169.4	176	223.8	285.6	195.8	156.7	304	206.8	603.5	421.4	386.3	267.8	297.1	219.6	370.7	336.1	159.3	327	771	807.3	1117.8	1138.8
Wbscr22	586.9	283.2	317.7	284.7	316	468.2	438.5	381.9	516.5	415	521.2	342.7	269.7	428.4	582.6	400.7	379.2	291	299.6	718.2	1171.3	1176.1	1464.7	1528.4
Mcm5	589	942.5	1087.1	1454	1414.9	2161	3429.4	2822.8	2669.9	3764	4478.8	6713	2069.4	2785.4	3882.8	4062	2160.1	2974.3	3547.8	2971.6	8268.9	8479.1	12078.9	12649.6
Hmox1	11.5	28.5	22.6	57.6	38.6	34.3	0	2.9	29.8	2.7	23.9	29.5	0	0	48.1	34.4	2.4	8.7	8.3	9	371.6	382.9	116.8	157.9
Mprip	1737.6	1735.1	1328.6	1424.7	1746.7	1718.9	1014.9	1583.3	1300	956.7	1295.3	1088.9	2206.7	1449.6	1223.4	1157.7	1753	1701.1	1426.7	1408.2	2203.3	2129.8	795.8	1014
Cic	1471.9	1723.4	1474	1529	1111.1	985.8	795.2	1393.3	646.9	894.1	1307.2	1440.5	808.4	763.7	854.9	1450.1	718.4	1021.5	1257.9	904.2	482.2	555.9	161	148.8
Pafah1b3	728.6	458.8	361.4	430.3	417.5	455.8	325.7	311.4	596.6	461.3	446.5	492.1	767.7	718.9	302.9	572.8	719.6	244.5	629	1006.8	1304.2	1299.8	187.2	150.1
Il27ra	263.5	105.4	108.7	22.8	170.2	130.4	106.9	64.6	174.6	65.3	27.7	1.8	58.3	27.9	48.1	3	31.5	32	14.3	143.6	420.1	370.4	45.6	78.3
Prkaca	317.1	428.8	614.9	490.1	330.3	475	401.6	446.5	374.8	513	578.1	1020	238.6	556.1	340.8	535.3	373.1	507.8	577.8	262.9	1137.1	1112.6	936	973.8
Asf1b	97.6	158.8	331.1	138	469	317.1	598.4	465.1	1021.8	807	998.4	700.6	214.7	318.4	566.5	492.8	264.1	212.5	374.5	645.1	2309.1	2480.5	1635.2	1505.1
Myl10	1022.6	1501.6	1435.9	1412.7	2451.7	708.4	645.3	343.7	77	81.6	85.3	309.6	632.9	248.7	166	409.8	620.3	574.8	832.3	584.8	1282.7	1110.3	23.5	22
Ddx39	341.2	456.6	403.1	697.7	757.9	826.5	972	873.4	1158.3	1284.6	1163.6	1291.1	467.7	1303.6	972.9	947.2	905	806.2	1007	1200.4	4230	4208.6	4277.5	4108.9
Dnajb1	1188.5	916.2	1097.7	793.3	1189	1449.8	1470.4	1122.1	1279.5	944.4	1355.1	1356.4	1023.9	1100.4	1140.4	1064.6	885.6	1316.9	1085.5	1010.6	2221.6	2177.5	1504.3	1613.8
Usp40	917.6	1129.9	1087.1	1752.9	1048.9	1637.9	1076.9	1523.5	1428.4	1143.1	2092.5	2103.4	793.3	1008.7	844.7	1325.7	982.5	567.5	1404.1	501.5	258.6	323.4	177.8	195.4
Kbtbd4	213.1	327.1	316.3	376	337.5	130.4	614.3	404.4	315.3	243.6	262.5	220.1	187.5	252.4	284	256	172	784.3	346	293.7	156	155.8	236.9	209
Celf1	2907.1	3227.2	2801.9	3522	2641.1	3926.6	3382.4	4108.5	3587.9	3863.3	3332.4	2278.8	3688.7	2895.5	3473.6	3178.5	3636.9	4899.5	3145.9	3302.5	2099.1	2231.6	1045.4	1030.1
Ndufs3	731.8	763.3	938.2	785.7	801.5	951.4	767.2	761.8	1328.8	973	883.2	831.2	986.4	966.1	926.3	867.2	976.5	993.9	919.1	1113.2	475	497.2	581.1	593.4
Por	1066.7	2515.9	1512.8	2080	1307	1140.9	1401.5	1405.1	1671.8	944.4	1463.5	2127.6	1783.7	1057.8	1254	2002.7	880.7	713	1141.4	695.1	1310.5	1417.2	1147.4	965.4
Igf1r	4724.5	6714.9	4734.7	5215.1	4498.6	4836.8	4287.5	5015.1	4861.3	4884	3173.1	4231	4202.6	4155	4796	4130.8	3164.4	4142.8	2753.6	2018.7	234.7	238	262.4	223.9
Insr	971.1	990.1	569.7	396.7	354.6	550.5	393.6	412.2	387.1	423.2	367.9	249.6	372.7	549.5	259.2	325.8	471.3	462.7	368.6	411.7	382.7	355.5	234.8	319.7
Fcer2a	0	8	22.6	25	0	0	0	0	0	1.4	0.7	0	0	0	0	0	9.7	0	0	0	351.7	321	8.7	0
Trim28	3130.8	2594.2	3797.2	3764.4	3798	3522.9	3929.8	4034	4229.7	5401.1	6758.3	6084	4952.8	5118.9	5537.3	6661.7	3991.8	4199.6	6263.4	5503.3	4650.9	4909.4	3368.3	3545.3
Ube2m	307.6	271.5	266.8	244.5	405.4	347.4	359.6	261.4	375.8	488.5	558.6	699.7	375.1	385.9	300	447.3	393.7	513.7	448.2	310.4	2550.2	2580	2871.8	2775.3
Adcy9	204.7	461.8	330.4	216.3	539.8	255.4	225.8	233	309.1	239.5	203.4	121.7	386.3	92.4	164.6	199.4	140.5	283.8	140.3	93.6	36.6	25.1	10.1	1.3
Mef2c	4550.2	4746.4	4117.7	4344.7	4776.8	5538.4	3837.9	4862.4	5367.5	6510.1	4962.7	5894.3	3717.4	2853.6	2729.3	2619.9	6935.7	6852.3	5793.7	4368.3	5607.3	5619.6	1086.3	1128.5
Ctr9	992.1	1116	1008.1	798.7	775	1228.8	932	990.9	845.1	956.7	1074.6	1454.8	1328.8	1418	1101.1	1129.3	1822.1	1737.5	1923.7	1890.4	4666	4743.4	1994.8	1851.3
Eif4g2	8062.1	9071.2	8884.9	8096	10838.3	9886.5	9161.3	8165	12010.5	9063	9674.8	9444.5	10513.7	12038.8	9573.1	10401.9	11367.3	11309.4	10837.2	10528.3	19220.2	19381.6	17638.6	17903.1
Mrvi1	15.7	0	11.3	21.7	0	37.1	4	1	139.7	107.5	118.2	297	0	0	65.5	11.1	69.1	128.1	224.7	147.5	74.8	99.4	0	7.1
Pcyt1a	1307.1	1427	895.8	1042.2	1245.5	1425.1	1009.9	1045.7	925.2	958	965.5	811.5	1197.1	1264.7	825.8	908.7	1081.8	1001.1	831.1	1011.9	1382.9	1223.8	2208.9	2292.6
Zfp592	687.7	1067.7	943.8	952	685.7	888.3	809.1	771.6	924.2	692.7	677.5	897.4	622.5	1041.7	875.3	592	740.2	612.6	898.8	631	1406	1419.6	585.8	508
Psmd4	1269.3	946.2	613.5	744.4	1412.8	917.1	492.5	624.7	940.6	853.2	1521.9	1624.8	1063	1198.7	486.4	1267	943.7	791.6	894.1	1127.3	2144.4	2181.4	2526.9	2165.1
Insrr	0	111.2	134.1	109.8	31.5	116.7	52.9	55.8	1	0	0.7	0	0	35.2	0	0	0	1.5	0	10.3	0	2.3	0	0
Snx6	1417.4	1754.1	1339.9	1375.8	1745.3	1467.7	1190.7	1429.5	1346.2	949.8	1249.6	1907.5	1695.1	1651.3	1399.6	1363.1	1526.5	1152.5	1562.3	1421	1503.9	1429	1560.7	1384.1
Mthfd2	107.1	172.7	224.5	100	343.9	448.9	322.7	389.7	591.5	318.4	444.2	547.6	542.7	604.5	419.4	438.2	443.4	196.4	495.8	666.9	941.3	916.1	686.4	778.4
Kit	8498.9	7703.5	6409.2	4766.3	7160.5	8671.4	7413.1	6801.1	5538	5437.8	2212.9	1218.6	6185	5702.1	5655.3	2860.8	4415.8	4310.2	1841.7	2312.4	1199.9	1220.7	3491.1	3837.1
Tomm40l	193.2	243.7	333.9	299.9	375.4	369.3	331.6	303.5	260.8	277.6	320.1	178.9	489.2	517.2	285.5	262.1	363.4	196.4	356.7	339.9	141.6	120.6	170.4	146.2
Pan2	300.3	327.8	289.4	198.9	286	151	387.6	243.8	568.9	364.7	146.6	70.7	334.4	355.8	253.4	145.7	310.1	292.5	204.5	216.7	586.4	717.2	549.5	376.6
Cs	482.9	619.8	827.4	745.5	993.8	1068.1	1184.7	939	990.9	1360.8	731.4	453.6	598.5	1054.9	1172.4	953.3	602.1	1059.3	772.8	1176.1	3609.3	3555.6	4714.3	4891.9
Ampd3	161.7	240.8	263.3	220.6	229.5	291.1	171.8	194.8	108.8	28.6	18.7	120.8	16.8	19.1	78.6	76.9	119.9	48	108.2	61.6	233.9	185.6	57	95.8
Bcas2	1636.8	1318.7	1282.7	1023.7	1205.4	1394.9	1468.4	1042.8	1635.8	1483.3	575.8	391	1399.8	1555.2	1452.1	712.4	1142.4	1207.8	1003.5	1088.9	1210.3	1225.4	1734.5	1553.6
Ctcf	1958	2382	1607.4	1742	2361.6	2507	1559.3	2255.9	2441.9	2465.8	3072.9	3777.4	2946.5	1933.7	2117.6	2427.7	2926.9	2763.3	2715.5	2520.2	2933.8	2963.7	1535.2	1591.1
Pard6a	248.8	142.7	107.3	21.7	196.6	82.4	111.9	37.2	310.1	119.8	79.3	160.2	237	148.9	125.3	77.9	207.2	160.1	85.6	142.4	145.6	184	152.3	136.5
Tfap4	468.3	436.1	407.3	415.1	574.8	391.3	556.4	403.4	546.3	469.5	280.4	388.3	450.9	432.8	458.8	371.4	388.9	337.6	249.7	395	162.3	169.1	55.7	55
Ranbp1	1217.9	1293.8	1273.5	1023.7	1888.3	1856.2	1863	1840.8	2307.4	2676.7	1990	3178.9	2324.8	3049.5	2505	2369	2502.9	1762.2	1945.1	3712.9	6465.1	6813.7	7348.5	7069.9
Cd247	27.3	35.9	40.2	61.9	0	0	61.9	12.7	0	5.4	14.2	5.4	13.6	29.3	0	0	110.2	0	0	34.6	149.6	181.7	0	0
Rfx5	1355.4	1195	1481.8	1253	2163.5	822.4	815.1	1335.5	1020.7	1151.2	1144.9	801.7	1498.8	1129	1083.6	1242.7	1394.4	1156.8	1250.8	843.9	222.8	274.8	270.4	194.8
Psmb4	4140.8	3366.9	2922.6	2827.6	3153.8	3115.2	2445.4	2799.3	3749.2	2872.7	3626.3	3912.5	3583.3	3423.6	2692.9	3014.6	3486.6	2499.9	3276.7	3987.4	1922.4	1794.6	2848.3	2569.5
Mmp8	0	0	0	0	0	0	37	27.4	0	27.2	7.5	108.3	0	0	52.4	0	0	14.6	0	103.9	218.8	293.6	85.2	142.4
Slc30a4	336	391.5	253.4	388	227.4	168.9	231.8	207.6	119.1	66.7	74	208.5	441.3	115.9	201	288.4	287.1	199.4	271.1	252.7	245.1	270.9	4.7	38.8
Sqrdl	101.8	154.4	175.8	145.6	100.1	124.9	126.9	28.4	0	28.6	35.9	24.2	51.1	0	43.7	48.6	121.1	195	156.9	197.5	142.4	119.8	622.7	733.8
Bloc1s6	456.7	361.5	267.5	302.1	306	459.9	365.6	305.5	383	259.9	362.7	204.9	325.6	449.7	649.6	319.8	756	414.7	504.1	468.1	690.7	662.4	782.4	809.5
Metap1	1715.5	1239.6	1420.3	1345.4	1500.7	803.2	1693.2	1359	845.1	1579.9	1944.4	1885.1	1105.3	960.3	1456.4	1506.8	1146.1	1461	1342.3	1142.7	542.7	557.5	771	824.4
Gpr108	462	398.8	475.8	528.1	513.4	115.3	322.7	476.8	298.8	394.6	332.8	473.3	578.6	239.9	262.2	602.1	353.8	432.2	577.8	669.5	1047.9	1183.9	1246.7	1200.3
Tnfsf14	221.5	234.9	265.4	226	346	186.7	116.9	225.2	250.6	230	135.4	65.3	364.7	364.6	154.4	163.9	151.4	221.2	211.6	200.1	26.3	32.1	161.7	131.4
Rsl1d1	3375.4	3773.1	3449.9	3604.6	3133.7	3624.5	3064.8	3495.5	3298.4	4305.6	4624.7	3698.7	4107.6	4496.9	4348.9	4880.7	3649	3175.1	3749.9	4830	2896.4	2938.6	3973.5	4167.8
Apc	1270.4	1093.3	1518.5	1539.9	1225.5	1202.7	1301.6	1450.1	798.9	1159.4	1099.3	1203.4	1024.7	607.4	1069	1164.8	1236.9	1132.1	1357.8	865.7	702.6	737.6	149.6	238.8
Reep5	586.9	518.1	626.2	741.1	519.8	661.8	675.3	876.3	457	834.2	747.1	1090.6	612.9	529.6	802.5	992.7	711.1	881.8	853.7	1120.9	1879.4	1959.1	1776.1	1646.1
Ergic3	255.1	264.9	353.7	279.3	402.5	354.2	370.6	288.8	124.3	183.7	324.6	275.6	266.6	297.1	356.8	287.4	405.8	209.5	327	473.3	1394.9	1415.7	1377.5	1529.7
Uqcc1	338.1	379.8	333.2	338	426.1	319.9	361.6	429.8	622.3	274.9	425.5	520.7	528.3	359.5	482.1	217.6	344.1	279.4	517.2	439.9	748.8	642.8	940	1017.8
Spo11	147	187.3	161.7	72.8	87.2	114	66.9	30.4	0	17.7	21.7	9.8	20	0	0	23.3	13.3	81.5	2.4	24.4	2.4	7.8	0	0
Ncoa2	1675.6	1698.5	1778.2	1559.4	1695.9	1767	1541.4	1440.3	1178.9	1343.1	1020.8	744.4	1526.7	1224.4	1223.4	1252.8	1194.5	1169.9	1259.1	1035	995.4	991.3	406.6	414.1
Nr2c2	1709.2	1367	1651.9	1925.7	2046.3	1175.2	1598.3	1630.3	2004.5	1502.3	1868.9	2085.6	1938.5	1846.4	1255.4	2384.2	2060.7	1686.5	2507.5	1421	904.7	803.4	465.7	622.5
Nr2c1	172.2	131.7	149.7	133.7	341	114	311.7	218.3	164.3	43.5	100.2	237.1	505.2	364.6	201	92.1	401	81.5	205.7	212.9	164.7	175.4	314.7	223.2
Smpd4	263.5	363.7	330.4	206.5	495.5	427	413.6	335.8	705.5	445	157.8	365	525.1	642.6	386	310.7	640.9	240.1	450.6	379.6	997	1046.1	903.8	948
Pex1	238.3	458.1	346.6	363	370.4	201.8	311.7	356.4	321.4	458.6	192.2	19.7	499.6	344.8	270.9	141.7	485.8	366.7	274.6	339.9	224.4	164.4	220.8	258.8
Kctd20	697.1	748.6	905	965	547	918.5	783.2	971.3	1084.4	900.9	600.5	678.2	1025.5	1197.2	945.2	726.6	1186	829.4	801.3	1053	3042.8	2855.6	6999.6	7176
Ctns	200.5	273.7	300	167.4	121.5	61.8	188.8	224.2	60.6	68	176.5	253.2	182	136.4	186.4	148.8	151.4	168.8	184.3	120.6	161.5	247.4	673.7	500.2
Shpk	16.8	11	73.4	44.6	0	8.2	20	17.6	40	38.1	29.9	0	0	21.3	77.2	41.5	0	43.7	45.2	46.2	61.3	68.1	97.3	147.5
Tuft1	140.7	244.4	215.3	192.3	172.3	166.1	208.8	139	229	230	91.2	171.8	4.8	122.5	100.5	86	94.5	50.9	99.9	124.4	82	72	42.9	55.6
Rcn1	995.3	1296	935.4	1084.5	967.4	1131.3	931	1011.4	890.3	722.6	717.9	1156.8	1366.3	1506	1018	1142.5	1382.3	977.9	1080.8	715.7	658	685.1	956.8	999.7
Trap1	718.1	815.2	398.9	441.2	923	479.2	634.3	693.2	806.1	857.3	883.9	1545.2	960.1	864.9	939.4	629.4	751.1	918.2	690.8	1069.6	2483.4	2541.6	3997	3909
Naa60	363.3	400.3	401	480.3	419.7	410.5	399.6	427.9	239.3	521.2	549.7	346.2	264.2	429.1	524.3	567.7	209.6	385.6	475.6	538.7	934.2	887.9	1547.3	1485
1700037C18Rik	0	19	19.1	90.2	66.5	72.8	53.9	42.1	107.8	17.7	0	0	4	38.1	68.5	52.6	30.3	21.8	46.4	51.3	103.4	95.5	44.3	51.8
Ankrd13d	28.3	115.6	56.5	41.3	97.2	24.7	69.9	40.1	54.4	25.9	17.9	10.7	71	0	32	12.1	23	189.2	108.2	61.6	194.9	152.7	38.2	29.1
Tpr	4517.7	5896	3001.6	4308.8	4589.4	5469.8	3150.7	4624.5	5478.4	4553.3	5751.7	6540.3	6299.9	5240	5008.6	5178.2	5466.2	5893.4	5672.5	6098.4	2295.6	2199.5	1056.1	1188.7
BC003331	997.4	973.3	871.8	1016.1	604.9	663.1	365.6	798	657.2	809.7	742.6	627.2	635.3	991.8	598.6	944.2	1062.5	478.7	977.3	631	378.8	364.9	513.3	438.1
Dhx34	177.4	120	96.7	81.5	188.8	140	81.9	209.5	13.3	117	142.8	21.5	146	123.2	215.6	156.9	71.5	100.4	141.5	135.9	697	639.7	452.2	429.7
Kptn	98.7	169	100.9	147.8	78.6	144.2	63.9	146.9	96.5	119.8	67.3	66.2	67	85.1	88.8	87	186.6	84.4	111.8	165.4	341.4	375.1	435.5	386.3
Napa	624.7	514.4	859.1	845.5	491.9	921.2	680.3	802.9	523.7	890	1092.6	1219.5	557.8	809.9	769	675	592.4	909.5	898.8	722.1	1920.8	2025.6	2346.4	2527.5
Sra1	351.7	319.8	564	533.6	700.7	372.1	563.4	655	330.7	743	628.9	1198.9	335.2	393.9	506.8	565.7	669.9	510.8	693.2	514.3	569.7	625.6	770.3	696.2
Atp5g1	786.4	1307	1839	2012.6	2336.5	1692.8	2104.8	2146.3	2859.9	2778.8	3680.1	4520	2444.5	2460.4	2947.8	3143.1	1862	2248.2	2219.8	2144.4	110.6	130.8	168.4	149.5
Snf8	385.3	303.7	437.7	233.6	409.7	314.4	322.7	413.2	450.8	442.3	514.5	413.4	284.1	255.3	336.4	281.3	527	342	302	618.2	633.4	732.9	830	660.7
Tbcb	548	417.8	376.3	487.9	504.8	641.2	511.5	545.4	903.7	862.8	813.7	1247.2	694.3	594.9	614.6	693.2	518.5	708.7	687.2	722.1	880.8	865.2	1272.2	1087.1
Inpp5k	426.3	419.3	608.5	360.8	507.6	509.4	320.7	348.6	209.5	393.3	372.4	349.8	384.7	304.4	423.8	367.3	414.3	438	571.9	484.8	1797.5	1642.7	860.9	869
Crkl	0	0	18.4	16.3	23.6	0	0	15.7	0	0	3	0	5.6	0	0	0	0	42.2	0	0	1397.3	1234	867.6	966.7
Eps8l1	394.8	623.5	456	461.9	261.7	389.9	218.8	276.1	158.1	149.7	169	215.6	270.5	264.1	219.9	139.6	182.9	413.3	248.5	289.9	50.9	52.5	53	16.8
Clint1	3821.6	4139	2439.7	2489.7	3361.8	3562.8	2811	2866.9	5299.8	3490.5	2616	3776.5	3566.6	3897.5	3258	2680.7	2920.9	2581.4	2280.4	3193.5	3335.6	3185.3	4827	4934.6
Prss16	0	2.9	33.2	0	0	0	0	2.9	15.4	1.4	0	1.8	0	70.4	0	92.1	15.7	109.1	34.5	30.8	75.6	60.3	289.2	259.5
Cdkal1	249.9	267.1	347.3	586.8	494.8	359.7	508.5	341.7	335.8	362	504	248.7	328.8	415.2	365.6	335	468.8	403.1	400.7	296.3	514	501.1	352.3	284.7
Zbtb17	156.4	91.5	106.6	65.2	110.8	142.8	55.9	106.7	130.4	47.6	114.4	113.6	81.4	131.3	58.3	53.6	145.4	187.7	103.4	160.3	718.5	682	437.5	403.8
Epor	99.7	136.8	76.9	52.2	145.9	75.5	115.9	145.9	373.8	231.3	145.8	66.2	60.7	8.1	32	37.4	0	0	1.2	64.1	8	24.3	11.4	16.2
Mob1b	448.3	351.3	341	374.9	419.7	427	350.6	390.7	843.1	709	716.4	283.6	517.1	308.8	511.2	293.5	289.5	638.8	202.1	298.8	279.3	220.8	269.7	287.3
Atp6v1b2	1895	1661.9	1980.9	1662.7	1276.9	1458.1	1557.4	1867.2	1227.1	1125.4	1263.1	1246.3	1224.2	1208.2	1203	1512.9	1073.4	1421.7	1381.6	1776.3	1536.5	1436.8	4664	5045.2
Eps15l1	276.1	279.5	226.6	345.6	132.3	75.5	203.8	204.6	179.7	125.2	172.8	129.7	224.3	289	152.9	114.4	229	122.2	146.2	165.4	559.4	609.2	233.5	282.1
Tep1	291.9	313.9	262.6	182.6	196.6	204.6	211.8	191.9	115	181	164.5	181.6	120.5	273.6	247.6	157.9	418	628.6	376.9	445	463.1	478.4	354.9	320.9
Ttc5	39.9	134.6	81.9	61.9	55.1	155.1	19	34.3	123.2	16.3	104.7	148.5	67	46.2	37.9	97.1	37.6	24.7	134.4	85.9	809.2	878.5	685.7	585
Osgep	930.2	452.2	533	372.7	639.2	1017.3	825.1	673.6	1050.5	725.3	1077.6	1231.1	1247.4	418.9	811.2	628.4	874.7	758.1	781.1	884.9	1346.3	1356.2	1188.3	1068.3
Aamp	4989.1	4830.5	4364.8	4179.5	3832.3	3096	3600.2	3762.8	3735.8	3512.3	4013.7	5504.2	3608.9	3654	3683.3	4797.7	3312.2	3480.7	4324.2	4154.1	2356.9	2428.1	2822.8	2885.9
Tmbim1	1319.7	825.5	953.7	604.2	792.9	939.1	1069.9	636.4	481.6	657.3	616.2	542.2	1134.1	460.7	789.4	648.7	697.8	488.9	625.4	439.9	459.1	493.3	856.8	708.5
Arpc2	7367.1	7618.6	9130.6	7536.4	8882.9	10463.1	10657.7	9810.9	11605.9	10154.4	8357.9	9838.1	9651.8	10014.1	10445.4	8123	9424.1	10225.3	9311.8	10816.8	7125.5	7107.3	10406.2	10378.4
Kmt2b	319.2	300.8	468.7	520.5	453.3	270.5	512.5	519.9	468.3	481.7	528	530.6	304.1	473.2	476.2	491.8	284.7	548.6	557.6	625.9	215.6	274.8	122.8	126.8
Tmem147	973.2	889.9	1101.3	1399.7	1550.1	815.5	1550.4	1068.2	1178.9	1188	1627.3	1983.6	1167.6	1321.9	1334.1	1315.5	1175.1	667.9	1382.7	1218.4	966	993.6	2129	1888.2
Rps9	40754.6	26983.9	34424.2	33314.3	23095.9	22421.4	28498.8	23776.4	22296.8	25811.9	27609.6	41984.8	23653.1	22618.6	27516.2	33341.9	25307.8	32851.5	34001.4	41809.2	4506.9	4742.6	6115.3	5209.6
Tfpt	93.4	233.4	68.5	255.4	54.3	52.2	108.9	134.1	146.8	49	136.1	114.5	111.7	121	59.7	153.8	83.6	32	202.1	98.8	267.4	225.5	266.4	258.8
Ggt5	111.3	100.3	276	229.3	215.9	314.4	234.8	272.2	49.3	117	161.5	305.1	377.5	170.9	319	305.6	378	238.6	319.8	318.1	87.5	67.3	31.5	36.9
Crip2	1	0	12.7	26.1	64.3	6.9	8	31.3	0	0	0	224.6	0	11	23.3	59.7	3.6	0	65.4	68	93.1	109.6	0	3.9
Crip1	553.3	657.1	667.8	385.8	1483.6	1076.4	1439.5	875.3	2030.2	1928.3	2333.3	3505.4	1391	1471.6	1434.6	803.5	1980.8	1907.7	1791.7	2400.9	4606.3	4669	629.4	641.9
Cbfa2t3	1944.4	2983.5	2124.2	2670.1	2047.7	1861.7	1947.9	2608.4	2537.4	2791	2716.9	2563.3	1828.4	1886.8	1993.8	2526.8	1817.2	2530.5	2110.4	1685.2	1173.7	1144.7	420.7	476.9
Pgrmc1	1050.9	755.2	1000.3	757.4	747.9	992.6	1403.5	613.9	1354.5	910.4	816.6	494.8	616.9	799.6	879.7	720.5	764.4	730.5	1004.7	636.1	1304.2	1409.4	1227.2	1353
Gcat	192.1	172	124.2	158.7	87.9	82.4	109.9	190.9	224.9	53.1	23.9	149.4	33.5	96.1	198.1	90.1	130.8	149.9	147.4	229.6	386.7	398.5	338.8	354.6
Tek	315	346.1	369.9	207.6	216.6	400.9	275.7	346.6	828.7	216.4	364.9	462.6	95	198.8	150	151.8	0	0	0	16.7	0	0.8	8.1	0
Mpl	1849.9	1901.9	2204.6	3100.4	1214	1352.3	1625.3	1726.2	632.6	460	563.1	850.9	432.6	290.5	597.1	534.3	164.8	391.4	273.5	242.4	4.8	8.6	8.1	37.5
Elovl1	755.9	483.7	721.5	482.5	531.9	626.1	577.4	514	495	423.2	292.4	765	416.6	446.8	471.9	493.8	310.1	356.5	365	845.2	975.5	946.6	2058.6	2055.1
Med8	547	460.3	725	432.5	471.9	365.2	500.5	583.6	604.8	495.3	546.7	453.6	509.2	593.5	627.7	482.7	369.5	295.4	453	456.6	472.6	543.4	992.4	873.5
Hyi	1148.6	1082.3	1079.4	905.2	461.2	755.1	758.2	627.6	936.5	609.6	844.3	681.8	1246.6	716.7	372.8	545.4	752.3	679.6	349.5	397.6	74	83	69.1	40.8
Cdc20	224.7	97.3	326.1	474.9	886.6	337.7	510.5	647.2	1351.4	1034.2	1848.7	1247.2	377.5	991.1	773.4	1074.7	1272.1	1151	1130.7	1205.6	3230.5	3354.4	1766.7	1633.9
Pvrl4	249.9	389.3	321.9	211.9	243.1	90.6	184.8	175.3	94.5	73.5	36.6	51	105.3	201	90.3	125.5	121.1	101.9	80.8	102.6	98.7	129.2	10.1	27.8
Pfdn2	679.3	678.4	545	462.9	597	565.6	335.6	370.1	613.1	408.2	406.8	353.4	567.4	383.7	381.6	486.7	539.1	135.3	382.8	395	605.5	620.1	604.6	528
Rnf114	1281.9	823.3	968.5	744.4	769.3	689.2	999.9	735.3	996.1	590.6	466.7	432.1	569.8	392.5	683.1	649.7	1043.1	1033.2	902.4	869.6	1608.1	1748.4	1401.7	1212.6
C330007P06Rik	607.9	761.1	678.4	700.9	817.9	663.1	605.4	885.1	618.2	895.4	689.5	478.7	887.4	666.8	943.8	845	897.7	816.3	838.2	645.1	518.8	551.2	497.2	418
Srm	386.4	406.1	446.9	291.2	824.4	836.1	695.3	544.4	988.9	1092.7	1150.2	1367.1	800.5	1083.5	958.3	778.2	445.8	494.8	554	1317.2	2559.8	2810.2	6384.3	6372.4
Epha2	35.7	0	9.2	0	0	0	0	2.9	0	0	0	0	0	0	0	0	0	2.9	0	0	1223	1132.2	0	0
Rbm14	343.3	443.5	455.3	405.3	768.6	587.6	266.7	444.5	596.6	798.8	559.4	747.1	619.3	424	837.4	742.8	627.5	458.4	619.4	917	1845.2	1977.9	2924.1	2790.8
Zdhhc24	142.8	78.3	165.2	176	210.2	344.6	410.6	287.9	349.1	277.6	290.9	214.7	221.1	174.6	138.4	176.1	101.8	119.3	167.6	115.4	153.6	200.4	275.8	181.8
Bbs1	89.2	133.2	53.7	144.5	59.3	48.1	188.8	82.2	94.5	61.2	26.9	21.5	43.9	47.7	104.9	50.6	168.4	42.2	65.4	34.6	65.2	95.5	82.5	34.3
Ndor1	124.9	122.9	158.8	131.5	100.1	163.4	188.8	160.6	244.4	156.5	276	341.8	168.4	43.3	68.5	172	186.6	340.5	198.6	179.6	561.8	666.3	799.8	761
Nsmf	380.1	355.6	637.5	530.3	296	366.6	462.5	456.3	171.5	347	405.3	378.5	31.1	92.4	134	328.9	175.7	269.2	202.1	112.9	230.8	216.9	136.9	97.1
Pdk1	1466.7	1282.8	1625.1	1511.6	1068.2	1226	2100.8	1355.1	898.5	865.5	775.5	662.1	1141.2	1586	1217.6	1268	2426.6	3048.5	1339.9	1247.9	1440.2	1533.1	2061.9	2152.8
Ptbp1	1731.3	1729.9	1504.3	1466	2318.7	2021	1774.1	1905.4	2478.9	1877.9	2307.1	2002.3	2939.3	3271	2186.1	2308.3	2363.6	2438.8	1971.3	823.4	7503.5	7574.8	7019.1	6924.3
Mvd	132.3	31.5	67.8	40.2	30.7	11	31	49.9	0	35.4	24.7	75.2	55.1	33	2.9	61.7	53.3	65.5	35.7	130.8	226.8	260.7	258.3	332.6
Cyba	425.2	668.9	473.7	483.6	445.4	329.5	443.5	434.7	496	376.9	480.9	724.7	551.5	449.7	240.3	585.9	267.7	574.8	554	1037.6	2663.2	2682.6	4502.3	3496.1
Tmem110	438.9	297.8	302.1	248.9	351.8	319.9	194.8	190.9	313.2	200	185.5	222.8	181.2	159.9	362.6	289.4	189	180.4	185.5	223.2	360.5	403.2	472.4	374
Sfmbt1	389.5	531.3	415.1	351	605.6	875.9	403.6	793.1	668.5	717.1	420.3	833	416.6	509.8	463.1	286.4	404.6	520.9	479.1	488.6	398.6	389.9	239.5	260.8
Atp7b	36.7	14.6	70.6	14.1	44.3	159.3	181.8	66.6	14.4	111.6	29.2	73.4	67	14.7	48.1	48.6	80	82.9	30.9	252.7	2.4	9.4	12.7	14.9
Slc4a1	0	0	0	0	0	0	0	11.7	0	0	23.2	2.7	0	0	0	0	0	0	0	33.3	155.2	197.3	49.7	36.2
Cdt1	511.3	548.1	581.7	324.9	971.7	1537.7	1075.9	1107.4	1141.9	1488.7	1380.5	1596.1	1699.1	1215.5	1650.1	1518.9	1565.2	1260.2	1490.9	1522.4	1613.7	1647.4	3203.2	3299.4
Runx1t1	513.4	388.6	353	657.5	98	89.2	226.8	150.8	0	0	11.2	0	0	0	8.7	4	38.8	1.5	0	1.3	0	0	0	0
Aprt	688.7	825.5	1052.5	1146.5	807.9	1066.8	943	814.6	534	924	596.8	822.2	681.5	684.4	761.7	729.6	749.9	852.7	749	1097.8	837.1	884	2470.5	2224.6
Gtf2h1	1574.8	1199.4	1318.7	809.6	1108.9	1372.9	917	1222	1135.7	1035.6	804.7	485.8	862.7	1034.4	1082.1	796.4	651.8	948.8	789.5	949.1	757.5	700	1121.2	1159.6
Hfe	5.2	20.5	42.4	58.7	53.6	43.9	0	16.6	51.3	17.7	0.7	56.4	39.9	0	40.8	44.5	128.4	0	58.3	77	97.9	84.6	428.8	507.3
Slc5a6	171.1	114.9	156.7	85.9	120.8	222.4	300.7	190	260.8	204.1	160	195	133.3	238.4	155.8	130.5	111.5	50.9	115.3	220.6	117	124.5	365	297
Qrich1	318.1	393	249.9	368.4	326.7	252.6	302.7	377	437.5	381	420.3	544	354.3	493	340.8	431.1	436.1	387.1	330.5	410.4	2485.8	2605.8	2104.9	2405.2
P4htm	76.6	204.9	69.2	50	14.3	71.4	109.9	69.5	6.2	5.4	27.7	26.8	3.2	0.7	64.1	48.6	36.3	144.1	40.4	34.6	35	18.8	7.4	22
Usp19	2923.9	2308.1	2402.3	2075.6	1595.1	1871.3	2492.4	2088.5	1856.6	2544.7	703	709.5	2052.6	2522.8	1852.6	1141.5	1789.4	2636.7	879.8	1229.9	2749.9	2811.8	2009.6	1788.5
Pola1	869.3	968.2	672	1133.4	1761.7	1389.4	1347.6	1666.5	3126.9	2137.8	3178.3	2826.4	2666.3	2382.7	2177.3	2709	2227.9	1768	2156.7	1946.9	1465.7	1159.6	930.6	1080.6
Cdc42	3161.2	3391.1	3484.5	3601.4	4057.5	3772.8	3576.2	3654.1	4264.7	4788.7	4628.4	4554.9	3920.1	4794.7	3837.7	5586	4441.3	4850	4927	5137.8	8669.2	8660.8	14746.7	14303.5
Pknox1	509.2	403.9	425	397.7	586.3	539.6	418.6	721.6	342	434.1	572.1	557.4	557.8	872.2	608.8	580.9	544	535.5	544.5	624.6	1317.7	1371.8	725.3	633.5
Gmnn	376.9	387.8	629	706.4	1109.6	1502	1780.1	1531.4	1853.5	2442.7	2577.8	2062.3	1193.9	1933.7	1983.6	1691	1371.4	1539.5	1851.2	2066.2	1172.1	1230.1	1172.2	1112.3
Acot13	364.3	235.6	144.7	155.4	296.7	197.7	127.9	189	132.5	151.1	102.5	243.4	151.6	242.1	80.1	89.1	80	7.3	98.7	266.8	206.1	202.8	236.2	260.8
Zfp184	52.5	80.5	203.3	18.5	165.2	45.3	61.9	24.5	1	10.9	26.9	160.2	105.3	120.3	59.7	67.8	12.1	1.5	77.3	65.4	128.1	126.8	149.6	140.4
Cdk4	769.6	624.2	789.2	790	1061.7	1670.9	1107.8	1200.4	1722.1	1491.4	1219.7	1288.4	1150.8	1514.1	1670.5	1390.4	1673.1	1817.5	1626.5	1837.9	8200.5	8276.3	8682.4	8813.1
B4galnt1	49.3	52.7	110.8	52.2	106.5	207.3	172.8	209.5	18.5	185.1	320.8	217.4	425.4	331.6	528.7	326.9	430.1	515.1	736	618.2	2855.8	2907.3	12878.1	12544.8
Mettl1	589	625.7	472.3	432.5	662.1	362.5	593.4	569.9	727	518.5	356	356.1	482	523.8	501	387.6	402.2	472.9	468.4	597.7	336.6	310.1	378.4	334.5
Tspan31	139.6	216.6	258.4	288	121.5	134.5	115.9	215.4	161.2	397.4	136.1	307.8	333.6	443.1	332.1	262.1	267.7	237.2	233	268	881.6	909.1	1914.3	1879.7
Kif5b	3680.9	3994.1	3140.7	3612.2	3769.4	3818.1	3510.3	3974.3	5220.7	4560.1	5563.9	5506	3537.8	4041.3	4538.2	3924.4	3829.5	4284	3543.1	4273.4	1917.6	1809.5	1235.3	1588.6
Saal1	245.7	315.4	338.1	436.9	735.7	459.9	428.5	477.8	430.3	476.3	359	614.7	471.7	213.5	402	450.3	537.9	506.4	565.9	554.1	631.8	589.6	797.8	839.3
Cnp	339.1	205.6	408	442.3	225.2	348.7	424.6	524.8	392.3	540.2	598.3	883.1	276.1	457.8	540.3	618.3	330.7	653.4	560	847.8	7492.3	7556	1571.4	1531
Sulf2	12.6	45.4	29.6	16.3	11.4	0	23	32.3	1	23.1	36.6	36.7	0	0	21.8	37.4	29.1	74.2	25	133.4	80.4	39.2	70.5	97.7
Sod2	1091.9	970.3	1218.4	967.2	1186.9	1194.5	1373.5	953.7	1190.2	1181.2	967.7	1298.2	1091.8	1009.4	970	894.6	588.8	985.1	834.6	1032.4	940.5	954.5	1639.2	1484.4
Tmco6	3.1	47.6	13.4	15.2	31.5	12.4	0	11.7	39	15	0.7	0.9	7.2	13.9	18.9	2	50.9	5.8	4.8	11.5	276.9	309.3	191.9	232.3
Stambp	565.9	371.7	494.9	495.5	515.5	366.6	326.7	478.8	146.8	225.9	639.4	561.9	463.7	473.2	351	616.3	248.4	828	424.5	482.2	479.8	399.3	471	444.5
Ezh1	724.4	889.1	755.3	907.4	535.5	775.7	481.5	309.4	360.4	220.5	490.6	306.9	525.9	332.3	438.4	482.7	1001.9	761	746.7	392.5	640.5	632.7	370.4	496.3
P3h4	268.8	104.6	158.8	152.1	15	19.2	114.9	37.2	0	51.7	68.8	8.1	21.5	0	8.7	14.2	14.5	52.4	3.6	16.7	8.8	1.6	8.1	0
Ctnnb1	7985.5	7270.3	7360.1	7173.4	7417.2	6625.8	8653.8	7044.9	7054.7	6432.6	6592.2	6472.3	8153.8	7157.6	7896.7	5755	6356.6	6604.9	6049.3	5227.6	4576.9	4249.4	4504.9	4777.3
Eif1b	2428.4	1709.5	1687.9	2149.5	1988.3	2001.7	1593.3	1625.4	1947	1814	1794.8	2598.2	1166.8	1748.1	1491.4	1826.6	1465.9	1260.2	1634.8	1406.9	696.2	707.1	999.1	936.3
Psmd2	1295.6	1668.5	1768.4	1665.9	1806.7	1511.6	1609.3	1453	1851.5	1722.8	1820.2	2088.2	1663.2	1706.3	1709.8	1700.1	1658.5	1728.7	1597.9	1903.3	4156	4304.2	5701.3	5555.7
Vars	1170.6	859.8	821.7	596.6	1098.2	1072.3	690.3	757.9	869.8	704.9	929.6	946.6	877.1	872.2	729.7	657.8	1119.4	686.8	926.2	1444.1	11591.8	11456.1	7570.6	7577.8
Slc44a4	0	0	0	2.2	0	0	0	0	0	0	0	0	0	0	0	0	0	0	0	0	1.6	0.8	68.4	89.9
Msh5	54.6	148.6	160.2	193.4	240.2	219.7	104.9	122.4	62.6	118.4	219.1	16.1	114.9	116.6	43.7	184.2	152.6	190.6	220	79.5	211.7	220.8	19.5	7.1
Abhd16a	435.7	380.5	572.5	710.7	399.7	359.7	482.5	586.5	401.5	525.3	683.5	356.1	371.1	303	316	440.2	418	395.8	579	566.9	1009	1085.2	1248.7	1181.6
Neu1	301.3	301.5	328.3	533.6	233.1	266.3	464.5	241.8	214.6	228.6	131.6	173.6	134.9	359.5	177.7	190.2	357.4	280.8	126	216.7	562.6	585.7	1552.6	1565.9
Ddah2	229.9	161.7	180	65.2	144.4	162	168.8	112.6	197.2	171.5	246.8	417.8	235.4	190	129.6	145.7	202.3	199.4	142.7	120.6	557.8	541.1	51.7	36.9
Clic1	73.5	43.9	50.8	55.4	134.4	9.6	57.9	48	71.9	39.5	60.6	59.9	51.1	61.6	71.4	59.7	41.2	27.6	73.7	14.1	7067.4	7001.6	4562	4545
Lsm2	462	335.2	479.3	487.9	800.1	764.7	415.6	370.1	657.2	606.9	572.1	525.2	414.2	906.7	482.1	447.3	465.2	503.5	368.6	682.3	1220.6	1272.4	1469.4	1382.1
Pole	277.2	130.3	271.1	173.9	559.8	623.3	621.3	382.8	932.4	503.5	837.6	945.7	466.1	495.9	639.4	451.3	541.5	814.9	486.3	746.4	1588.2	1457.9	686.4	594.7
Zfp775	162.7	155.1	49.4	178.2	23.6	130.4	171.8	92	44.2	57.2	43.4	110	84.6	74.1	51	103.2	170.8	49.5	170	135.9	213.2	194.2	69.8	52.4
Mrpl49	187.9	284.7	342.4	442.3	332.5	392.7	590.4	187	202.3	522.6	567.6	680.9	110.9	253.1	298.6	316.7	265.3	538.4	346	411.7	705	748.5	618	675.5
Dennd2c	57.7	150	151.1	41.3	183.7	146.9	89.9	87.1	18.5	73.5	170.5	51	3.2	22	30.6	21.3	1.2	77.1	85.6	78.2	26.3	21.9	8.7	29.1
Mark3	741.2	815.2	714.4	627	529.1	794.9	659.3	731.4	402.5	605.6	464.4	311.4	542.7	699.8	445.7	459.4	709.9	986.6	379.3	686.2	1316.9	1400.8	1166.2	928.5
Gatad1	1981.1	2042.4	2031	1788.7	1852.5	1913.9	2172.7	2213.8	2222.2	2244	1842.7	1658.8	1817.2	1590.4	2050.6	1686.9	1152.1	2126	1174.7	1474.9	340.6	331.2	218.7	228.4
M6pr	2207.9	1839	2110.7	1864.8	2171.4	2261.2	2466.4	2223.6	2070.2	2665.8	1037.3	899.2	1801.2	2445.8	2697.3	1530.1	1994.1	2661.5	1325.7	1978.9	2535.1	2295	6461.5	6550.9
Lrrc8a	413.7	541.5	701.7	734.6	551.2	508	446.5	420	199.2	378.3	394.9	202.2	332	304.4	431.1	427	190.2	548.6	444.7	369.4	17.5	20.4	4.7	2.6
Mc5r	0	27.1	0	1.1	5.7	5.5	46	8.8	0	17.7	35.9	100.2	4	112.2	30.6	14.2	80	21.8	25	19.2	10.3	12.5	59.7	116.5
Ppp2r1a	907.1	769.1	1115.4	1050.9	1272.7	994	933	1206.3	1193.2	1321.3	1274.3	1427.9	1135.6	1572.8	1261.3	1106.1	935.3	1023	1049.8	1526.2	4154.4	4320.6	4623.7	4792.2
Fance	403.2	349.8	393.9	376	383.9	337.7	363.6	279.1	446.7	408.2	464.4	475.1	370.3	457	362.6	386.6	378	532.6	249.7	348.8	379.5	355.5	343.5	386.3
Tinf2	154.3	75.4	258.4	156.5	212.3	122.2	197.8	215.4	273.2	357.9	352.2	420.5	78.2	121.8	275.3	215.5	123.6	190.6	336.5	293.7	597.6	522.3	463	428.4
Dus3l	203.7	218.8	378.4	411.9	281	229.3	275.7	276.1	460	261.3	252	561.9	311.2	250.2	307.3	388.6	342.8	414.7	325.8	370.7	561	585.7	579.1	651.6
Gtpbp3	154.3	237.8	306.4	219.5	321.7	270.5	107.9	218.3	196.1	254.5	255.8	190.6	110.1	249.4	227.2	237.8	104.2	333.2	254.4	334.7	245.1	220	236.9	293.1
Tgfbr1	288.7	444.9	518.2	368.4	618.5	367.9	689.3	601.2	283.4	551.1	537	416.9	619.3	498.1	568	486.7	774.1	649	582.6	447.6	854.6	931	464.3	593.4
Homer1	72.4	216.6	108	371.7	185.2	166.1	106.9	266.3	62.6	190.5	69.5	0	20.7	39.6	116.5	127.5	88.4	29.1	73.7	165.4	64.5	50.1	95.3	182.5
Rad51c	33.6	8	18.4	34.8	87.2	68.6	64.9	66.6	67.8	126.6	38.1	69.8	14.4	16.9	78.6	61.7	49.7	84.4	60.6	105.2	113	73.6	49	86.7
Arpp19	1190.6	1196.5	1485.3	1437.7	1791	1506.1	1588.3	1732.1	1870	1958.2	2510.5	2493.5	2016.7	1709.2	1607.9	1495.7	1921.4	1543.9	1845.2	1650.6	1510.2	1427.4	1165.5	1278.6
Bcl2l1	365.4	446.4	365.7	304.3	429.7	509.4	411.6	362.3	149.9	370.1	512.3	857.1	245.8	500.3	294.2	285.4	112.7	120.8	181.9	274.5	803.7	913	355.6	420.6
Khsrp	1307.1	1621.6	1514.9	1756.1	1632.3	1574.8	1698.2	2205	1316.5	2079.3	2474.6	2362	1671.1	1512.6	2095.8	2152.4	1457.4	1805.8	2294.7	2353.4	5108.4	5247.7	3410.6	3017.3
Dio2	318.1	332.2	235.8	139.1	318.2	378.9	307.7	395.6	218.7	234.1	211.6	261.3	254.6	373.4	243.2	404.8	54.5	251.7	196.2	169.3	15.1	25.8	257.7	309.9
Ccdc124	156.4	47.6	55.8	51.1	100.1	64.5	93.9	144.9	183.8	132	109.9	269.3	71	136.4	163.1	106.3	41.2	64	101.1	133.4	1024.9	1234.8	1068.2	921.4
Cct4	3650.5	3025.9	3447.1	3502.5	3365.4	4271.2	3570.2	3108.8	3896	3715	3020.5	4388.5	3488.3	3744.2	3725.5	3629.9	3911.9	3393.4	3238.7	3579.5	3563.9	3395.1	6188.4	6264.9
0610009B22Rik	427.3	453	462.4	459.7	251.7	333.6	339.6	471	399.5	460	263.2	102.9	313.6	338.9	515.6	399.7	441	314.3	279.4	414.3	155.2	201.2	350.3	339.1
Zfp655	537.5	472	400.3	333.6	268.8	54.9	293.7	311.4	406.6	458.6	245.3	277.4	238.6	224.5	323.3	397.7	373.1	23.3	156.9	327	486.2	512.9	741.4	825.7
Rhoa	1074	1173.8	800.5	1214.9	1457.8	1548.7	1012.9	1073.1	1294.9	1254.7	1144.9	1154.2	1150.8	1715.1	1076.3	1477.5	1250.2	1279.1	1169.9	1136.3	4572.1	4608	4440.5	4272.6
Zmiz1	1482.4	1800.2	1442.2	1249.7	1249.1	1860.3	1268.7	1317.9	1951.1	1454.7	1116.5	1057.5	1718.2	1837.6	1733.1	1347.9	2982.7	2291.9	2464.7	1975.1	3944.3	4145.2	777	839.3
Ankrd26	901.9	766.2	576.7	715.1	940.2	1035.2	636.3	678.5	559.7	589.2	995.4	634.3	565.8	778.3	598.6	782.2	770.5	618.4	994	642.5	203.7	205.9	134.2	174.1
Aldh16a1	580.6	398.8	474.4	431.4	604.2	568.4	624.3	391.7	808.2	303.5	575.1	621.8	474.1	466.6	367	572.8	557.3	269.2	344.8	480.9	1231	1247.3	1921	1744.5
Hnrnpa0	9114.1	10102.3	10454.9	9929.3	11586.2	10695.2	12082.2	10245.7	13386.5	9969.3	12702.1	12828.2	12441	12561.9	10990.2	12663.6	10754.3	8681.4	11941.8	9221.4	1080.6	888.7	569	623.1
Prrg2	200.5	201.2	252.7	190.2	138.7	53.5	189.8	128.3	30.8	70.8	127.1	172.7	71.8	96.1	64.1	110.3	95.7	37.8	114.1	125.7	67.6	64.2	122.1	73.1
Hnrnph1	4300.3	3907.7	2950.1	2484.2	3490.5	3636.9	3588.2	3384.9	5005	2906.7	2400.6	1348.3	4361.4	4840.2	3386.2	2573.4	5072.5	3220.2	2951	2200.8	2385.5	2462.5	2507.4	2702.8
Id3	0	0	88.2	0	33.6	0	2	116.5	88.3	76.2	0	84.1	0	0	23.3	0	19.4	40.7	11.9	148.8	925.4	888.7	0	0
Arid1a	3187.5	2845.2	3433	4131.7	2693.3	4311	2965.9	3752	4129.1	3772.2	3176.1	2711.8	2883.4	3599.7	3814.4	2683.7	4738.1	4486.2	3577.5	3357.7	1462.5	1618.5	778.3	867.7
Ctsd	1243.1	1375	1073	994.3	1327.7	967.9	993.9	915.5	1372.9	998.8	1616.1	1708.9	1322.4	1520	1280.2	1583.7	713.6	800.3	1152.1	1998.2	5507.8	5486.5	7768.6	7864.5
Rplp1	59643.2	42144.3	63389.3	52186.2	43954.6	35976.4	47784.4	35379.1	36183.4	40016	50449.4	71444.7	41155.5	38130.9	39327.7	50488.4	41685.7	48168.4	56594.9	70351.8	1528.5	1495.5	1846.5	1567.9
Hmgcll1	0	0	0	0	0	0	0	17.6	0	0	0	0	0	0	0	0	0	0	0	16.7	78.8	86.9	0	0
Abhd8	214.2	185.1	372.7	466.2	240.9	197.7	227.8	282	130.4	152.4	201.9	52.8	197.9	52.1	203.9	195.3	144.2	307	199.7	169.3	687.5	762.6	472.4	514.4
Ift22	71.4	76.1	229.4	90.2	145.1	89.2	55.9	134.1	11.3	51.7	29.2	251.4	43.1	70.4	125.3	115.4	210.8	26.2	92.7	203.9	431.3	415	387.2	397.3
Fzd3	9.4	79.8	60	75	140.1	343.2	89.9	45	2.1	27.2	0	0	0	27.1	17.5	4	14.5	0	7.1	6.4	8	11	5.4	0
Mid1ip1	315	210	438.4	314.1	348.9	273.2	245.7	234	256.7	636.9	242.3	138.7	362.3	217.9	442.8	279.3	348.9	490.4	277	473.3	545.9	536.4	1084.3	1080.6
Ap2s1	239.4	342.5	228.7	195.6	499.8	277.3	213.8	326.1	294.7	432.7	531.7	473.3	474.8	411.5	214.1	618.3	472.5	301.2	300.8	649	1423.5	1520.6	1900.9	1547.1
Fgfrl1	152.2	115.6	141.9	91.3	96.5	216.9	111.9	146.9	91.4	54.4	40.4	59.1	29.5	32.3	118	121.4	181.7	61.1	76.1	84.6	88.3	124.5	46.3	30.4
Emc10	1180.1	985	1769.8	1216	1167.6	1341.4	1665.2	1142.7	1400.7	1590.8	1518.9	2725.3	1624.9	1140.7	1306.4	1537.2	1209.1	1235.4	1438.6	1867.4	2636.2	2818	2668.5	2473.8
Clstn3	64	130.3	52.2	76.1	42.9	34.3	145.8	71.5	43.1	73.5	164.5	172.7	52.7	72.6	18.9	142.7	9.7	0	7.1	18	48.5	57.9	218.1	185.1
Fbxw9	122.8	123.7	15.5	28.3	108	148.3	92.9	95	241.3	160.6	113.7	132.4	184.4	132	81.6	104.2	169.6	113.5	76.1	80.8	128.9	159.7	179.2	115.2
Spib	0	0	2.1	25	20.7	0	2	46	0	17.7	26.2	59.1	13.6	0	20.4	0	1.2	68.4	0	378.3	5750.5	5517.8	0	15.5
Fnbp4	2681.4	2013.9	1937.1	2048.5	1952.6	1979.8	2034.8	2164.9	2234.5	1320	1957.1	1360.8	1814.8	2210.3	1915.2	1888.3	2462.9	2034.3	2243.5	1589.1	868.9	812	360.3	318.4
Cers4	3078.3	3055.9	2131.2	2893.9	1147.5	1666.7	1268.7	1113.3	892.4	666.8	921.3	882.2	758.2	705.7	828.7	1016	714.8	780	800.2	429.6	301.6	291.3	82.5	77
Scrn3	85	95.9	70.6	32.6	16.4	54.9	163.8	73.4	220.8	145.6	116.7	46.5	12	168	58.3	62.7	153.9	109.1	29.7	74.4	117	155.8	188.5	150.1
Phax	731.8	965.2	800.5	618.3	920.9	1156	788.2	798	1104.9	694	745.6	1495	1054.2	592	849.1	884.4	548.8	793.1	705	686.2	647.7	573.2	821.3	886.5
Tle1	227.8	253.2	272.5	285.8	240.2	284.2	176.8	409.3	436.4	435.5	286.4	226.4	349.6	247.2	310.2	109.3	222.9	426.4	285.3	262.9	384.3	359.4	288.5	355.9
1700109H08Rik	175.3	165.4	72.7	95.6	40	251.2	53.9	57.8	125.3	174.2	83.8	67.1	341.6	139.4	113.6	185.2	178.1	208.1	171.2	146.2	18.3	6.3	0.7	0
Relt	406.3	402.5	264.7	458.6	298.1	346	281.7	487.6	174.6	533.4	729.1	285.4	237	233.3	371.4	413.9	333.2	621.3	447	287.3	629.4	694.5	430.1	284.7
Snrpb2	3193.8	2900.8	2561.1	2124.5	3281.7	2910.6	3012.8	3285	3564.3	3826.6	3567.2	3134.1	3973.6	3446.4	2902.6	3193.7	3060.2	2889.9	3087.7	3147.3	560.2	586.5	711.9	795.9
Ubc	4487.2	3885.1	3171.8	3674.2	4099	3431	2446.4	3565	3979.2	3877	4856.5	5866.6	4122.8	4584.9	3907.6	5379.5	3839.2	3130	4961.5	6547.3	2729.3	2715.4	1565.4	1428.7
Prpf31	485	420	399.6	483.6	548.4	405	181.8	355.4	939.6	313	569.9	424.1	655.2	391.7	470.4	368.4	552.4	592.2	436.3	377.1	1760.1	1710.9	2084.1	2119.2
Sertad1	185.8	177.1	238.6	160.8	120.1	87.9	84.9	161.6	181.8	152.4	114.4	306	39.1	65.3	62.6	72.9	1.2	40.7	27.3	151.3	342.9	333.6	154.3	115.8
Carhsp1	82.9	61.5	62.8	100	196.6	153.8	82.9	181.1	69.8	20.4	155.6	27.7	138.1	96.1	196.6	125.5	78.7	62.6	126	159	954.8	1073.5	93.3	102.9
Elk3	727.6	635.2	906.4	948.7	792.9	653.5	1056.9	707.9	511.4	583.8	750.8	593.2	1162.8	1077.6	884	764	1141.2	1366.4	1263.8	863.1	1114.8	1018.7	655.5	586.9
Herpud2	557.5	342.5	494.9	431.4	321	269.1	413.6	337.8	556.6	366.1	264	152.1	300.9	352.1	569.5	518.1	434.9	512.2	299.6	392.5	874.5	851.9	1055.4	1001.7
Rdh13	204.7	307.4	295.8	96.7	306.7	254	339.6	164.5	340.9	129.3	406.8	334.6	241.8	487.1	182.1	320.8	345.3	422	260.4	132.1	201.3	212.2	187.2	212.9
Nutf2	323.4	261.2	253.4	340.1	513.4	352.8	440.5	313.3	653.1	506.2	431.5	264.8	429.4	567.1	536	260.1	305.3	293.9	291.3	395	203.7	241.9	305.3	258.2
Arpc5	1709.2	1436.5	2087.4	1948.5	2027.7	1594	1977.9	1597	1706.7	1876.6	1551.8	1992.5	983.2	1818.6	1763.7	1353	1635.5	1500.3	1247.2	1921.2	5737	5716.7	6853.4	6767.1
Pou2f2	1148.6	866.4	777.9	952	385.4	321.3	243.7	497.4	136.6	351.1	255.8	108.3	801.3	436.5	531.6	738.7	1416.2	1538.1	1688.3	1835.3	393.1	422	126.8	111.9
Mgst1	212.1	242.2	384	229.3	37.9	124.9	606.4	241.8	32.9	145.6	172	41.2	79	341.1	240.3	227.7	338	289.6	287.7	234.7	179	177.7	1713	1813.7
Ubqln4	549.1	234.2	680.5	545.5	577.7	701.6	560.4	685.4	819.5	511.7	617	773.9	316.8	745.3	780.6	381.5	520.9	267.7	711	715.7	1003.4	989.7	1254.7	1117.5
Rps18	22382.6	17509.4	16725	15169.4	16669	17967.6	13817.4	11409.9	19134	13697.9	13462.7	14843.1	14626.2	16320	12788.8	13588.5	17625.8	14403.1	14400.5	19951	927	919.2	1399	1217.1
Rpl10	5391.2	6289	5082.7	4339.3	7202	6848.2	5199.5	4321.9	6290.7	4301.5	3962.1	4211.4	6521.8	8240.3	5653.8	3592.4	8619.7	5906.5	5208.8	5944.5	136.1	141.7	22.8	23.3
Rps15a	20049.7	17761.9	22824.3	24689.1	16655.4	15269.8	19367.5	15847.3	16928.2	18541.1	22612.5	27943.3	16279.7	17457.1	19762.2	26123.6	17883.8	20268.8	26311.3	31034.6	436	433.8	534.1	524.1
Ncaph2	653	491	603.6	749.8	471.9	646.7	968	686.4	825.6	1072.3	1199.5	1735.7	435.7	677.1	970	1000.8	662.7	1229.6	976.1	820.8	3758.1	3935.4	2840.2	3063.9
Hipk1	5741.8	5604	6464.2	6792	5202.2	6224.9	6514.1	5438.1	5365.5	5803.9	7435	6832.8	4739.7	4308.3	4925.6	6067.7	5342.6	5574.7	6832.9	4409.3	1158.5	1074.3	655.5	676.2
Gprc5b	670.9	485.2	414.4	346.7	158.7	508	291.7	157.6	7.2	190.5	68.1	96.6	269.7	190.7	185	192.3	201.1	115	93.9	80.8	6.4	12.5	0	0.6
Man1a2	1192.7	1629.7	1535.4	2540.7	1582.2	1499.2	1566.3	1704.7	1603	1748.6	1681.1	1740.2	1543.5	1847.9	1776.8	1611	1178.8	1273.3	1787	1860.9	953.3	967	636.1	851.5
Acyp1	1318.7	1006.9	877.5	775.9	1005.3	1323.5	881.1	564	1358.6	774.3	614	431.2	486	1354.9	731.1	457.4	971.6	651.9	439.9	847.8	208.5	205.9	322.7	302.8
Cd163	31.5	13.2	40.2	9.8	0	0	60.9	13.7	22.6	83	94.2	126.2	69.4	0	26.2	74.9	23	24.7	47.6	26.9	359.7	317.9	109.4	132.6
Hdac5	365.4	229.8	233.7	303.2	174.5	233.4	285.7	320.2	106.8	210.9	332	294.4	159.6	211.3	155.8	223.6	159.9	257.6	178.3	502.8	1413.2	1255.9	760.9	727.3
Rala	731.8	721.5	557	559.7	717.1	674.1	589.4	573.8	474.4	683.1	800.9	603.9	721.5	925.8	716.6	632.5	855.3	998.2	1053.4	936.2	678.7	664	481.8	477.5
Vdac3	902.9	911.8	663.6	645.5	1182.6	1684.6	1409.5	1157.3	1598.9	1503.7	1119.5	1621.2	1162	1529.5	1347.2	1003.9	988.6	1076.8	991.6	1427.5	435.2	436.9	740.1	635.4
Vps72	897.7	991.6	791.4	844.4	1152.5	967.9	310.7	987	1023.8	1008.4	1683.4	1643.6	993.6	914	1015.1	1254.8	1012.8	829.4	1326.9	1045.3	1078.2	1116.6	1188.3	1057.3
Gabpa	520.7	379.8	278.8	306.5	194.5	547.8	642.3	405.4	411.8	785.2	296.1	170	171.6	335.2	591.3	252	281.1	504.9	285.3	302.7	1243.7	1227.7	1419.8	1227.5
Dynll1	868.3	1042.8	1162.7	1370.3	3043.7	1566.5	2292.6	1997.4	2662.7	2732.5	2366.9	2361.1	2106.9	1869.9	2912.8	2564.3	1975.9	2955.4	2320.8	3299.9	1165.7	1169.8	2588	2330.1
Pdcl	745.4	499.8	360	557.5	536.2	847.1	512.5	515	638.7	468.1	454.7	360.6	584.2	461.4	700.5	404.8	554.9	641.7	504.1	640	735.2	767.3	718.6	966.7
Tmem184b	243.6	90.7	198.4	205.4	111.5	157.9	122.9	90.1	107.8	100.7	120.4	123.5	91.8	225.9	343.7	219.6	151.4	117.9	209.3	214.2	897.6	949	828	693
Nf2	457.8	365.9	480	514	745	546.4	818.1	492.5	707.5	511.7	1168.1	808.8	527.5	495.2	581.1	1024.1	607	756.7	568.3	629.7	1125.1	1071.9	1276.9	936.3
Zmat5	150.1	117.1	59.3	209.7	108.7	222.4	47.9	94	91.4	17.7	47.1	111.8	130.1	46.9	53.9	119.4	158.7	42.2	121.3	157.8	237.9	218.5	235.5	213.5
Ewsr1	3942.3	2774.2	2638.8	2270.1	2543.2	3455.7	3009.8	2669.1	4482.4	2969.3	2309.3	1924.5	3516.3	3934.2	3017.7	2224.3	3352.2	2732.8	2731	2833.1	8487	8310	6859.4	6536.7
Ap1b1	833.6	925.7	686.2	1007.4	531.9	838.9	599.4	798	683.9	738.9	582.6	1151.5	870.7	721.8	613.2	508	560.9	602.4	662.2	856.7	2361.6	2341.2	2351.1	2404.5
Derl3	0	0	32.5	1.1	0	27.5	56.9	22.5	0	12.2	0	0	12.8	22	27.7	51.6	2.4	27.6	26.2	53.9	87.5	122.1	22.1	14.9
Bcl2l13	290.8	202.7	445.4	455.3	265.3	363.8	780.2	539.5	741.4	711.7	726.2	522.5	425.4	561.2	536	581.9	501.6	759.6	461.3	547.6	1075	1081.3	1635.2	1735.4
Dqx1	46.2	13.2	6.4	9.8	120.1	1.4	47.9	46	70.9	127.9	68.8	207.6	260.2	148.9	96.1	99.2	123.6	14.6	57.1	80.8	4	3.9	0	1.3
Lnp	195.3	250.3	257.7	291.2	188	411.9	211.8	250.7	223.9	567.5	365.7	295.3	328.8	300.8	355.4	345.1	248.4	142.6	195	160.3	418.5	346.1	367.7	459.4
Pttg1ip	1804.8	1644.3	1652.6	1581.2	943.8	1702.4	1794.1	1356.1	1400.7	1420.7	1640.8	2183.1	1156.4	901.6	1007.8	1295.3	831.1	944.4	777.6	952.9	1188	1282.6	1429.2	1511.6
Ube2g2	308.7	728.1	591.6	247.8	474	752.4	847.1	602.2	482.6	504.9	433.7	356.1	349.6	439.4	584	324.8	508.8	557.3	447	483.5	1115.6	1198.8	1723.1	1441.7
Mpo	4.2	51.2	597.9	125	698.5	0	1651.3	1147.5	2204.7	2053.5	1533.8	2655.5	8924.8	19652.7	9463.8	11016.1	2510.2	1887.3	2660.9	8750.7	9722.7	9896.4	564869.5	558623.1
Met	37.8	41	47.3	76.1	71.5	0	126.9	72.5	109.9	93.9	41.9	192.4	97.4	135.7	104.9	55.7	18.2	82.9	42.8	83.4	35	26.6	1425.2	1277.3
Slc16a12	72.4	87.8	199.8	91.3	168	48.1	143.8	92	172.5	5.4	9.7	51.9	1.6	5.1	10.2	49.6	33.9	33.5	79.7	135.9	2.4	0.8	0	0
Elk1	249.9	227.6	125.7	245.6	273.8	126.3	84.9	237.9	226.9	298	118.9	63.5	271.3	117.4	268	294.5	129.6	129.5	221.1	215.5	137.7	193.4	79.2	113.9
Nav1	613.1	583.2	400.3	273.9	552	889.7	539.4	794.1	517.6	598.8	851	871.4	751	652.9	617.5	714.4	1590.7	2117.2	2109.2	1469.8	177.4	267	41.6	51.1
Tnpo1	2131.3	1596	2679.7	2584.2	2393.7	1425.1	2678.2	2717.1	2058.9	2671.3	1892.8	1710.7	2655.2	2662.2	2968.2	2508.6	1980.8	2564	2796.4	2109.8	1009	1099.3	858.2	830.2
Rnmt	1346	1285.7	847.8	1045.4	1016	1058.5	1174.8	1277.8	1378.1	1277.8	1364.1	853.5	1087	1335.1	1093.8	1097	1172.7	1072.4	1172.3	964.5	1038.4	968.6	1466.8	1155
Srp14	3511.9	3375	4160.1	4434.9	3083	3487.3	4011.8	3558.2	3921.7	4513.8	4763	5336.9	4464.4	3281.3	4306.6	3536.8	3531.5	3204.2	3722.6	3256.3	1393.3	1454	1295	1164.7
Cdk9	1704	1650.2	1382.9	1431.2	1076	987.1	1180.7	1109.4	1405.8	1155.3	1473.2	1151.5	1008	1156.1	1430.2	1699.1	1280.5	1018.6	1234.1	1224.8	2575.7	2615.2	1933.1	2178.7
Tor2a	126	82	76.2	125	80.8	59	154.8	151.8	82.2	166	91.2	149.4	10.4	96.8	176.2	96.1	138.1	46.6	80.8	162.9	771	802.6	904.5	755.8
Fpgs	634.1	435.4	444.7	406.4	401.1	421.5	353.6	471	435.4	636.9	620.7	506.4	356.7	349.2	498.1	506	345.3	484.6	422.1	825.9	577.7	579.4	788.4	704.7
Mkl2	399	775.7	1195.9	981.3	549.1	399.5	911	666.8	212.6	692.7	486.1	582.5	496.4	464.4	333.5	690.2	491.9	651.9	558.8	443.8	163.9	131.5	40.9	32.4
Cbx5	4534.5	4458	3135.1	3822	7678.8	6636.8	5713.9	6697.3	11149.9	8917.4	8928.5	9525	7554.5	7488.4	7700.1	6579.7	6849.7	7387.8	7145.6	6960.3	2083.1	1992	1873.4	1930.9
Apobec3	2101.9	2025.6	1865.8	1608.3	1794.6	1481.4	1361.6	1748.7	1961.4	1514.6	1216	1139.9	1637.6	2110.5	1744.8	1722.3	2146.7	2744.4	1886.9	2300.9	5940.7	5766.8	2212.9	1989.1
Vav2	387.4	253.9	298.6	205.4	332.5	337.7	340.6	321.2	268	197.3	290.9	185.2	362.3	363.1	289.8	256	365.9	120.8	237.8	177	970	1010.9	162.4	251.1
Ppp2cb	625.7	657.1	483.6	485.8	726.4	624.7	750.2	686.4	550.4	948.5	444.2	204	841.2	1122.4	767.5	550.5	815.3	998.2	554	666.9	799.7	768.1	1452	1287.7
G0s2	0	30	45.2	16.3	0	35.7	0	4.9	0	0	0	22.4	0	0	17.5	24.3	0	0	22.6	78.2	35.8	17.2	209.3	154.6
Dmap1	24.1	206.4	81.2	196.7	135.8	223.8	39	100.9	90.4	108.9	138.4	88.6	129.3	123.2	100.5	161.9	250.8	173.2	111.8	236	471.9	457.3	467	511.2
Mcu	344.4	416.4	309.9	190.2	259.5	380.3	324.7	270.2	415.9	347	435.2	407.1	272.1	245	323.3	386.6	187.8	101.9	254.4	288.6	436.8	380.5	1273.5	1261.1
Bcr	587.9	634.5	404.5	349.9	590.6	399.5	559.4	536.6	294.7	323.9	415.8	560.1	459.7	379.3	361.2	524.2	699	727.6	551.7	677.2	744	805.7	241.6	232.3
Fxyd5	1158	1340.6	1234	1243.2	1391.3	1648.9	1161.8	1091.7	839	1383.9	1121.8	2212.6	1709.5	2040.8	1341.4	2012.8	1594.3	1215.1	1801.3	2893.4	2617.9	2585.5	2696.7	2604.5
Tfcp2	191.1	119.3	95.3	198.9	203.8	192.2	208.8	126.3	195.1	176.9	63.6	125.3	15.2	104.9	99	143.7	110.2	187.7	54.7	83.4	125.7	95.5	126.1	135.9
Pou6f1	110.2	176.4	147.5	184.7	50.8	5.5	75.9	25.5	71.9	12.2	19.4	34	58.3	32.3	26.2	13.2	169.6	123.7	83.2	35.9	30.2	34.5	0.7	0
Ubp1	2610	2497.6	3053.2	3465.5	2289.4	2638.8	2649.2	2648.6	2292	2467.2	3500.6	2770	1839.5	2543.3	2352.1	2736.3	2108	2670.2	2910.5	2193.1	585.6	566.1	769.6	773.9
Nuak2	45.1	99.5	118.6	92.4	296	100.2	171.8	129.2	55.5	134.7	44.9	97.5	383.9	233.3	233	210.5	313.8	407.4	236.6	295	520.4	500.3	1546.6	1406.1
Ick	982.7	797.6	482.9	790	788.6	886.9	429.5	546.4	271.1	502.1	308.1	179.8	542.7	546.5	512.7	282.3	495.5	573.3	254.4	220.6	278.5	260	265	232.9
Sdhb	541.7	721.5	404.5	499.9	654.9	505.2	524.4	563	750.7	613.7	552.7	552	826.8	714.5	1098.1	524.2	1009.2	646.1	783.5	1179.9	3264	3247.9	2976.5	2830.3
Snap47	157.5	235.6	265.4	435.8	144.4	171.6	314.7	205.6	56.5	166	261.7	379.4	27.1	168.7	123.8	155.8	94.5	99	183.1	107.7	168.7	202	399.9	325.5
Kdsr	747.5	878.1	1029.3	1192.1	895.9	1033.8	1148.8	977.2	864.6	821.9	865.3	926	1054.2	1098.9	1163.7	1103	874.7	1401.3	835.8	713.1	631.8	617.8	907.2	962.8
Vps4b	2618.4	1729.2	2399.5	2041.9	1874	1908.4	2034.8	2297.1	1912.1	2273.9	3081.9	2355.8	1747	2537.5	1862.8	2562.3	2184.3	2232.2	2525.3	1630.1	1714.7	1742.2	2542.3	2334
Rps25	13610.8	12193	12838.8	12814.5	12725.1	13240.6	12451.8	10489.5	14109.4	12516.7	11961.7	15471.2	14540	15190.3	12598	12241.6	15139.8	14227	13953.5	17033.3	179.8	205.9	339.5	278.2
Taz	642.5	492.5	670.6	579.2	313.2	322.6	171.8	431.8	153	268.1	314.1	254.1	249	239.1	324.8	349.1	502.8	456.9	422.1	318.1	782.2	819	566.3	630.2
Aldh3a2	206.8	289.8	379.1	359.7	165.2	431.1	676.3	292.8	322.4	616.4	142.1	349.8	533.9	482.7	415.1	349.1	350.1	359.4	510.1	338.6	482.2	526.2	612.6	746.7
Tmem115	198.4	79	87.5	193.4	26.5	152.4	39	87.1	161.2	93.9	90.5	98.4	106.9	55	91.8	188.2	149	165.9	141.5	130.8	653.3	674.2	1188.3	1050.2
Hyal2	93.4	67.3	104.5	25	95.8	41.2	24	75.4	188.9	81.6	36.6	64.4	59.1	114.4	147.1	86	71.5	157.2	105.8	102.6	218	215.3	230.1	210.3
Ifrd2	101.8	81.2	150.4	171.7	90.8	163.4	163.8	279.1	120.1	236.8	335.8	314.9	106.1	190.7	136.9	384.5	70.3	99	254.4	259.1	700.2	757.9	1086.3	1131.1
Tusc2	469.3	389.3	376.3	426	409	234.8	141.8	170.4	205.4	293.9	229.6	217.4	197.9	65.3	240.3	341	225.3	251.7	239	365.5	471.9	498	575.7	484
Nprl2	138.6	119.3	114.4	195.6	52.9	164.8	79.9	77.4	270.1	55.8	77	126.2	145.2	102	48.1	42.5	152.6	85.9	77.3	133.4	236.3	274.1	314	297.7
Rassf1	716	610.3	572.5	669.4	355.3	543.7	527.4	392.6	372.8	315.7	692.5	739	245.8	323.5	410.7	613.2	331.9	516.6	518.4	397.6	207.7	265.4	137.6	94.5
Slc3a2	1109.7	1175.2	1746.5	1939.8	1652.3	1401.8	1633.3	1648.9	1468.4	1726.9	1655	1839.5	1664	1735.7	1931.2	1915.6	1136.4	1094.3	1532.5	1977.7	2586.8	2566.7	2561.8	2418.1
Nxf1	1470.9	1166.5	1005.3	1181.3	1484.3	1162.9	1098.8	1552.9	1820.7	1143.1	1373	1568.4	1106.9	1133.4	1204.5	1113.1	766.9	919.7	1111.7	1186.3	2755.5	2616.8	1813	1901.1
Stx5a	444.1	417.1	557	531.4	322.5	509.4	498.5	382.8	621.3	415	433.7	368.6	367.9	290.5	477.7	339	405.8	426.4	411.4	284.7	1254	1320.9	1152.1	1182.2
Tnfrsf13b	851.5	1080.1	1114	639	805.1	903.4	935	889.1	761.9	611	840.6	738.1	879.5	1093	1007.8	973.5	1101.2	1027.3	1135.4	828.5	2266.2	2208.1	1195	1257.3
Raver1	124.9	78.3	108.7	89.1	71.5	114	2	86.2	149.9	84.4	65.8	68	173.2	52.8	71.4	191.3	66.6	101.9	102.2	133.4	2302	2407.7	1301	1419
2610507B11Rik	1826.8	2258.3	2655	2322.3	2154.9	2169.2	3166.6	3029.4	2301.3	2233.1	1942.1	2111.5	2037.5	1982.1	2305.5	2661.4	1588.2	2566.9	2160.3	1735.3	2990.2	2839.9	1680.1	1639
AI597479	210	155.9	349.4	180.4	246	122.2	150.8	238.9	305	469.5	255	322.1	237	206.9	230.1	244.9	255.6	228.5	222.3	268	272.1	262.3	413.3	449.1
Tmem86a	180.6	54.2	205.4	158.7	123	67.3	145.8	115.5	29.8	185.1	121.2	174.5	0	23.5	128.2	145.7	58.2	62.6	129.6	124.4	555.4	537.9	197.9	197.4
Ifi35	194.2	297.8	281	141.3	130.8	151	207.8	265.3	311.1	152.4	180.2	74.3	375.9	267	176.2	211.5	230.2	304.1	222.3	174.4	521.2	553.6	489.8	476.2
Rdm1	118.6	125.1	225.2	364	85.1	155.1	141.8	187	181.8	236.8	193.7	223.7	190.7	90.2	185	263.1	140.5	261.9	321	266.8	432.1	461.2	297.9	214.2
Nedd8	1399.5	1494.3	1549.5	1634.4	1681.6	1410	1082.9	1404.1	1796	1760.9	2412.5	2175.9	1710.3	2021.8	1797.2	2578.5	1510.7	1785.5	2152	2379.1	1523.8	1564.4	1486.9	1443.6
Gosr1	261.4	232.7	138.4	51.1	165.9	63.2	445.5	109.7	178.7	250.4	57.6	54.6	147.6	234	106.3	150.8	140.5	116.4	45.2	56.4	687.5	646	795.8	684.6
Mrpl52	1278.8	1100.6	1147.8	1476.8	802.2	639.8	866.1	901.8	936.5	811	1162.1	1196.2	580.2	531.8	684.5	821.7	725.7	535.5	840.6	1027.3	269.7	250.6	169.1	179.9
Kansl3	1186.4	1511.9	809	878.1	914.5	819.6	992.9	687.4	607.9	721.2	806.2	843.7	806	698.4	820	776.2	614.2	582.1	840.6	947.8	1006.6	1006.2	428.1	368.8
Faf1	261.4	409.1	233.7	234.7	306	553.3	381.6	436.7	616.1	362	236.3	701.4	332.8	408.6	308.8	304.6	489.4	192.1	457.7	259.1	1464.9	1540.9	1593.6	1738.7
Mettl16	397.9	478.6	458.2	454.2	710.7	604.1	322.7	572.8	993	782.5	559.4	571.7	808.4	663.9	568	698.2	716	772.7	416.1	569.4	748	828.4	1028.6	1157.6
Pigyl	164.8	270.8	448.3	440.1	388.2	98.9	279.7	389.7	208.5	310.3	324.6	467	293.7	321.3	168.9	234.8	190.2	231.4	324.6	283.4	289.6	270.9	310.7	255.6
Rbm25	14745.7	13369.7	8246.7	11471.4	7661	8738.7	7503.1	10511	8872.3	9676.7	9369.7	10326.7	10267.1	8530.8	9098.3	8848.5	10598	9529.8	10630.4	7256.5	1978.9	1995.9	1250	1180.3
Psen2	712.9	968.2	834.4	1193.2	986.7	1025.6	1040.9	1049.6	924.2	830.1	940.8	766.8	849.1	696.2	812.7	612.2	536.7	424.9	504.1	714.4	303.2	287.4	546.2	498.9
Fads1	928.1	1021.6	913.5	792.2	601.3	845.7	745.2	724.6	590.5	529.4	518.3	459	436.5	336	735.5	239.8	290.8	323	192.6	368.1	1308.1	1367.1	669.6	693
Lmbr1	193.2	340.3	345.2	280.4	308.2	255.4	432.5	176.2	138.6	95.3	235.6	158.4	197.9	62.4	27.7	163.9	203.5	104.8	90.4	251.4	29.4	51.7	114.1	73.8
Tnfrsf22	51.4	89.3	69.2	86.9	122.3	116.7	148.8	115.5	2.1	87.1	82.3	13.4	39.1	84.4	75.7	66.8	72.7	59.7	74.9	29.5	78	62.6	81.9	76.4
Cars	166.9	225.4	111.5	104.3	200.9	97.5	165.8	222.3	114	176.9	204.2	275.6	237.8	211.3	302.9	354.2	367.1	110.6	424.5	359.1	876.9	823.7	739.4	694.3
Phlda2	299.2	108.3	198.4	210.8	239.5	162	274.7	147.8	147.9	111.6	176.5	128.8	88.6	81.4	118	197.3	8.5	13.1	23.8	7.7	0	0	0	0
Apip	308.7	297.8	247.8	389	213.8	260.9	634.3	324.1	444.6	544.3	306.6	439.3	458.9	470.2	415.1	251	381.6	449.6	271.1	363	264.2	323.4	435.5	429.7
Pdhx	205.8	464.7	293	324.9	313.2	480.5	219.8	459.2	306	264	445	267.5	272.9	714.5	461.7	555.6	268.9	267.7	277	416.8	405.8	464.3	634.7	684
Vac14	68.2	136.8	78.4	19.6	75.1	105.7	65.9	80.3	144.8	117	18.7	108.3	43.9	52.8	91.8	149.8	161.1	66.9	173.6	120.6	1678.9	1812.6	1876.1	1606.7
Mcoln2	264.6	232	88.2	154.3	78.6	263.6	40	150.8	82.2	64	29.2	96.6	165.2	159.9	253.4	123.5	241.1	75.7	159.3	196.2	323.1	368.8	2	30.4
Akt1s1	34.6	68.8	21.2	27.2	16.4	83.7	12	7.8	99.6	9.5	15.7	10.7	47.9	24.2	90.3	23.3	23	49.5	21.4	6.4	598.4	680.4	969.6	799.1
Tbrg1	595.3	724.5	489.2	466.2	717.1	941.8	404.6	547.3	732.2	508.9	687.3	834.8	842.8	515	586.9	526.2	580.3	369.6	460.1	607.9	1009.7	1123.6	1107.8	1056.7
Adssl1	111.3	373.2	359.3	147.8	243.8	370.7	606.4	320.2	616.1	288.5	255	271.1	635.3	799.6	668.5	380.5	645.7	925.5	544.5	420.7	1577.1	1656	5941.5	5683.2
Brf1	521.8	361.5	544.3	747.7	271	438	632.3	667.8	739.4	612.4	865.3	773.9	587.4	587.6	582.6	710.4	576.7	867.3	869.1	868.3	895.2	929.4	675	661.3
Vipr2	298.2	452.2	185	408.6	103.7	266.3	111.9	131.2	119.1	107.5	122.6	111.8	146.8	57.2	139.8	167	184.1	101.9	140.3	74.4	26.3	38.4	25.5	40.8
Odc1	224.7	343.9	599.3	573.8	802.2	465.4	815.1	762.7	779.4	785.2	913.1	842.8	573.8	705	926.3	1000.8	600.9	672.3	957.1	560.5	1142.6	1219.9	2161.2	2118.5
Thg1l	60.9	46.1	115.8	45.6	75.1	111.2	131.9	71.5	2.1	46.3	43.4	136	240.2	91.7	69.9	104.2	119.9	52.4	109.4	19.2	151.2	175.4	186.5	164.4
Adam19	0	0	0	26.1	0	0	38	37.2	0	55.8	0	0	0	1.5	2.9	0	0	18.9	0	60.3	346.1	357.8	0	1.3
Pabpc4	2157.5	2625.6	2672	3233	3548.4	2774.7	2600.2	2946.2	3284	3287.7	2889.7	2047.1	2756.5	3052.4	2946.3	2490.4	2124.9	2574.2	2716.7	2533	97.9	101.8	120.8	110.6
Exoc3l2	14.7	51.2	111.5	35.9	90.8	78.3	194.8	95	84.2	189.2	237.1	388.3	75	102.7	81.6	88	122.4	71.3	33.3	91.1	48.5	69.7	83.9	96.4
Zfp296	37.8	51.2	79.1	41.3	0.7	53.5	0	58.7	38	81.6	44.1	0	14.4	49.2	93.2	30.4	87.2	75.7	80.8	73.1	163.9	150.3	155	139.1
Sugp1	296.1	180	143.3	263	86.5	205.9	32	239.9	102.7	194.6	113.7	366.8	204.3	303	106.3	351.1	110.2	208.1	171.2	209.1	806	764.2	664.9	699.5
Dhdh	133.3	131	52.2	16.3	26.5	201.8	55.9	57.8	84.2	16.3	35.1	85.9	43.1	14.7	48.1	49.6	109	64	64.2	65.4	93.9	71.3	329.4	294.4
Zfp790	21	44.6	3.5	5.4	30.7	20.6	0	16.6	45.2	1.4	74	85.9	53.5	0	8.7	50.6	42.4	43.7	63	57.7	225.2	209.8	220.8	304.8
Fuz	74.5	41.7	47.3	32.6	58.6	20.6	76.9	36.2	2.1	6.8	69.5	55.5	63	84.4	58.3	140.7	59.4	131	45.2	51.3	191	196.5	135.5	158.5
Pgam1	157.5	210	225.2	249.9	199.5	218.3	190.8	428.9	256.7	253.1	183.2	328.4	581	890.6	783.6	944.2	139.3	218.3	400.7	570.7	99.5	104.9	528.7	567.5
Evi5	529.1	644.7	481.4	507.5	634.2	326.8	235.8	350.5	110.9	35.4	193.7	63.5	303.3	374.1	323.3	314.7	453.1	461.3	434	574.6	274.5	302.2	164.4	129.4
Evi5l	143.8	234.9	265.4	97.8	332.5	114	184.8	256.5	44.2	142.9	200.4	456.3	138.1	115.9	103.4	114.4	76.3	149.9	136.7	109	257.8	230.2	150.3	102.2
Snapc2	138.6	106.1	197.7	168.4	140.9	68.6	46	159.6	165.3	133.4	242.3	338.2	70.2	165.1	179.1	237.8	76.3	126.6	204.5	251.4	557.8	588.8	516.7	501.5
Git1	224.7	235.6	197	305.4	168.7	205.9	103.9	221.3	296.8	141.5	154.8	298.8	205.9	148.2	202.4	234.8	185.4	126.6	137.9	238.6	1318.5	1349.1	799.1	706
Gltp	1171.7	1170.9	1502.9	1366	1347	1686	1756.1	1920.1	1068	1669.7	895.2	604.8	1386.2	1043.9	1638.5	1285.2	1865.7	2507.2	1817.9	2356	5690.1	5740.2	2904	2704.8
Bnip2	3058.3	3499.4	2758.1	2566.8	2867.1	3074	1942.9	2406.7	2532.3	1910.6	2128.4	2218	3006.3	2945.3	2802.2	3186.6	2545.3	2146.3	2907	2398.3	1112.4	1097	2465.8	2286.1
Ccnt1	1895	2208.5	1956.1	2264.7	2286.5	1971.5	2178.7	2446.9	1684.1	2561	2123.1	1694.6	2007.1	1990.9	2665.2	1881.2	2369.7	3009.3	1973.6	2289.3	816.4	830.8	792.4	1036.6
Brms1l	57.7	182.9	187.1	118.5	37.2	101.6	146.8	191.9	133.5	197.3	142.8	109.2	213.9	150.4	142.7	146.7	151.4	165.9	77.3	80.8	218.8	199.7	132.2	162.4
Med15	220.5	253.9	428.5	343.4	378.2	612.3	358.6	381.9	552.5	322.5	241.6	391.9	375.9	395.4	313.1	351.1	331.9	430.7	382.8	495.1	1215.8	1350.7	713.9	821.1
Dhdds	406.3	509.3	388.3	394.5	445.4	435.2	534.4	419.1	439.5	421.9	311.1	592.3	383.9	597.1	326.2	518.1	568.2	261.9	382.8	551.5	892	988.9	1705	1727.7
Ubxn11	11.5	0.7	0	40.2	0	52.2	107.9	14.7	33.9	64	0	0	0	31.5	0	17.2	2.4	29.1	27.3	69.3	88.3	135.5	82.5	106.8
Tjap1	414.7	253.2	438.4	482.5	397.5	392.7	477.5	445.5	352.2	537.5	720.2	503.7	479.6	310.3	380.1	744.8	396.2	676.6	686	533.5	394.7	450.2	332.8	271.1
Rpl15	3128.7	3364.8	3610.1	3075.4	4031.8	4554	3942.8	3096	4055.2	4266.1	3917.2	3101	3580.1	3656.9	3933.8	3582.3	3635.6	3854.7	3830.8	4581.2	300.8	308.5	438.8	381.8
Tmem167	655.1	1220.6	806.2	983.5	2077	1875.4	1866	1652.8	1624.5	1899.7	2366.9	1081.7	1845.9	1671.8	1683.6	1241.7	1591.9	1542.5	1397	1187.6	996.2	994.4	2063.3	2079
Mplkip	873.5	569.3	830.9	846.6	1367	1110.7	1062.9	937	840	1023.3	679.8	469.7	938.5	1370.3	870.9	786.3	981.3	972	732.4	593.8	479	541.1	650.8	687.8
Kif11	239.4	93.7	296.5	160.8	903.7	815.5	934	735.3	1599.9	1539.1	1512.9	923.3	711.1	1308.7	753	1022.1	1578.6	1823.3	950	956.8	3959.4	3824.2	1182.3	1061.2
Rpa3	327.6	161.7	131.3	69.5	221.6	398.2	338.6	157.6	590.5	744.4	20.9	53.7	269.7	366.8	281.1	25.3	255.6	401.6	82	121.8	507.7	486.2	581.7	539
Mlkl	315	329.3	208.3	224.9	441.9	438	171.8	351.5	681.9	208.2	494.3	571.7	459.7	537.7	454.4	548.5	350.1	259	434	443.8	264.2	282.7	1066.2	1127.2
Tnpo3	2086.1	1399.9	1162.7	1348.6	1487.2	1264.5	1305.6	1034.9	2106.1	1110.4	1187.6	1509.4	1671.9	1612.4	1350.1	1352	1279.3	1436.2	1204.4	1123.5	1664.6	1646.7	2075.3	1922.4
Ttll5	350.7	540.1	320.5	373.8	559.1	457.2	476.5	611	572	578.3	683.5	663	352.7	414.5	543.2	549.5	262.9	353.6	615.9	579.7	343.7	429.1	269.1	245.9
Zfp715	936.5	676.9	1095.6	903.1	709.3	862.2	1125.8	1094.7	1290.8	850.5	967	778.4	694.3	533.3	576.7	859.1	914.7	1082.6	934.5	719.5	264.2	278.7	478.4	496.3
Cdh23	103.9	149.3	60.7	117.4	0	23.3	27	11.7	30.8	0	6.7	0	0	0	0	0	0	0	0	0	11.1	13.3	13.4	11
Rps5	17605.6	13873.2	18311.9	17115.8	14996.6	14299.1	14393.8	13448.4	15796.6	15834.4	18099.3	25321.9	15004.4	15610.7	13706.4	19026.8	14673.4	15488.6	18345.4	21423.4	4493.3	4498.3	6825.9	6059.2
Adgrl1	239.4	379.8	331.8	543.4	689.2	720.8	678.3	728.5	769.1	762.1	1050	727.4	288.1	256.8	438.4	294.5	221.7	165.9	102.2	200.1	55.7	64.2	13.4	12.3
Etv5	789.5	603	604.3	468.4	805.1	770.2	414.6	498.4	254.7	157.9	469.6	297	245	544.3	240.3	440.2	276.2	273.6	234.2	201.4	572.1	562.2	69.8	53.7
Gfod2	13.6	83.4	17.6	82.6	63.6	5.5	18	51.9	12.3	13.6	58.3	14.3	21.5	62.4	32	71.8	54.5	46.6	54.7	23.1	101.8	125.3	74.5	78.9
Enkd1	19.9	88.5	81.9	282.5	163.7	155.1	300.7	122.4	188.9	174.2	246	402.6	71	173.1	150	307.6	180.5	307	285.3	361.7	432.1	393.8	385.1	399.2
Atp6v0d1	971.1	806.4	871.1	920.4	1305.5	956.9	857.1	689.3	1137.8	777	709.7	821.3	881.9	1329.3	965.6	849	736.6	378.3	935.7	942.7	718.5	746.2	1189	1144.7
Ptprs	772.7	606.7	847.1	317.3	744.3	697.5	645.3	490.5	782.5	507.6	750.1	465.2	576.2	685.9	546.2	517.1	583.9	435.1	435.2	718.2	4450.4	4563.3	1053.4	1241.1
Slc41a1	448.3	298.6	395.3	408.6	306.7	693.3	646.3	411.2	170.5	279	245.3	157.5	537.9	290.5	483.5	308.6	241.1	259	419.7	175.7	282.5	271.7	240.9	168.9
Nelfb	1150.7	601.5	492	462.9	708.5	963.8	572.4	512.1	672.6	724	450.9	392.8	668.8	445.3	346.6	754.9	586.4	731.9	556.4	729.8	2131.7	2110.2	1896.9	1965.2
Tmem175	194.2	232.7	305.7	353.2	115.1	237.5	18	462.2	190	359.3	330.5	383.8	148.4	162.9	335	174.1	368.3	122.2	200.9	380.9	434.5	404	745.5	735.1
Tango2	426.3	359.3	426.4	373.8	301	328.1	296.7	291.8	764	642.3	797.2	926	283.3	196.6	298.6	393.7	347.7	355.1	311.5	324.5	261.8	223.9	419.4	298.9
Ndufs2	862	1104.3	1186.7	1418.2	1370.6	1401.8	1429.5	1368.8	1388.4	1273.7	1717.8	2175.9	1280.1	1334.4	1642.8	2020.9	1599.2	1088.5	1619.3	1787.8	2463.5	2347.4	3209.3	3042.5
Atraid	431.5	268.6	394.6	313	296	458.6	400.6	294.7	397.4	145.6	280.4	120.8	330.4	158.5	426.7	266.1	420.4	187.7	189	391.2	712.2	684.3	693.1	709.2
Cad	722.3	557.6	817.5	711.8	1297	704.3	839.1	1269.9	1335	1501	1705.1	1904.8	1307.2	1216.3	1197.2	1855.9	833.5	647.5	1469.5	1648	3260	3054.5	2174	2394.2
Sh3bp5l	275.1	229.8	225.2	189.1	194.5	221	214.8	184.1	216.7	168.7	307.4	421.4	195.5	157.7	234.5	244.9	176.9	298.3	269.9	196.2	592.8	586.5	406.6	534.5
Atad1	1443.6	1469.4	1574.2	1408.4	1879	1968.8	1576.3	1662.6	1578.3	1807.2	1492.7	848.2	1918.6	2087.8	2062.3	1462.3	1613.7	1474.1	1238.9	1292.8	1379.7	1353.8	1474.1	1531
Pten	1727.1	2110.5	1778.2	1735.5	2259.3	2130.8	1973.9	1999.4	1940.8	2043.9	1730.5	1389.5	2203.5	2337.9	2333.2	1844.8	2931.8	2827.4	1940.4	1709.6	4028.6	3911.9	2252.5	2162.5
Pea15a	210	144.2	197.7	206.5	155.1	107.1	55.9	173.3	80.1	54.4	105.4	136	91	83.6	64.1	161.9	83.6	27.6	143.9	248.8	314.3	317.9	104.7	111.9
Timm23	223.6	242.2	795.6	833.5	548.4	479.2	793.2	791.1	786.6	847.8	763.5	1143.4	500.4	385.9	1026.8	866.2	307.7	758.1	564.7	893.9	32.6	36.8	35.6	37.5
Tnfaip8l2	60.9	13.2	38.1	20.6	0.7	11	40	44.1	35.9	133.4	125.6	167.3	117.3	69	83	102.2	146.6	37.8	200.9	89.8	702.6	781.4	738.7	702.7
Trnt1	502.9	690.8	578.2	762.9	669.2	683.7	634.3	783.3	487.8	608.3	570.6	566.3	869.1	666.1	619	654.7	300.4	423.4	413.8	820.8	616.7	603.7	1020.6	858.7
Ehmt2	384.3	202	225.9	432.5	361.8	429.7	370.6	280	431.3	281.7	424	285.4	310.4	288.3	298.6	227.7	340.4	369.6	330.5	352.7	1577.1	1551.9	1322.5	1576.9
Elof1	290.8	320.5	350.1	382.5	391.8	458.6	381.6	455.3	419	438.2	714.2	606.6	221.9	447.5	495.2	720.5	318.6	250.3	438.7	645.1	1450.6	1465	1195	899.4
Med16	938.6	618.4	674.9	715.1	781.5	771.6	687.3	565.9	613.1	668.2	752.3	964.5	659.2	570.7	608.8	860.2	648.1	596.6	787.1	964.5	2000.4	2089.8	1645.9	1558.1
St3gal1	3434.2	3009.8	4722.7	4605.5	2453.8	3244.2	3153.7	2927.6	1346.2	1819.4	2447.7	2430.9	1332.8	1454.7	1711.3	2082.6	620.3	925.5	850.1	846.5	145.6	131.5	131.5	162.4
Tmem259	612.1	459.6	444.7	508.6	657.8	292.4	418.6	565.9	283.4	574.3	714.9	679.1	247.4	316.9	428.2	671.9	292	426.4	527.9	810.6	218	280.3	220.8	289.2
Rnf170	442	794.7	305.7	461.9	380.4	260.9	453.5	252.6	340.9	409.6	566.1	348.9	517.9	510.6	503.9	502.9	499.1	439.5	486.3	220.6	90.7	83	149.6	105.5
Clip3	183.7	220.3	187.8	170.6	45	54.9	29	26.4	0	0	0	0	51.1	0	0	0	0	0	0	0	10.3	12.5	1.3	0
Dedd	286.6	218.8	253.4	277.1	230.2	185.3	241.7	272.2	129.4	303.5	193.7	201.3	268.2	260.4	238.9	304.6	310.1	282.3	337.7	192.4	68.4	59.5	65.8	49.2
Mcemp1	11.5	5.9	27.5	1.1	0	0	35	33.3	1	9.5	0	86.8	0	39.6	27.7	35.4	19.4	26.2	0	60.3	31	39.2	307.3	284.7
Nit1	337	409.8	385.4	551	213.8	164.8	350.6	285.9	428.2	376.9	136.1	128.8	253.8	252.4	206.8	307.6	344.1	314.3	222.3	246.2	248.3	228.6	334.1	348.1
Pax5	0	0	0.7	79.3	105.1	0	7	147.8	10.3	40.8	2.2	18.8	12.8	59.4	125.3	0	8.5	122.2	0	466.8	533.1	559.8	0	0
Prdm15	213.1	183.7	163.1	115.2	193	219.7	89.9	121.4	259.8	66.7	118.9	254.1	55.9	198.8	203.9	144.7	237.4	71.3	97.5	171.9	183	172.3	136.2	105.5
Rnf168	1223.1	1461.4	1140.1	1546.4	1886.1	1966	1561.3	1785.9	2028.1	2099.7	1626.6	2421.1	1877.8	1856	2254.5	1644.4	2189.1	2504.3	2133	1377.4	930.2	992.8	801.8	989.4
Tctex1d2	673	562.7	597.9	486.8	565.5	756.5	871.1	470	385.1	434.1	115.2	202.2	677.6	681.5	547.6	603.1	915.9	784.3	390	645.1	135.3	146.4	309.3	260.1
Chp1	1067.7	960.8	1450	1117.1	868	1429.2	1397.5	1137.8	1003.3	1130.8	1663.2	1378.7	970.4	926.5	1658.9	1301.4	1132.7	1107.4	1260.3	832.4	806.8	774.4	814.6	751.9
Klhl3	181.6	238.6	52.2	166.3	149.4	49.4	68.9	88.1	0	16.3	0	8.9	131.7	112.2	40.8	75.9	163.5	72.8	186.7	53.9	9.5	3.9	47	25.2
Tvp23b	732.8	608.1	651.6	334.7	722.1	306.2	581.4	482.7	810.2	460	302.1	346.2	233	495.9	522.9	173	528.2	576.2	199.7	341.2	405.8	389.2	775.6	831.5
Dnajc7	1168.5	1026.7	686.9	908.5	840.1	822.4	655.3	672.7	763	583.8	734.4	695.2	795.7	1098.9	531.6	619.3	955.9	611.2	557.6	941.4	2570.9	2645	1078.3	1140.8
Cacybp	1223.1	1394.1	1223.4	991.1	2076.3	1301.5	1557.4	1755.6	2182.1	2158.2	1463.5	1418.1	1997.6	2414.2	2639	1514.9	2019.5	1641.4	1385.1	2345.7	2453.1	2406.9	5235.6	4774.1
Cluap1	449.4	485.2	302.8	314.1	378.9	613.7	241.7	426.9	498	336.1	201.2	241.6	534.7	398.3	225.7	471.6	292	461.3	325.8	559.2	154.4	140.9	225.4	159.8
Zswim7	10.5	74.6	128.5	88	0.7	140	84.9	144.9	26.7	142.9	106.9	78.7	39.1	24.2	24.8	100.2	53.3	64	71.3	29.5	43.8	60.3	66.4	84.8
Pigl	72.4	56.3	19.1	10.9	1.4	90.6	49.9	38.2	0	35.4	61.3	114.5	59.1	81.4	0	15.2	48.5	33.5	11.9	60.3	181.4	126.8	159	124.9
Ndufa2	1467.7	1049.4	2023.2	1617	1347	1386.7	2033.8	1509.8	1430.5	1779.9	2455.2	3796.2	1170	1587.5	1674.9	2412.5	1337.5	1816	1859.5	2248.3	979.5	930.2	952.8	922.1
Pam16	365.4	300	522.4	741.1	296	297.9	532.4	402.4	272.1	613.7	693.2	740.8	308.1	477.6	477.7	546.5	300.4	259	550.5	543.8	9.5	8.6	3.4	3.2
Glis2	423.1	484.4	353	526	62.9	237.5	350.6	230.1	78	77.6	73.3	64.4	299.3	118.8	206.8	247.9	222.9	237.2	311.5	279.6	40.6	61.9	10.7	0
Cox6c	4077.8	3502.3	3817.7	3120	5716.2	5630.4	4340.4	4287.6	7177.9	5305.8	6497.3	7080.7	5576.9	7007.9	5429.5	6104.1	5803	4742.3	5824.6	5036.5	1051.9	1064.1	1363.4	1201
Ube2z	1500.3	1036.9	1171.9	857.4	995.2	974.8	1250.7	1065.3	932.4	1286	1379	940.3	1324.8	1245.6	1133.1	932	1112.1	887.6	1099.8	767	896	902.8	698.5	561
Tmem87b	318.1	403.2	292.3	349.9	211.6	560.2	373.6	248.7	105.8	223.2	133.1	59.1	279.3	257.5	219.9	162.9	407.1	385.6	266.3	89.8	128.9	141.7	191.2	176.7
Anapc1	1686.1	1752.6	1405.5	1442.1	1494.3	1614.6	993.9	1477.5	1884.3	1141.7	1038	1007.4	955.3	1767.2	1353	1168.8	1146.1	1423.1	1287.6	1201.7	2966.4	3007.5	3067.7	2955.8
Tsg101	956.4	599.3	902.9	489	579.8	875.9	668.3	940.9	1033	845.1	610.2	659.4	1129.3	696.9	1224.8	747.8	752.3	1113.2	740.7	781.1	760.7	750.9	572.3	566.2
Hps5	569	390.8	350.8	484.7	450.4	288.3	808.1	398.5	324.5	262.6	489.8	639.7	360.7	536.2	559.3	340	585.1	234.3	267.5	347.6	620.6	592.7	558.9	432.2
Map3k4	301.3	401	654.4	657.5	257.4	459.9	289.7	707.9	177.7	417.8	533.2	491.2	488.4	385.9	489.4	679	497.9	342	577.8	524.6	780.6	830	495.9	643.2
Piezo1	337	340.3	290.8	243.4	317.4	318.5	302.7	447.5	541.2	560.7	501.1	524.3	450.9	563.4	471.9	562.6	346.5	480.2	442.3	647.7	843.4	768.1	397.2	453.6
Blk	0	0	10.6	0	103.7	0	0	2.9	27.7	19.1	31.4	56.4	0	0	16	0	27.9	13.1	0	135.9	1334.4	1357.7	0	4.5
Rnf166	1544.4	1666.3	1553.8	1944.1	1500	1503.4	1518.4	1492.2	1214.8	1390.7	1703.6	1105	1457.3	1160.5	1280.2	1309.5	1629.4	1644.3	1731.1	1294.1	1386.9	1457.9	1099.1	1127.2
Ankrd28	759.1	485.2	777.2	559.7	1063.2	821	833.1	656	536	940.3	899.7	774.8	744.6	1273.5	926.3	580.9	1352	1018.6	911.9	643.8	853	772.8	1018.5	1125.9
Ankrd52	33.6	45.4	14.8	164.1	52.9	33	2	57.8	66.7	31.3	119.7	80.5	73.4	209.8	69.9	30.4	66.6	56.8	39.2	74.4	229.2	234.9	136.9	175.4
Srp19	1352.3	1406.5	1147.1	968.3	1160.4	1125.8	1262.7	1242.5	2103.1	1377.1	1486.7	901.9	1156.4	1473	1792.9	1639.4	1344.7	1597.8	1466	1322.3	838.7	875.4	1123.9	1097.4
Klra17	0	0	0	0	0	0	0	7.8	0	0	0	0	0	0	0	0	0	0	0	7.7	304.8	293.6	0	0
Wdfy2	12.6	29.3	0	0	0	0	0	0	0	2.7	44.1	0	85.4	0	0	26.3	9.7	0	25	12.8	138.5	113.5	132.9	150.8
Rbsn	375.9	334.4	245.7	292.3	384.7	416	338.6	376	600.7	259.9	332	637.9	385.5	445.3	359.7	238.8	304.1	471.5	252.1	315.5	529.1	509	474.4	419.9
Mrps25	627.8	409.1	691.8	743.3	785	591.7	929	659	535	556.6	862.3	1116.6	614.5	729.2	700.5	741.8	500.3	410.4	555.2	673.3	305.5	307.7	615.3	478.2
Dguok	1175.9	835	1077.3	1279.1	1161.1	1000.9	758.2	1104.5	738.3	854.6	1099.3	890.2	708.7	690.3	930.7	975.5	780.2	812	1046.3	999.1	545.1	550.5	457.6	419.3
Camta1	223.6	320.5	461	323.8	444	256.7	651.3	487.6	610	834.2	825.6	510.9	574.6	505.4	543.2	651.7	352.5	486	464.9	356.5	165.5	151.9	208.7	172.1
Csf1	96.6	177.1	100.2	161.9	18.6	114	174.8	116.5	49.3	107.5	28.4	41.2	52.7	76.3	94.7	77.9	124.8	115	54.7	111.6	237.1	210.6	100	130.7
Strip1	865.1	563.5	667.8	698.8	609.9	661.8	494.5	607.1	459	411	711.9	879.5	663.2	645.6	415.1	687.1	856.5	494.8	612.3	736.2	940.5	1000.7	975.6	1180.9
Slc25a11	1193.7	1153.3	1531.2	1601.8	953.8	843	1578.3	1138.7	669.5	1173	1092.6	1319.7	424.6	851	1171	1126.3	700.2	857.1	821.6	1178.6	1808.6	1859.6	2125	1943.2
Cmc2	225.7	243.7	201.2	155.4	461.2	318.5	321.7	244.8	694.2	446.3	433	716.7	259.4	493.7	377.2	426	275	553	376.9	430.9	436	445.5	340.9	305.4
Chfr	218.4	163.2	338.8	231.5	120.8	321.3	231.8	237	363.5	398.7	392.6	574.4	391.9	399.8	250.5	411.9	434.9	381.2	365	389.9	825.1	795.5	1030.6	1098.1
Tex261	1964.3	2048.3	1908.1	1890.9	1964.8	1698.3	2175.7	1728.2	1684.1	2099.7	2296.6	2795.9	1782.9	2070.2	2092.9	1710.2	1616.1	2187.1	1715.6	1267.1	1791.1	1777.4	2172	2104.3
Fam120b	345.4	183.7	265.4	228.2	46.5	175.7	160.8	183.1	362.5	182.3	223.6	280.9	253.8	144.5	182.1	184.2	88.4	184.8	224.7	203.9	559.4	476.1	652.2	432.9
Tbp	332.8	360	338.1	242.3	451.1	648	529.4	306.5	846.2	421.9	243	276.5	410.2	297.1	448.6	222.6	273.8	491.8	233	278.3	607.1	497.2	760.9	790.1
Psmb1	2252	2094.4	2816.7	2490.7	2139.2	2166.5	3112.7	2595.7	2011.7	3614.3	3505.9	4111.2	2439.7	2633.6	3413.9	3762.4	1647.6	3016.5	3170.9	3633.4	2807.2	2778.1	3905.1	3698
Pdcd2	587.9	380.5	410.1	551	340.3	366.6	537.4	529.7	615.1	477.6	501.8	452.7	376.7	463.6	629.2	728.6	352.5	496.2	556.4	468.1	0	0	0	0
Fhod1	1506.6	910.3	756.8	944.4	647.8	827.9	494.5	651.1	406.6	623.3	865.3	1079	621.7	521.6	473.3	1052.4	554.9	449.6	714.6	686.2	17.5	17.2	16.8	16.8
4931428F04Rik	43	106.1	57.9	182.6	145.9	219.7	91.9	159.6	168.4	85.7	169.8	59.1	53.5	85.1	59.7	131.6	145.4	46.6	220	161.6	121.7	153.5	71.1	101.6
Msh3	644.6	574.5	457.4	396.7	708.5	679.6	509.5	463.1	781.5	379.7	591.5	553.8	470.1	487.1	569.5	470.6	783.8	603.9	638.5	473.3	518.8	605.3	330.8	575.2
Tmem208	432.6	377.6	287.3	392.3	171.6	314.4	420.6	364.2	918	492.6	453.9	579.8	233	250.2	342.3	415.9	311.3	224.1	366.2	447.6	398.6	401.7	642.8	566.8
E2f4	625.7	379.1	534.4	479.2	424.7	549.2	475.5	637.4	656.2	560.7	363.5	256.8	483.6	410.8	310.2	730.6	449.5	298.3	391.2	683.6	2430.9	2517.4	1886.1	1949
Surf4	1386.9	1176	1610.9	1384.5	928.8	1249.4	1362.6	1280.7	1188.1	1643.9	1738.7	1844.9	1767.7	1288.9	1319.5	2261.7	972.8	1450.8	1386.3	1822.5	4960.4	4982.2	11709.9	10765.3
Surf2	228.9	270	344.5	334.7	266.7	292.4	366.6	286.9	173.5	236.8	267.7	496.6	225.9	333.8	285.5	300.6	218.1	132.4	268.7	253.9	267.4	288.1	314	265.3
Dnajb9	758	728.9	805.5	572.7	649.2	378.9	624.3	552.2	648	642.3	518.3	374.9	978.4	410.8	636.5	691.2	265.3	961.9	475.6	314.2	222	227.1	334.8	291.2
Naf1	688.7	550.3	623.3	799.8	480.5	517.6	773.2	1014.4	953	807	1067.9	1325.1	620.1	919.9	991.8	946.2	525.8	343.4	680.1	687.4	36.6	49.3	64.4	44
Yes1	70.3	278.8	111.5	127.1	45.8	116.7	10	120.4	13.3	84.4	0.7	0	62.2	50.6	0	1	192.6	64	105.8	51.3	36.6	36	12.7	0
Ppp1cb	1137	1896.1	1240.3	961.7	2004.1	2229.6	1337.6	1731.1	2516.9	1990.9	1276.6	1314.3	2089.3	2316.7	1561.3	1126.3	1962.6	1340.2	1317.4	1622.4	3241.7	3371.6	4137.2	4275.2
Gorasp2	807.4	1070.6	1226.2	873.7	1063.2	808.7	1350.6	1028.1	1126.5	1171.7	1349.9	2192.9	1527.5	1566.2	981.6	1174.9	873.5	739.2	1124.7	1038.8	2530.3	2569.8	6184.4	6290.2
Tsen15	569	476.4	552.7	419.5	529.1	759.2	723.2	540.5	729.1	616.4	560.9	553.8	364.7	448.2	254.9	620.3	410.7	487.5	369.8	582.3	127.3	147.2	113.4	122.3
Efr3a	2077.7	2706.9	2588.7	2702.7	2324.4	2177.5	2754.1	2818.9	2161.6	2220.8	2079	2140.1	2836.3	2430.4	2390	2102.8	2519.9	2275.9	2054.5	1984.1	2029.8	2160.3	2084.7	2141.2
Trappc2l	177.4	262	539.3	589	278.1	310.3	406.6	375	160.2	345.6	562.4	532.3	221.1	257.5	180.6	384.5	195	257.6	409	327	274.5	271.7	336.2	337.8
Acsf3	74.5	50.5	60	26.1	45	34.3	68.9	51.9	42.1	53.1	98	17	24.7	96.8	42.2	25.3	26.7	59.7	80.8	234.7	156	185.6	191.2	176.7
Ddx19a	478.7	464.7	874.7	735.7	693.5	440.7	770.2	789.2	702.4	782.5	707.5	858	1024.7	562.7	954	616.3	656.6	878.9	708.6	825.9	280.1	286.6	224.1	227.8
Galns	214.2	112.7	250.6	252.1	143	71.4	269.7	164.5	130.4	119.8	101	231.7	49.5	223.7	138.4	264.1	185.4	171.7	178.3	268	435.2	521.5	1749.2	1743.9
Gata2	6124	5377.2	7073.5	6203	4083.2	5369.5	5860.8	5394.1	5963.1	7922.6	5506.4	3221.8	2616.9	2728.2	3510	2654.4	659	918.2	589.7	489.9	607.9	697.7	565.6	693
Rabl6	1277.7	1569.7	1839	1830	1357.7	995.4	2194.7	2526.2	1535.2	2118.8	2804.4	2836.2	1513.9	1503.8	2037.5	3028.8	1250.2	2045.9	2562.2	2694.6	1137.9	1157.3	1166.2	1206.8
Edf1	457.8	630.8	429.2	554.2	322.5	568.4	590.4	471.9	917	582.4	809.9	551.1	388.7	461.4	508.3	809.6	582.7	528.2	577.8	905.5	994.6	1023.4	1242.6	1133
Npdc1	433.6	101	293.7	570.5	304.6	153.8	356.6	227.2	56.5	65.3	45.6	281.8	23.1	16.9	69.9	1	46	62.6	16.6	43.6	4	8.6	0	3.9
Fbxw5	182.7	234.2	234.4	201	223.8	409.1	154.8	239.9	188.9	213.6	202.7	247.8	324	192.9	177.7	208.5	476.1	144.1	161.7	386	930.2	1068	1146	908.5
Slc25a13	254.1	330.8	482.9	411.9	593.4	361.1	507.5	377.9	509.3	670.9	671.6	507.3	574.6	735.8	702	626.4	611.8	491.8	650.4	619.5	404.2	442.4	1256.1	1618.3
Ube2i	816.8	1188.4	692.5	781.3	1041.7	918.5	724.2	851.8	1528	929.4	1312.5	1404.7	1383	1537.6	1137.5	1436	1029.8	909.5	1399.4	1342.8	463.1	451.8	230.8	219.4
Tsr3	310.8	218.1	277.4	301	276	141.4	145.8	169.4	96.5	193.2	160.8	229	332	209.8	158.7	248.9	368.3	203.7	260.4	420.7	249.9	255.3	273.1	242
Unkl	579.5	526.9	747.6	507.5	419	269.1	584.4	448.4	247.5	423.2	294.6	93.9	289.7	235.5	431.1	190.2	213.2	429.3	391.2	337.3	123.3	108.1	21.5	29.1
Lrrk1	942.8	671.8	515.3	619.4	571.3	459.9	449.5	415.2	359.4	548.4	552.7	304.2	312	427.7	371.4	537.3	580.3	464.2	337.7	484.8	880.8	998.3	418	462
Actn1	597.4	599.3	740.5	731.4	727.1	667.2	959	983.1	492.9	900.9	900.4	802.5	722.2	511.3	747.1	908.7	576.7	921.1	867.9	598.9	34.2	35.2	43.6	48.5
Sirt2	750.7	523.2	693.9	419.5	708.5	432.5	525.4	395.6	671.6	530.7	418.8	385.6	402.2	375.6	300	519.1	496.7	267.7	265.1	433.5	641.3	646.8	727.3	760.3
Hnrnpl	1635.7	1364	1327.2	1587.7	1750.3	1239.8	1747.1	1563.7	1650.2	1710.5	1448.6	1611.4	1254.6	2223.5	1561.3	1524	1259.9	1330	1481.4	2017.4	5308.9	5829.4	3776.9	3602.9
Nolc1	1301.9	1482.6	1060.3	859.6	1779.6	1500.6	1106.8	1877	1877.1	2098.4	1509.9	1928.1	1736.6	1620.5	1887.5	1435	1278.1	1378	1294.8	1831.5	3010.1	3041.2	3515.9	3248.3
Casd1	1171.7	1135.7	1906.7	1871.3	1194	1499.2	2058.8	1447.2	1211.7	1710.5	1574.2	951.1	1245	684.4	1538	1153.6	1135.2	958.9	1053.4	893.9	815.6	909.8	1066.2	809.5
Cnksr3	643.6	352.7	590.9	557.5	454	461.3	384.6	506.2	369.7	330.7	200.4	464.4	258.6	457.8	336.4	368.4	472.5	625.7	371	264.2	245.9	234.9	210	134.6
Mtmr1	239.4	327.8	216	542.3	446.1	429.7	528.4	344.7	601.8	409.6	196.7	253.2	233.8	176.8	240.3	187.2	386.5	232.8	413.8	413	1317.7	1307.6	1273.5	1131.1
Hmgb3	4654.2	4147.8	3873.5	3573.1	5447.4	6349.8	7429.1	6343.8	12084.4	9078	9294.9	10276.5	5929.6	6448.2	5645.1	4907	4263.2	3191.1	2687	2082.8	427.3	405.6	260.3	274.4
Cyp2j9	502.9	304.4	244.3	242.3	101.5	240.3	373.6	73.4	48.3	89.8	107.7	95.7	217.9	223.7	243.2	194.3	380.4	237.2	224.7	115.4	120.2	129.2	38.9	37.5
Abca1	761.2	624.9	952.3	631.4	777.2	864.9	740.2	562	385.1	417.8	443.5	145.8	65.4	598.6	420.9	243.9	775.3	873.1	524.3	436.1	288.8	261.5	0.7	5.2
Nipsnap3b	719.2	622	753.9	954.1	769.3	700.2	906	510.1	978.6	1151.2	942.3	841.9	507.6	1020.4	1219	1131.4	711.1	1183	774	863.1	942.1	1061.8	1705.6	1589.9
Lage3	855.7	660.1	925.5	765	1290.5	976.2	627.3	868.5	871.8	734.8	1171.1	1208.7	1135.6	997.7	1105.4	1150.6	1142.4	688.3	983.3	819.5	490.2	490.9	496.5	416.7
Ubl4a	245.7	422.2	506.2	376	554.1	641.2	698.3	415.2	419	436.8	697	775.7	487.6	464.4	225.7	681	375.6	471.5	621.8	584.8	748	805.7	1052.8	961.5
Gdi1	806.3	824	804.8	704.2	732.1	731.8	651.3	841.1	808.2	1072.3	553.4	278.3	755.8	386.6	779.2	643.6	695.4	794.5	933.3	706.7	728.9	826.1	375.1	375.3
Sash1	790.6	993.8	593	529.2	309.6	402.3	380.6	438.7	344	232.7	199.7	187.9	505.2	402	224.3	373.4	375.6	283.8	278.2	239.8	16.7	17.2	1.3	1.9
Gadd45b	45.1	57.8	31.8	3.3	0	34.3	23	51.9	0	29.9	23.2	0	71	190.7	26.2	15.2	119.9	58.2	44	55.1	397.1	416.6	480.4	446.5
Slamf6	0	0	0	0	0	0	0	84.2	0	6.8	12	3.6	0	0	1.5	38.5	21.8	66.9	36.9	159	1308.9	1331.1	16.8	8.4
Slamf1	370.6	374.7	372	341.2	371.1	199.1	281.7	202.7	264.9	164.7	273	37.6	63.8	21.3	17.5	13.2	0	0	0	16.7	23.9	15.7	5.4	0
Zdhhc12	107.1	139	105.2	110.8	227.4	52.2	227.8	64.6	19.5	32.7	103.2	93.9	71.8	146.7	84.5	108.3	129.6	88.8	130.8	278.3	159.1	192.6	239.5	283.4
Endog	34.6	27.8	33.9	79.3	0	83.7	0	30.4	57.5	27.2	62.8	62.6	122.1	72.6	83	6.1	101.8	2.9	10.7	106.4	96.3	114.3	276.4	229.7
Cybb	23.1	14.6	194.1	56.5	25.7	0	762.2	414.2	140.7	172.8	70.3	265.7	18.4	308.8	249	120.4	6.1	30.6	67.8	888.8	4054.9	3973	2380.6	2173.5
Golga7	544.9	464	873.2	977	481.2	558.8	1133.8	782.3	414.9	815.1	862.3	836.5	643.2	727.7	825.8	992.7	628.8	871.6	916.7	909.3	800.5	770.5	1288.9	1279.9
Xk	375.9	401.8	437	568.4	273.1	286.9	271.7	355.4	314.2	311.6	564.6	438.4	104.5	289.8	265.1	370.4	220.5	295.4	223.5	251.4	109.8	79.9	518	469.8
Cd48	2.1	0	32.5	36.9	8.6	67.3	455.5	282	585.3	1672.4	433.7	331	1305.6	1250.8	2448.2	1203.2	1346	1929.5	986.8	1353.1	1976.5	2020.1	2866.4	2576
Clpx	210	423.7	456	409.7	392.5	738.6	190.8	303.5	427.2	359.3	184.7	76.9	189.1	338.2	345.2	242.9	621.5	407.4	166.5	437.3	720.1	676.5	893.7	828.9
Trabd	432.6	354.9	310.6	361.9	265.3	173	251.7	288.8	247.5	303.5	169	229	228.2	364.6	412.2	206.4	311.3	474.4	193.8	346.3	1328.8	1320.9	1850.6	2151.5
Cd83	58.8	0	21.2	7.6	0	0	0	3.9	0	47.6	0	0	0	0	13.1	0	0	0	15.5	43.6	214	207.5	0.7	12.9
Gzmb	0	0	0	0	0	0	16	17.6	0	46.3	3	0	0	74.8	83	4	0	0	0	11.5	35	32.9	66.4	84.1
Atf6b	299.2	256.9	503.3	685.7	378.9	285.6	384.6	598.3	355.3	600.1	439	524.3	345.6	311.8	671.4	660.8	467.6	368.2	587.3	250.1	2620.2	2673.2	2198.8	2095.9
Ppt2	709.7	186.6	477.2	313	690	472.3	737.2	308.4	419	259.9	273.7	280.9	424.6	504	333.5	284.4	289.5	563.1	336.5	528.4	144	169.9	229.5	186.4
Rnf5	442	376.9	317	181.5	288.9	444.8	592.4	229.1	259.8	466.8	63.6	66.2	454.9	410.8	415.1	100.2	308.9	323	61.8	173.1	370	338.3	334.8	260.1
Cacfd1	206.8	90.7	230.8	180.4	233.8	232	122.9	93	193.1	183.7	207.2	321.2	216.3	267	132.5	155.8	300.4	212.5	202.1	123.1	613.5	577.1	393.9	433.5
Hivep2	322.3	265.6	173	232.6	232.4	109.8	55.9	244.8	204.4	153.8	347.7	58.2	118.1	171.7	195.2	168	219.3	379.8	311.5	228.3	256.2	277.2	2	27.8
Arnt	464.1	616.9	561.9	405.3	234.5	479.2	176.8	395.6	471.3	243.6	264.7	184.3	239.4	399.8	212.6	420	490.6	293.9	355.5	198.8	696.2	621.7	605.2	571.4
Mocs2	584.8	416.4	540.7	444.5	429.7	682.3	397.6	338.8	408.7	646.4	339.5	425	393.4	527.4	572.4	352.2	564.5	430.7	373.3	262.9	294.4	390.7	420.7	407
Nat9	154.3	79.8	86.1	135.8	45	145.5	4	27.4	16.4	35.4	29.9	175.4	52.7	46.9	27.7	48.6	157.5	5.8	46.4	88.5	152.8	158.9	198.6	212.9
Lpl	378	269.3	527.3	491.2	186.6	269.1	564.4	374	70.9	257.2	267.7	353.4	60.7	125.4	241.8	208.5	46	147	47.6	224.4	105	128.4	163.7	142.4
Atp6v0e	1256.7	701.8	662.2	922.6	810.1	1013.2	1347.6	824.4	1696.4	1545.9	1033.5	1000.3	1219.4	1249.3	1514.7	991.7	1238.1	1071	1027.2	1265.9	1822.2	1880	2710.7	2304.2
Zfp318	936.5	1298.9	705.2	894.4	850.8	911.6	663.3	717.7	1090.6	487.2	543.7	700.6	446.9	490	493.7	467.5	682.1	408.9	456.6	459.1	124.9	123.7	79.8	55.6
Srf	1271.4	925	1047.6	875.9	855.1	687.8	1186.7	1142.7	856.4	1148.5	854.8	1018.2	993.6	1084.2	897.2	718.5	810.5	806.2	598	900.3	556.2	467.5	856.2	853.5
Gata3	938.6	808.6	778.6	747.7	474.7	735.9	598.4	431.8	157.1	272.2	296.1	132.4	351.1	249.4	192.2	190.2	261.7	84.4	105.8	92.3	91.5	94	0	0.6
Hspa8	9718.8	9726.9	9468.7	9288.1	14863.6	10590.8	12553.7	12210.8	12511.6	14034.1	12927.9	17552.3	14294.2	12753.3	14808.9	13517.7	12220.2	12012.3	12921.4	16497.2	2614.7	2597.2	5804	5933.6
Pdzd11	245.7	255.4	276	335.8	271.7	436.6	355.6	195.8	175.6	264	221.4	350.7	283.3	305.9	327.7	346.1	201.1	256.1	316.3	296.3	527.6	546.5	606.6	544.8
Psma2	3427.9	2833.5	3662.4	3557.9	3196.7	3106.9	4066.7	3685.5	4826.4	5141.1	4617.2	6134.1	4226.6	4860	5017.4	4389.9	3725.3	3089.3	4009.1	4638.9	2435.6	2538.5	3424.7	2970.7
Mrpl32	395.8	521	441.2	269.5	682.8	491.5	592.4	389.7	396.4	915.8	530.2	627.2	437.3	293.4	653.9	499.9	594.8	635.9	462.5	492.5	344.5	395.4	634.1	623.1
Setdb1	764.3	1014.3	949.5	1147.6	570.6	1083.2	1465.4	1218	936.5	1339	539.9	317.6	873.1	1456.9	1335.5	779.2	1365.3	842.5	778.8	961.9	940.5	884.8	1095	932.4
Anxa9	322.3	304.4	170.8	406.4	170.2	498.4	161.8	243.8	399.5	389.2	405.3	149.4	285.7	331.6	119.4	298.5	238.7	270.7	171.2	212.9	29.4	42.3	250.3	217.4
Prune	856.7	812.3	662.9	562.9	512.6	380.3	529.4	447.5	479.6	623.3	618.5	681.8	472.5	493	403.4	818.7	285.9	395.8	332.9	520.7	236.3	243.5	308.6	245.2
Cers2	1459.3	1429.2	2181.3	1998.5	1876.1	1823.3	1757.1	1918.1	1948	2034.4	1655.7	1086.2	1265.7	1783.3	1919.6	992.7	1171.5	1754.9	957.1	1321	2393.5	2291.1	4318.4	4435.7
Capza2	1609.5	2133.2	1583.4	1477.9	2330.1	2069	2441.4	1509.8	2119.5	2126.9	1561.5	1188.2	2507.5	2413.5	2219.6	1378.3	2776.7	2967.1	2103.2	2291.9	5495.1	5715.9	9253.4	8952.9
Plekho1	622.6	476.4	293.7	248.9	476.2	410.5	149.8	255.6	334.8	117	106.2	241.6	392.6	507.6	192.2	204.4	419.2	222.6	284.2	448.9	777.4	808.8	128.2	161.8
Vps45	133.3	341	139.8	75	59.3	248.5	183.8	86.2	221.8	138.8	99.5	273.8	73.4	121	174.8	96.1	98.1	136.8	102.2	214.2	350.9	333.6	534.8	462.7
Prpf3	274	412	406.6	557.5	649.9	402.3	428.5	536.6	570.9	425.9	673.8	574.4	295.3	545.8	540.3	540.4	339.2	219.7	464.9	504	830.7	732.1	759.5	586.2
Anp32e	2825.3	3061.1	4004.8	3528.6	4576.6	4821.7	5987.7	5695.6	8204.8	7631.4	7272.8	7426	4398.9	5708	5128.1	5424.1	4875	4975.2	4730.8	3739.9	9741	9117.3	5715.4	6035.2
Aph1a	347.5	227.6	392.5	402.1	454.7	392.7	446.5	502.3	392.3	450.4	685	650.4	250.6	360.9	396.1	815.6	633.6	238.6	589.7	295	44.6	47	52.3	52.4
Tab2	2343.4	2508.6	2752.4	3481.8	2466.7	2163.7	2415.4	2677	2647.3	2974.7	2740.1	1955.8	2689.5	2553.6	2623	3456.8	2317.6	3195.5	2897.5	2109.8	323.1	324.9	236.2	302.8
Ppil4	2158.6	2136.1	1087.1	1384.5	1331.3	1621.4	1005.9	1367.9	2079.4	1532.3	1603.4	1988.9	2457.2	1740.8	1791.4	1466.3	1773.6	1797.1	1647.9	1335.1	1001	923.2	978.3	950.5
Cnih1	1196.9	814.5	987.6	706.4	1259.1	1372.9	1614.3	1034.9	1339.1	1174.4	850.3	977	1592.1	1172.3	1141.8	587.9	1425.9	1197.6	1399.4	1059.4	1121.9	1177.6	2021.7	1954.2
Eps8	211	344.7	268.3	224.9	113.7	251.2	225.8	153.7	50.3	59.9	68.8	80.5	57.5	25.7	90.3	215.5	413.1	253.2	93.9	138.5	200.5	222.4	71.1	59.5
Med22	340.2	185.1	424.3	460.8	138.7	195	313.7	251.6	179.7	336.1	350	549.3	320.8	338.9	487.9	509	367.1	330.3	332.9	332.2	1143.4	1198	1320.5	1639.7
Surf1	267.7	188.1	93.9	90.2	175.2	227.9	86.9	82.2	250.6	100.7	118.2	560.1	125.3	332.3	123.8	221.6	187.8	208.1	127.2	325.8	358.9	315.5	552.9	520.2
Med28	1257.8	941.8	1546.7	1226.9	1094.6	1171.1	1386.5	1204.3	843.1	1377.1	1183.8	1624.8	1130.9	1061.5	1272.9	972.5	971.6	1149.6	1254.3	1448	1127.5	1136.9	1184.3	990.7
Qdpr	2356	2016.1	2402.3	2125.6	2670.4	2423.2	3044.8	2654.4	2768.5	2842.7	2963.7	3557.3	2857.9	2489.8	2912.8	3155.3	2477.5	2208.9	2721.5	2719	1032	1039	1050.8	958.3
Sqstm1	652	1031.8	1035.6	1232.3	639.2	509.4	688.3	657	578.1	714.4	704.5	938.5	787.7	845.8	671.4	1337.8	622.7	676.6	969	1053	3270.3	3197.8	2681.9	2753.9
Nfe2l2	791.6	1239.6	1272.1	1262.8	696.4	976.2	1045.9	940.9	1323.7	1051.9	583.3	558.3	1071.8	1010.9	1034.1	796.4	848	838.2	768.1	1380	962	926.3	1687.5	1885.6
Rxra	185.8	104.6	199.8	179.3	42.2	27.5	178.8	95	25.7	12.2	29.9	17.9	66.2	70.4	36.4	43.5	69.1	224.1	103.4	88.5	153.6	201.2	39.6	67.9
Cd5l	129.1	67.3	23.3	35.9	70.1	16.5	74.9	38.2	88.3	145.6	249.8	43.8	51.9	0	21.8	53.6	0	163	22.6	64.1	88.3	90.8	9.4	0
Prpsap1	350.7	525.4	601.5	745.5	316	340.5	650.3	564	527.8	601.5	768	510.9	788.5	675.6	696.2	642.6	634.8	617	607.6	906.7	1335.2	1348.3	1520.4	1457.2
Ncapg	312.9	201.2	188.5	289.1	905.2	1128.6	874.1	786.2	2109.2	913.1	1601.1	1053.1	1106.1	1256.6	492.3	756.9	1406.5	564.6	1161.6	882.4	1419.5	1383.6	896.4	809.5
Lcorl	413.7	250.3	293.7	511.8	384.7	539.6	357.6	282	425.1	401.4	509.3	341.8	347.2	446.8	375.8	660.8	764.4	443.8	677.7	191.1	276.1	241.9	237.5	276.9
Lta4h	972.2	730.3	1099.1	1222.6	850.8	741.4	1158.8	1244.5	966.3	1321.3	955.7	1073.6	1293.7	1764.3	1436	1425.8	1044.3	1744.7	1331.6	1749.4	5224.6	5366.7	22291.2	23101.1
Dstn	523.9	581.8	693.9	1266	652.8	882.8	1077.9	925.3	1157.3	670.9	906.4	957.3	1014.3	990.3	696.2	824.7	367.1	529.7	646.8	507.9	615.9	581.8	9107.8	9021.5
H2afy	7058.4	7178.8	9714.4	8393.8	11313.1	11955.5	13595.6	14609.7	14613.6	16484.9	15760.8	15729.8	33520.4	31221.3	36633.3	36425.3	59735.6	64407.9	71375.9	56627.5	40720.8	41012.8	30844.1	30545
Gtf2ird2	139.6	185.1	69.2	120.6	87.2	122.2	230.8	154.7	88.3	62.6	51.6	141.4	154	170.9	155.8	76.9	53.3	81.5	187.9	135.9	153.6	170.7	213.4	119.1
Bola1	310.8	223.2	161	94.5	322.5	226.5	128.9	172.3	371.7	167.4	278.2	156.6	367.1	137.9	294.2	161.9	505.2	264.8	361.4	366.8	295.2	310.9	426.1	382.4
Gatsl2	181.6	210	186.4	234.7	178.7	151	107.9	199.7	40	190.5	65.1	26.8	122.1	114.4	152.9	172	94.5	20.4	86.8	103.9	210.1	204.4	65.1	68.6
Ncf1	113.4	122.2	105.2	126.1	96.5	42.6	175.8	308.4	137.6	342.9	317.1	422.3	413.4	383.7	387.4	534.3	1629.4	1612.3	2159.1	2163.6	2857.4	2982.5	5365.8	5704.6
Adss	2192.2	2222.4	2273.1	2113.7	2023.4	2150	2158.7	2141.4	1999.3	2479.4	1741	1815.4	2138.8	1885.3	1894.8	2277.9	2384.2	1996.5	2178.1	1753.2	1893	2070.3	3489.8	3706.4
Il17rb	1	0	4.9	0	0.7	0	0	0	24.6	25.9	32.9	0	23.1	35.2	78.6	70.8	48.5	26.2	8.3	64.1	230	247.4	118.1	63.4
Cacna1d	94.5	110.5	110.8	182.6	37.9	103	11	53.9	30.8	20.4	0	0	0	0	5.8	0	0	37.8	10.7	10.3	66	98.7	12.1	25.9
Chdh	0	0	7.1	0	0	0	15	0	111.9	32.7	22.4	19.7	318.4	442.4	209.7	127.5	231.4	279.4	132	259.1	1414	1378.9	1417.1	1813.1
Actr8	303.4	294.9	458.2	376	582	236.1	353.6	380.9	13.3	430	486.1	403.5	458.9	523	231.6	467.5	305.3	558.8	394.7	446.3	532.3	575.5	517.3	547.4
Fnta	1599	1482.6	2014.7	1805	1342.7	1027	1658.2	1301.3	1194.3	1345.8	1447.1	1811.8	1286.5	966.9	1622.5	1174.9	1017.6	1395.5	1330.4	1351.8	773.4	920.8	1273.5	1619
Skiv2l2	814.7	1501.6	640.3	671.6	956.6	918.5	711.2	1017.3	1198.4	1170.3	761.3	1311.6	1127.7	1137.8	875.3	1162.7	1238.1	670.8	989.2	1027.3	1870.7	1691.3	2196.8	1894.6
Lbp	435.7	318.3	253.4	301	110.8	266.3	103.9	109.7	62.6	107.5	50.9	66.2	403	300.8	230.1	222.6	339.2	296.9	133.2	161.6	110.6	89.3	2954.3	2920.2
Celsr1	197.4	221	141.2	207.6	123.7	149.6	174.8	157.6	50.3	119.8	35.1	17.9	205.1	119.6	100.5	161.9	339.2	39.3	99.9	89.8	76.4	97.1	172.4	121.6
Fli1	2807.4	2965.9	3284	3024.3	2556.8	3646.5	3137.7	3069.6	2863	3105.4	2426	2117.8	1652	2158.9	1861.3	1171.8	1803.9	1884.4	1259.1	1612.1	1958.2	1960.6	2526.2	2962.9
Diexf	560.6	487.4	245	388	698.5	880.1	588.4	577.7	757.8	559.3	550.4	613.8	827.6	546.5	690.3	578.8	420.4	522.4	470.8	659.2	142.4	170.7	151	170.8
Hsd11b1	0	0	33.9	0	0	0	101.9	73.4	44.2	2.7	3	8.1	55.1	0	35	0	38.8	0	0	15.4	150.4	162.1	989.7	913
H2-M3	346.5	354.2	338.8	278.2	255.2	254	235.8	212.5	360.4	149.7	37.4	69.8	122.9	130.6	333.5	239.8	233.8	277.9	214	241.1	736.8	822.2	342.9	322.2
Lonrf3	235.2	395.9	64.9	107.6	92.2	137.3	70.9	162.5	56.5	164.7	181	200.4	181.2	133.5	196.6	113.3	169.6	48	159.3	160.3	7.2	3.1	42.9	80.2
Atp5e	2290.9	2421.5	2688.2	2404.9	2219.3	2892.8	3100.7	2611.4	2925.6	3272.8	3858.1	4763.4	1888.2	3486	2870.6	2606.8	3205.6	2644	2412.4	2458.6	1074.2	1057.8	1573.4	1340.7
Nelfcd	213.1	292.7	259.1	92.4	373.9	339.1	477.5	423	461.1	574.3	501.8	485.8	245.8	232.5	381.6	383.5	335.6	84.4	327	287.3	1624	1666.2	1500.3	1114.9
Ctsz	482.9	285.4	338.1	209.7	112.3	240.3	251.7	324.1	224.9	259.9	373.9	253.2	399	489.3	367	270.2	311.3	318.7	180.7	463	4919	4716	7119.7	7028.5
Slmo2	274	488.1	294.4	293.4	844.4	663.1	560.4	377.9	1186.1	1220.6	735.1	452.7	805.2	656.6	648.1	737.7	648.1	804.7	501.7	795.2	1172.1	1165.9	1549.3	1535.5
Ube2a	245.7	480.8	465.9	499.9	512.6	402.3	854.1	333.9	754.8	375.6	486.8	338.2	443.7	731.4	836	507	809.3	385.6	469.6	1000.4	1332	1400.8	1549.3	1579.5
Slc25a5	3262	3649.4	4149.5	4232.8	5539.6	7851.8	8727.8	6571	9524.4	9967.9	5141.4	3062.6	7979.9	8095.8	10675.6	5782.3	6758.8	7127.3	5745	7688.8	4415.4	4338.6	7628.3	7416.7
Ppdpf	469.3	430.3	481.4	562.9	316.7	230.7	492.5	368.2	213.6	385.1	328.3	299.7	470.9	542.1	259.2	333.9	407.1	358	531.5	704.1	631.8	678.9	338.2	287.3
Pls3	228.9	264.9	290.1	239.1	115.1	203.2	141.8	185.1	129.4	167.4	132.4	217.4	43.1	46.2	72.8	210.5	59.4	72.8	120.1	125.7	234.7	256	163.7	124.9
Mpped2	379	185.9	230.1	211.9	138.7	300.7	63.9	207.6	19.5	72.1	0	57.3	156.4	199.5	120.9	114.4	166	23.3	181.9	71.8	27.8	43.8	2	1.9
Nkap	791.6	611.8	592.3	602	1023.1	999.5	602.4	699.1	1126.5	1092.7	623	536.8	1083.8	933.9	623.3	554.6	1100	554.4	682.5	1019.6	701	628.8	418	549.4
Ndufa1	1470.9	1304.8	2035.2	1469.2	2641.1	2600.3	2789	2151.2	2711	3219.7	2968.2	1663.3	2847.5	2776.6	2725	2521.8	2375.7	1996.5	2147.2	2235.4	505.3	458.8	706.5	737
E2f3	848.3	570.1	354.4	327.1	461.9	621.9	857.1	373.1	654.1	650.5	458.4	269.3	542.7	572.2	719.5	380.5	604.5	633	288.9	428.4	405	490.2	360.3	354.6
Cr1l	1297.7	1045.7	1574.2	1232.3	1685.2	1327.6	929	1292.5	890.3	1099.5	897.4	830.3	947.3	1115.8	1252.5	967.4	1016.4	1404.2	1054.6	1074.8	693.1	637.4	928.6	759.7
Ppfibp1	354.9	524	318.4	493.4	236.7	135.9	417.6	593.4	253.6	386.5	373.9	501	197.1	238.4	381.6	173	308.9	385.6	353.1	493.8	253	280.3	218.1	328.7
Cd46	118.6	195.4	142.6	165.2	72.2	70	117.9	122.4	10.3	58.5	89	25.9	138.1	54.3	37.9	144.7	53.3	90.2	152.2	29.5	1.6	3.1	3.4	0
Cd34	437.8	531.3	795.6	1009.6	1723.1	1765.6	2488.4	2311.7	1912.1	2460.3	2574.8	2753.9	5604.8	4562.2	6052.9	8010.6	6424.5	6890.1	8861.2	6352.4	3126.3	3197	5312.1	5278.8
Plgrkt	2366.5	1833.1	2021.8	1423.6	1505.7	2015.5	1386.5	1489.3	1111.1	1718.7	1266.1	861.6	1525.9	1993.1	1698.2	1058.5	1629.4	1059.3	957.1	827.2	391.5	402.5	594.5	625.1
Cd274	284.5	365.2	192.7	146.7	220.9	344.6	190.8	109.7	214.6	81.6	88.2	38.5	274.5	100.5	189.3	46.5	80	193.5	30.9	64.1	93.9	102.6	55	60.8
Gtf3a	332.8	277.3	190.6	251	310.3	152.4	308.7	320.2	434.4	332	453.9	411.6	312	465.8	323.3	518.1	231.4	349.2	449.4	514.3	374	375.8	513.3	508
Mtif3	183.7	182.9	141.2	260.8	43.6	131.8	145.8	152.7	148.9	160.6	170.5	180.7	255.4	215.7	101.9	105.2	170.8	71.3	162.9	116.7	163.9	197.3	138.2	174.1
Lnx2	282.4	113.4	137.7	213	207.3	112.6	142.8	233	147.9	266.7	308.9	166.4	327.2	314	118	200.4	59.4	148.4	117.7	188.5	448	368.8	267	401.8
Dyrk3	163.8	130.3	236.5	102.2	230.2	271.8	103.9	172.3	97.6	219.1	191.4	255	307.3	136.4	152.9	229.7	169.6	165.9	111.8	234.7	432.1	388.4	345.6	379.8
Mapkapk2	1208.4	695.2	1312.3	1637.7	1103.2	1031.1	1371.5	1501	1327.8	1827.6	2531.4	2674.3	1928.9	2588.8	2069.6	3421.4	1339.9	1445	2305.4	2261.1	6016.3	6011.9	10526.3	10093.7
Lamp2	2052.5	2185.8	2288.6	2198.4	2440.2	2372.4	1704.2	2410.6	1884.3	1686	2069.3	2294	2844.3	2379.7	2030.3	2392.3	2117.7	1688	1739.4	1699.4	2193	2289.5	6698.4	6391.1
Atxn10	804.2	1096.2	801.9	709.6	566.3	804.5	1113.8	842.1	931.4	949.8	1171.9	1072.7	620.1	1253.7	926.3	685.1	1213.9	839.6	823.9	884.9	2539.1	2466.5	2989.2	2986.2
Foxred2	1422.6	1110.9	1260.1	1223.6	601.3	735.9	564.4	716.7	333.7	366.1	690.3	491.2	711.1	419.6	680.1	667.9	948.6	737.8	944	836.2	882.4	963.9	543.5	470.4
Eif3d	1846.8	1608.5	1587.6	1782.2	1967.6	1617.3	1342.6	1552.9	1706.7	1627.5	1973.6	2424.6	1787.7	1656.4	1489.9	2290.1	1440.4	1532.3	1634.8	2321.4	1795.1	1916.8	2280	2068.7
H3f3b	19985.7	21277.4	16844.3	12450.5	18571.5	19398.2	16580.4	15912.9	23446.9	19133	11570.6	9813.1	20125.6	17917	18158.7	11562.6	18014.7	14711.6	12980.9	14669.6	12428.9	12586.8	6725.2	6610.5
Nup50	1112.9	1484.8	1116.1	1055.2	2024.8	1648.9	1309.6	1595	2012.7	2090.2	2175.5	2544.5	2357.5	2138.4	1956	1621.2	1307.2	1709.8	1708.5	1577.5	1590.6	1778.2	2379.3	2387
Ift27	127	43.2	32.5	61.9	198.8	188.1	150.8	79.3	234.1	68	51.6	280.9	63.8	243.5	187.9	153.8	151.4	27.6	135.5	206.5	740.8	807.3	753.5	713.1
Pacsin2	514.4	417.8	619.8	597.7	1026.7	462.7	506.5	547.3	514.5	748.4	672.3	843.7	651.2	413	531.6	549.5	346.5	496.2	561.2	1033.7	1417.1	1408.6	1227.9	1347.2
Cmah	0	0	2.8	0	0	0	62.9	50.9	63.7	0	1.5	0.9	10.4	0	43.7	0	310.1	408.9	336.5	325.8	1364.6	1443.9	1.3	5.2
Ttll12	223.6	251.7	387.6	216.3	394.7	443.5	252.7	303.5	286.5	363.3	157.8	487.6	266.6	337.4	358.3	359.2	227.8	266.3	302	312.9	1028.8	985	645.5	575.2
Tox4	790.6	764.7	926.9	647.7	938	919.9	374.6	522.9	608.9	918.5	519.8	582.5	1252.2	730.6	718	535.3	855.3	731.9	590.9	808	1640.7	1533.9	2204.2	1975.5
Mrps18c	712.9	450.8	409.4	279.3	672.1	1003.6	535.4	560.1	691.1	719.9	677.5	344.5	656	668.3	570.9	465.5	823.8	363.8	439.9	704.1	284.1	285.8	395.9	379.8
Srsf6	4796.9	5249.1	6929.4	5900.9	6182.4	5088.1	6692.9	6684.6	5615	5465	4836.3	4408.2	5186.6	4546	6485.4	4593.3	5273.6	6222.2	5127.9	4328.5	4744	4655.7	6319.3	5948.5
Plcg1	833.6	1038.4	521	518.4	655.6	702.9	685.3	494.5	722.9	489.9	525	1082.6	713.5	703.5	543.2	501.9	822.6	710.1	670.6	584.8	1317.7	1490.8	230.1	217.4
Kctd2	457.8	228.3	209	272.8	256	207.3	332.6	197.8	417.9	240.9	314.1	335.5	217.9	136.4	291.3	230.7	424	227	203.3	266.8	343.7	368.8	343.5	325.5
Kctd5	434.7	321.3	358.6	345.6	303.9	229.3	483.5	389.7	238.2	405.5	260.2	109.2	384.7	260.4	645.2	159.9	310.1	429.3	417.3	402.7	921.4	978.8	650.8	652.9
Etaa1	367.5	404.7	523.1	469.5	702.1	759.2	508.5	485.7	411.8	842.3	760.6	792.7	823.6	496.6	745.7	707.4	639.7	452.6	543.3	666.9	313.5	312.4	433.5	397.3
Slpi	23.1	23.4	46.6	1.1	55.8	0	95.9	67.6	19.5	110.2	56.8	291.7	88.6	377.1	155.8	50.6	59.4	27.6	76.1	291.1	581.7	525.4	3253.6	2728
Sdc4	187.9	87.8	62.8	80.4	19.3	27.5	11	28.4	0	0	0	48.3	85.4	1.5	7.3	0	86	181.9	179.5	146.2	2986.3	2800.8	0	0
Nbr1	1214.7	929.4	785	665.1	1045.3	692	771.2	631.5	430.3	536.2	315.6	255	487.6	603.7	675.8	321.8	678.4	589.3	588.5	802.9	1013.7	1144	726	772.6
Cyth1	427.3	261.2	297.2	183.7	217.4	226.5	280.7	244.8	243.4	156.5	208.6	162.8	443.7	471	367	221.6	474.9	422	186.7	352.7	2603.5	2691.2	832.7	698.2
Rnd3	16.8	33.7	36.7	14.1	9.3	0	15	41.1	0	8.2	24.7	93	17.6	0.7	55.3	0	10.9	109.1	34.5	41	777.4	710.2	0	1.9
Brca1	58.8	59.3	305	203.2	729.3	538.2	293.7	418.1	554.5	955.3	933.3	1136.3	422.2	649.2	592.8	619.3	421.6	650.5	699.1	569.4	658	765	424.7	452.3
Nt5c3b	205.8	245.9	103.1	170.6	192.3	61.8	174.8	112.6	105.8	145.6	136.1	185.2	152.4	174.6	88.8	304.6	167.2	154.2	221.1	93.6	1033.6	1050	760.2	651.6
Coa3	553.3	316.1	502.6	648.8	291	557.4	533.4	384.8	730.1	709	494.3	742.6	407.8	552.4	431.1	520.1	576.7	296.9	431.6	539.9	682.7	761.1	1095.7	890.4
Med24	378	480.8	449	373.8	521.9	140	235.8	209.5	401.5	530.7	308.1	517.1	278.5	220.8	203.9	379.5	422.8	254.7	453	439.9	1799.9	1683.5	1683.5	1527.7
Psmd3	713.9	559.1	505.4	567.3	695.7	855.3	354.6	419.1	783.5	568.8	545.9	470.6	585	572.2	316	515.1	645.7	311.4	531.5	451.5	4206.9	4001.9	4396.2	4294
Exosc10	811.6	518.1	399.6	522.7	505.5	723.5	565.4	597.3	264.9	596	471.1	741.7	610.5	264.1	289.8	265.1	499.1	641.7	530.3	629.7	1865.9	1875.3	1505.7	1430.7
Glod4	810.5	949.1	657.2	760.7	1114.6	1412.7	1101.8	1028.1	1110.1	987.9	1238.4	1330.4	1120.5	862.7	991.8	820.7	1141.2	906.6	1060.5	1194	1094.9	1165.9	1624.4	1639
Vps53	433.6	382	394.6	228.2	363.2	281.5	234.8	397.5	439.5	383.7	329.8	349.8	271.3	165.8	186.4	414.9	428.9	260.5	361.4	371.9	628.6	557.5	1050.8	1342
Taok1	2214.2	3084.5	2414.3	2744	2333	2144.5	1856	2409.7	2038.4	2018.1	1963.8	2402.3	2178.7	1953.5	1535.1	2639.2	2965.7	2908.8	2662	1994.3	369.2	355.5	175.1	223.2
Dnttip1	418.9	384.9	451.1	278.2	459	466.8	311.7	459.2	296.8	449.1	324.6	433.9	424.6	509.1	310.2	384.5	370.7	448.2	435.2	487.4	613.5	617.8	527.4	515.1
Acot8	150.1	233.4	230.1	181.5	228.8	133.2	117.9	148.8	197.2	174.2	262.5	273.8	106.9	233.3	171.9	310.7	237.4	72.8	236.6	352.7	181.4	144.9	285.2	250.4
Nlk	601.6	810.1	611.3	693.3	672.8	760.6	510.5	611	754.8	1079.1	894.4	820.4	582.6	768.8	868	539.4	341.6	401.6	684.8	478.4	107.4	104.9	69.1	66.6
Traf4	16.8	33.7	50.8	53.2	163.7	65.9	57.9	99.9	109.9	64	80	41.2	95.8	90.2	75.7	106.3	104.2	90.2	156.9	52.6	1382.9	1383.6	149.6	132.6
Aldoc	401.1	262.7	206.8	269.5	89.4	175.7	302.7	75.4	5.1	40.8	66.6	30.4	27.1	10.3	11.7	106.3	115.1	61.1	54.7	55.1	111.4	112.8	12.7	0
Rpl19	8072.6	6414.8	7488.5	7288.6	7334.2	6675.2	4861.8	5844.5	7079.4	6902	8232.2	10238.1	6066.9	6245.7	5905.8	10198.5	6688.6	6399.8	8768.5	13278	139.2	145.6	176.5	129.4
Nek8	270.9	117.8	175.1	167.4	251	241.6	49.9	199.7	10.3	122.5	145.8	105.6	286.5	143	96.1	78.9	98.1	163	312.7	179.6	148.8	209.8	43.6	58.2
Plxdc1	0	0	0	0	0	0	51.9	16.6	6.2	12.2	23.2	12.5	0	0	0	0	0	61.1	0	24.4	567.3	584.9	177.8	215.5
Arl5b	105	95.1	295.8	315.1	162.3	141.4	244.7	261.4	194.1	187.8	435.2	204.9	327.2	392.5	327.7	350.1	334.4	438	558.8	236	167.1	122.9	89.9	151.4
Zfp207	4240.5	3711.6	3060.9	2882	4289.9	3787.9	3866.9	3104.8	3978.2	3768.1	3375.8	3374.8	4234.5	3961.3	3010.4	2781.9	4025.7	4106.4	3078.2	2862.6	3156.5	3002.8	4041.3	4171
Psmd11	2602.7	3323	2297.8	2792.9	2636.8	2404	2407.4	3508.2	3152.5	3730	2817.9	2858.6	3326.3	2689.3	3392	2416.5	2238.8	3178	2696.5	3415.4	1717.1	1567.6	2006.2	1983.3
Timp2	1010	821.1	802.6	987.8	641.3	715.3	594.4	742.2	287.5	344.3	636.4	557.4	808.4	354.3	416.5	659.8	384	328.9	294.9	555.3	892.8	875.4	143.6	154
Zc3h18	731.8	916.2	784.3	1030.2	1074.6	947.3	827.1	1250.4	994	838.3	836.8	1193.5	984	946.3	870.9	773.1	811.7	846.9	639.7	828.5	1599.4	1674.1	838.7	844.4
Top2b	4630	5252	4680.3	4906.5	5176.4	5682.6	4722	4797.8	5041	6100.5	5743.4	4681.1	5834.7	5958.2	5087.3	6114.2	6038	5072.7	5588	4251.6	4639.7	4485	2826.8	2220.1
Rarb	254.1	233.4	186.4	365.1	0	43.9	5	54.8	0	0	0	0	0	19.1	0	0	0	0	0	5.1	1.6	1.6	0.7	0
Igfbp4	1558	1698.5	1896.8	1725.7	3873.7	2645.6	3162.6	2714.2	3376.4	4075.6	3439.3	3747	5894.5	5375.7	6074.7	4508.3	3965.2	3332.3	4880.6	3569.3	4937.3	4695.7	16689.2	16668.5
Cdc6	581.6	383.5	388.3	509.7	808.6	583.5	807.1	1029.1	1161.4	1264.2	1546.5	1178.3	1085.4	1163.5	1335.5	1249.8	930.4	1135	1376.8	1245.3	1102	1154.9	2204.2	2205.9
Suz12	2637.3	3942.9	2118.5	2450.5	4557.3	4493.6	2721.1	3555.2	5759.8	4703	3379.5	3088.5	4306.4	4714	4362	2853.7	4598.8	4016.2	3746.4	3358.9	1480.8	1459.5	936	887.1
Atad5	428.4	809.4	429.2	529.2	1096.8	832	1096.8	1149.5	1435.6	1110.4	1406.7	1054.9	858.7	935.3	1163.7	890.5	1356.9	1180.1	846.5	969.6	790.9	868.3	625.4	754.5
Crlf3	3923.4	4539.3	2813.1	3966.5	3150.2	2883.2	2308.6	2665.2	2624.7	2024.9	2196.4	1482.5	2656.8	3418.5	2936.1	2965	3732.6	3199.9	2734.6	2263.7	2796.1	2735	2592.7	2451.1
Tns4	0	0	0	0	0	0	1	2.9	0	0	0	0	0.8	0	0	18.2	0	5.8	0	14.1	0	3.9	197.3	187
Tnfaip1	86.1	165.4	129.2	249.9	188	203.2	125.9	152.7	31.8	42.2	92.7	71.6	253	240.6	173.3	309.7	317.4	547.1	523.1	437.3	400.2	352.4	464.3	425.8
Abr	662.5	912.5	619.1	712.9	584.1	521.7	488.5	490.5	253.6	347	248.3	195.9	580.2	727	627.7	439.2	753.5	1087	694.3	994	1781.6	1786	983	1128.5
Cd40	0	0	6.4	0	0	0	0	14.7	0	0	0	0	0	0	13.1	0	0	0	0	11.5	93.9	108.8	0	0
Slc35c2	262.5	343.2	392.5	295.6	414.7	512.1	641.3	379.9	448.7	506.2	461.4	374	724.6	407.9	627.7	752.9	294.4	243	557.6	715.7	2614.7	2665.3	4272.1	4046.8
Elmo2	432.6	466.1	739.8	782.4	671.4	700.2	815.1	783.3	346.1	582.4	513	638.8	788.5	341.1	560.7	786.3	430.1	1009.9	365	614.3	1540.5	1628.6	1971.3	1867.4
Wsb1	1761.7	1486.3	1265	1146.5	1595.1	1659.9	1352.6	1358.1	1363.7	1200.2	761.3	824	2042.3	1097.4	1896.3	1360.1	2005	2345.7	1414.8	1294.1	1441	1310	1853.9	1758.7
Ttpal	200.5	96.6	183.5	54.3	115.8	137.3	63.9	255.6	176.6	172.8	244.5	190.6	71.8	108.6	240.3	175.1	318.6	243	195	214.2	1046.3	1026.5	828.7	863.8
Rhot1	608.9	556.9	821.7	990	953.8	514.9	1145.8	792.1	722.9	906.3	652.9	1145.2	672	657.3	878.2	954.3	507.6	1223.8	781.1	854.2	727.3	830.8	1103.1	1135
Ada	79.8	89.3	39.5	68.5	120.8	119.4	188.8	136.1	248.5	273.5	178	110.9	81.4	283.2	265.1	211.5	140.5	88.8	181.9	173.1	1017.7	1061	468.3	387.6
Serinc3	26968.5	22729.3	32404.5	29229.4	24286.3	25337.5	30231	26779.4	25835.4	28051.8	35986.9	36356.2	26220.5	24222.2	24692.2	39112	19877.9	26220.4	28894.9	24697.7	39633.1	39432	23586.2	24646.3
Tha1	190	158.1	59.3	57.6	118.7	104.3	39	88.1	98.6	84.4	55.3	107.4	225.9	103.4	21.8	98.2	104.2	36.4	115.3	93.6	52.5	50.1	65.8	95.8
Pgs1	327.6	133.2	244.3	279.3	294.6	197.7	409.6	406.3	277.3	295.3	407.6	292.6	150.8	391	530.1	446.3	301.7	295.4	399.5	405.3	477.4	473.7	730	601.1
Birc5	284.5	297.1	601.5	722.7	1663	1267.2	2007.9	1561.7	3022.1	2924.4	4552.1	4752.7	1545.1	2054.8	1811.8	2887.1	1621	2181.3	2433.8	2499.6	2471.5	2459.4	1374.8	1215.2
Pigt	108.1	101	115.8	170.6	158	190.8	129.9	143.9	87.3	44.9	101.7	131.5	160.4	157.7	80.1	160.9	92.1	34.9	200.9	69.3	659.6	717.2	617.3	641.2
Wfdc2	223.6	245.1	286.6	277.1	115.8	115.3	47.9	125.3	9.2	2.7	0.7	0	29.5	17.6	27.7	0	29.1	17.5	23.8	16.7	0	0	0	0
Mmp9	0	22	0	10.9	158.7	0	296.7	31.3	0	0	0	205.8	63.8	0	2.9	0	12.1	0	0	359.1	462.3	444	0	0.6
Pltp	0	0	10.6	0	0	0	0	0	0	0	16.5	67.1	0	0	0	0	0	0	0	7.7	1830.9	1888.6	2	0
Slc12a7	239.4	234.2	322.6	226	354.6	339.1	190.8	182.1	194.1	175.5	143.6	106.5	356.7	179.7	193.7	134.6	304.1	347.8	221.1	165.4	526	522.3	131.5	105.5
Ctsa	367.5	215.1	214.6	267.3	288.9	394	283.7	152.7	363.5	196	185.5	436.6	103	190.7	192.2	306.6	190.2	131	190.2	387.3	3967.4	4146	3503.2	3575.1
Zswim1	35.7	57.8	68.5	54.3	83.7	195	14	100.9	152	70.8	143.6	93.9	9.6	214.9	104.9	141.7	41.2	13.1	84.4	123.1	280.9	281.9	356.3	438.1
Slc12a4	0	12.4	24.7	18.5	0	1.4	58.9	7.8	0	1.4	13.5	74.3	30.3	0	10.2	33.4	42.4	5.8	39.2	23.1	290.4	232.6	297.2	218.1
Myo1c	514.4	589.8	665.7	649.9	1087.5	693.3	804.1	795.1	918	688.6	944.5	924.2	1089.4	871.5	661.2	755.9	581.5	977.9	765.7	705.4	3461.3	3596.3	598.5	666.5
Crk	425.2	732.5	331.8	526	740.7	637	600.4	393.6	431.3	543	478.6	467.9	566.6	447.5	454.4	571.8	627.5	439.5	305.6	405.3	1194.3	1119.7	1009.1	837.3
Cox7c	7085.7	7172.2	15294.1	13735	8483.9	7551.1	17351.6	15019	8887.7	18405	17160	18505.1	9771.5	8144.2	15908.5	17672.8	7233.7	12725.3	14687	12477.7	51.7	59.5	23.5	23.9
Pitpna	1248.3	956.4	1227.6	958.5	957.4	1241.1	1485.4	1695.9	1299	1441.1	1577.9	1504	1695.9	1187.7	1702.6	1372.2	1777.2	1734.5	1710.9	1755.8	5958.2	5820.8	4633.1	4496.5
Mlx	269.8	360.8	429.9	501	163.7	542.3	443.5	376	621.3	590.6	358.2	131.5	166	554.6	423.8	558.6	369.5	314.3	324.6	410.4	492.5	533.2	1209.8	1188
Fam134c	106	324.9	187.8	266.2	11.4	39.8	54.9	88.1	91.4	96.6	222.9	406.2	71.8	144.5	65.5	279.3	157.5	132.4	249.7	82.1	677.9	591.2	261.7	427.1
Dhx58	287.7	133.2	173	128.2	190.9	230.7	47	216.4	19.5	107.5	59.8	125.3	235.4	101.2	173.3	169	98.1	128.1	172.4	218	322.3	311.6	298.6	238.1
Rab5a	21	76.8	11.3	85.9	1.4	148.3	45	59.7	59.6	40.8	0	3.6	27.1	64.6	35	15.2	65.4	11.6	0	42.3	677.1	685.1	722.6	739.6
Nkiras2	92.4	13.9	52.2	135.8	46.5	49.4	122.9	128.3	10.3	134.7	95	195.9	55.1	96.1	68.5	148.8	121.1	155.7	223.5	75.7	561	613.9	728.7	861.3
Ppp2r5c	1467.7	1468	1306	1343.2	2117.8	2005.9	1191.7	1591.1	1764.2	2005.8	1248.9	1546.9	1877.1	1626.4	2025.9	1408.6	2042.6	1875.7	1570.6	1288.9	2031.4	2228.4	1978	1732.9
Ift52	450.4	642.5	826.6	792.2	722.1	557.4	873.1	811.7	429.2	479	733.6	651.3	701.5	843.6	741.3	585.9	863.8	1274.7	791.8	529.7	928.6	923.2	1121.9	1003
Mybl2	17.8	57.8	105.2	53.2	208.1	112.6	116.9	214.4	210.5	325.2	323.8	522.5	414.2	351.4	161.7	400.7	281.1	154.2	260.4	278.3	1045.6	932.6	1169.5	1043.1
Eya2	637.3	839.4	737.7	875.9	635.6	553.3	322.7	282	97.6	175.5	324.6	313.1	336	102.7	113.6	380.5	242.3	163	218.8	46.2	82.8	75.2	24.8	8.4
B4galt5	477.7	387.1	525.2	391.2	698.5	162	451.5	446.5	268	371.5	301.4	372.2	495.6	345.5	630.6	299.5	650.6	506.4	587.3	628.4	411.4	348.4	212	227.8
Hnf4a	23.1	98.8	4.2	8.7	120.8	0	118.9	96.9	58.5	35.4	74.8	100.2	316.8	156.3	147.1	202.4	168.4	229.9	178.3	252.7	70	72.8	0	1.3
Cadps2	463	496.9	655.8	553.1	389.7	468.2	414.6	390.7	2.1	125.2	122.6	61.7	65.4	165.1	53.9	138.6	119.9	74.2	210.4	62.8	18.3	13.3	0	0
Ddx27	2883	1965.6	1186	1615.9	2591.8	2638.8	1550.4	1922	2801.3	1794.9	2067.8	3187.8	2234.6	2076.8	1749.2	1796.2	1971.1	1603.6	1813.1	2163.6	1721.9	1927	1533.9	1749
Cyth3	112.3	268.6	358.6	321.7	21.4	282.8	256.7	295.7	256.7	308.9	395.6	167.3	167.6	62.4	154.4	82	239.9	55.3	151	246.2	284.9	281.1	184.5	140.4
Cyth4	601.6	440.5	858.4	631.4	224.5	429.7	498.5	336.8	254.7	333.4	464.4	448.2	265	212	228.7	537.3	408.3	579.2	598	827.2	6463.5	6337.6	2251.1	2139.9
Rrp7a	38.8	300	135.5	243.4	27.2	170.2	402.6	202.7	121.2	186.4	86.7	185.2	122.1	110.8	152.9	179.1	193.8	197.9	104.6	130.8	504.5	475.3	650.2	614.7
Cyb5r3	744.4	575.2	743.3	847.6	705	771.6	1022.9	757.9	706.5	902.2	887.7	1593.5	833.2	834.1	621.9	978.6	690.5	910.9	700.3	767	1456.9	1421.1	1399	1316.1
Ints2	847.3	728.1	650.2	484.7	956.6	830.6	756.2	1108.4	879	1060.1	881	507.3	1063	1145.1	1249.6	481.7	759.6	761	504.1	631	629.4	690.6	805.2	984.8
Med13l	2221.6	3323	2484.2	2921.1	1961.9	2872.2	2191.7	2466.4	2522	1792.2	1673.7	1825.2	3171.5	2459.7	2296.8	2205	4014.8	3896.9	3376.6	2969.1	1590.6	1702.2	385.1	444.5
Hist1h2bc	311.8	273	252.7	144.5	140.9	278.7	87.9	224.2	358.4	507.6	229.6	193.3	378.3	542.1	262.2	272.2	385.2	160.1	203.3	96.2	98.7	136.2	216.7	212.9
Mafk	119.7	89.3	146.1	84.8	101.5	284.2	125.9	154.7	115	147	163	97.5	139.7	178.3	87.4	81	135.7	142.6	173.6	182.1	1245.3	1313.9	446.2	594.7
Med1	2497.7	3020.8	1930	1836.5	2152.8	2130.8	2625.2	2831.7	2329	2414.1	2652.6	1954.9	2009.5	2594	2859	2363.9	2501.7	2713.9	2350.5	2656.1	954	1089.9	701.8	812.1
Erbb3	45.1	1.5	52.9	32.6	0	46.7	62.9	66.6	104.7	78.9	49.4	0.9	23.9	60.2	67	53.6	24.2	0	66.6	39.8	235.5	212.2	94.6	89.9
Stard3	364.3	292	341	509.7	472.6	260.9	229.8	421	471.3	386.5	409.1	598.6	529.1	310.3	463.1	658.8	330.7	675.2	814.4	493.8	853.8	920.8	683.1	621.8
Ikzf3	0	0	12	0	0	0	1	34.3	0	28.6	0	1.8	0	0	18.9	0	0	21.8	0	88.5	226.8	259.2	16.1	12.3
Mfng	2073.5	1372.1	1827	2585.3	1189.7	1279.6	1572.3	1356.1	553.5	997.5	1178.6	1028.9	1107.7	1434.9	919	2143.3	1401.7	1698.2	2026	1786.6	1305	1381.2	689.8	643.8
Vmp1	1988.5	1444.5	2085.3	2467.9	1487.2	1473.2	1861	2155.1	1698.5	1705.1	1539.1	1137.2	997.6	1277.2	2082.7	1762.8	1189.7	1276.2	1697.8	1369.7	946.9	954.5	1245.3	1552.3
Uchl5	854.6	1217.7	886.7	1226.9	1231.9	1422.4	1172.8	1427.6	1315.4	1850.7	1655.7	2164.3	1778.1	1854.5	1856.9	1405.6	1482.8	1445	1536.1	1891.7	1449	1461.9	2718.8	2790.8
Glrx2	1043.6	925	643.8	812.9	1090.3	1198.6	586.4	710.9	726	630.1	941.5	888.4	817.2	954.4	495.2	634.5	717.2	420.5	542.2	655.4	295.2	342.2	464.3	416.7
Trove2	935.5	1274.8	780.8	980.2	538.4	893.8	648.3	667.8	489.8	391.9	444.2	325.7	519.5	248.7	329.2	401.7	369.5	394.3	318.6	234.7	90.7	69.7	38.2	62.1
Stk4	3183.3	2753	2113.6	2749.4	2147.8	2211.8	1838.1	1903.4	1981.9	1612.6	2208.4	2634	2403	2605	1568.6	2496.5	2455.7	1837.9	2297	2307.3	3988.1	3918.9	2687.3	2358.6
Zcchc10	472.5	447.1	466.6	658.5	381.1	438	394.6	436.7	543.2	491.3	447.2	475.1	441.3	434.3	674.3	544.4	340.4	376.9	456.6	493.8	320.7	301.5	340.2	362.4
Psmb6	1364.9	1230.1	1080.1	1183.4	1221.2	1393.5	1180.7	1024.2	1315.4	1379.9	1552.5	2265.4	1279.3	1590.4	1347.2	1238.6	1217.5	1257.3	1387.5	1492.9	2469.9	2710	2641	2504.8
Spag7	2460.9	1689.7	1474.7	1776.8	1369.9	1053	984	1438.4	1466.4	1428.9	1910.7	1984.4	1099.7	1542	1616.6	1512.9	1193.3	925.5	1694.2	1539	1009.7	981.1	920.6	980.3
Pfn1	17.8	30.7	7.1	29.3	57.9	2.7	4	22.5	9.2	49	0	29.5	75.8	2.9	2.9	19.2	2.4	2.9	1.2	1.3	20742.4	21371.2	23959.9	22362.1
Tomm34	1066.7	640.3	919.8	1196.5	1043.9	764.7	1117.8	708.9	854.4	787.9	775.5	600.3	586.6	812.8	741.3	896.6	472.5	640.3	894.1	813.1	1332	1448.6	1522.4	1348.5
Ywhab	3409	4036.5	4694.5	5408.6	3885.9	4764.1	6076.6	5515.5	4269.8	5816.1	5196	5393.3	3731.8	3671.6	5754.3	4780.5	4317.7	4641.9	4757	4429.9	4278.5	4434.9	4884.7	5032.9
Ksr1	316	534.2	339.6	436.9	309.6	313	326.7	340.7	585.3	491.3	270.7	476.9	460.5	327.9	335	298.5	378	186.3	313.9	229.6	55.7	43.8	23.5	21.4
Gpx3	28.3	0	60.7	0	15	0	3	0	0	1.4	25.4	61.7	0	0	0	13.2	0	0	0	59	27.1	23.5	992.4	1013.3
Anxa6	476.6	534.2	426.4	557.5	519.8	196.3	317.7	373.1	283.4	160.6	232.6	388.3	362.3	408.6	422.4	639.6	737.8	592.2	852.5	808	2851.8	2906.5	2809.4	2599.9
Il12rb2	34.6	38.1	117.2	50	86.5	140	37	165.5	121.2	122.5	135.4	111.8	108.5	138.6	136.9	110.3	66.6	155.7	103.4	150.1	84.3	94.7	31.5	30.4
Zkscan6	175.3	209.3	314.8	334.7	222.4	314.4	304.7	186	70.9	295.3	338.8	348	288.9	197.3	144.2	212.5	161.1	72.8	291.3	211.6	277.7	252.1	193.2	327.4
Kpna2	142.8	65.1	76.2	130.4	679.2	232	460.5	183.1	1115.2	585.1	481.6	462.6	140.5	676.4	177.7	221.6	408.3	627.2	174.8	413	286.5	304.6	230.1	216.8
Smurf2	715	758.9	725	896.5	968.1	742.8	880.1	884.2	629.5	517.1	551.2	622.7	903.4	447.5	745.7	1056.5	742.6	764	756.2	546.4	177.4	195	227.5	198.7
Cep95	372.7	437.6	214.6	177.1	115.8	162	36	227.2	378.9	217.7	326.8	366.8	62.2	152.6	217	246.9	325.9	433.6	236.6	205.2	140	160.5	139.6	56.9
Vezf1	2521.8	4510.7	3218.4	4298	4746	3650.6	3652.1	4077.1	4549.1	3742.2	5389.7	5003.2	5007.9	3186.7	3192.5	3281.8	3324.3	3965.3	3034.2	2118.7	904.7	913.8	570.3	693
Cuedc1	421	372.5	351.6	440.1	138	226.5	194.8	252.6	138.6	231.3	334.3	263.9	479.6	264.8	170.4	262.1	109	273.6	111.8	41	42.2	43.8	7.4	11.6
Srsf1	6071.5	4899.3	4277.3	5097.8	6173.1	5007.1	5794.9	4979.9	5887.1	6457.1	5210.2	4485.1	5232.1	5722.7	5739.8	5291.5	5576.4	6159.7	4728.4	5390.5	4690.7	4615	6308.5	6250.7
Abi3	229.9	193.2	257	254.3	123	59	205.8	204.6	63.7	70.8	133.1	163.7	131.7	169.5	107.8	69.8	196.3	352.1	346	223.2	155.2	126.8	26.2	18.8
Kif3a	449.4	477.9	389	388	230.2	296.6	447.5	471	315.3	289.9	181.7	323.9	288.1	278	297.1	295.5	254.4	350.7	319.8	224.4	146.4	134.7	88.6	131.4
Sept8	851.5	1064	1136.6	1143.2	1253.4	897.9	963	1174	1076.2	1348.6	1503.2	1241.8	638.5	447.5	619	720.5	300.4	374	373.3	649	66.8	110.4	60.4	23.9
Mtmr4	648.8	349.1	554.9	828.1	627.7	405	657.3	919.4	399.5	993.4	690.3	761.4	631.3	302.2	645.2	554.6	302.9	742.1	714.6	901.6	951.7	871.5	1267.5	1272.1
Mrm1	337	209.3	239.3	258.6	151.6	219.7	306.7	218.3	201.3	167.4	228.8	271.1	221.1	150.4	120.9	284.4	122.4	147	268.7	361.7	543.5	496.4	395.2	435.5
Kansl1	1049.9	993.8	1188.1	1439.9	1111.1	1070.9	921	1051.6	943.7	951.2	1052.2	774.8	1141.2	827.5	1535.1	1479.5	815.3	970.6	1218.7	958	1419.5	1278.6	1066.2	948
Gid4	835.7	573.7	705.2	272.8	700.7	631.5	484.5	523.8	870.8	570.2	350	373.1	472.5	365.3	422.4	426	482.2	764	385.2	849	1203.9	1209	1149.4	1571.7
Myo1b	31.5	19	19.1	0	0	0	0	16.6	0	61.2	2.2	0.9	0	0	29.1	14.2	1.2	4.4	35.7	60.3	13.5	18	101.3	138.5
Dhx40	142.8	83.4	95.3	51.1	62.2	82.4	114.9	148.8	105.8	298	117.4	379.4	391.9	140.1	238.9	174.1	71.5	126.6	151	275.7	484.6	459.6	471.7	612.8
Ypel2	378	235.6	208.3	279.3	80.8	196.3	123.9	107.7	97.6	111.6	72.5	212	322.4	226.7	160.2	233.8	172	155.7	84.4	93.6	54.1	54	38.9	41.4
Akap1	454.6	355.6	355.1	434.7	449.7	724.9	567.4	505.2	491.9	453.2	492.8	356.1	235.4	506.2	352.5	372.4	401	395.8	287.7	379.6	430.5	509	515.3	599.2
Nol11	661.4	773.5	663.6	979.1	1174	1595.3	873.1	1039.8	1343.2	1171.7	967.7	1045.9	1395	895	1096.7	975.5	857.7	989.5	1033.2	833.6	1125.9	1147.1	1627.1	1641.6
Derl2	528.1	529.8	530.9	689	582.7	501.1	538.4	641.3	491.9	556.6	611	818.7	284.9	627.2	508.3	685.1	441	411.8	739.5	506.6	624.6	583.3	1136.6	989.4
C1qbp	2455.7	2420.7	2962.8	2297.3	4224.8	3766	2779.1	3227.2	4624.1	3837.5	3015.3	3886.6	4529	5141.7	4012.4	3247.4	3787.1	3048.5	3496.7	4769.7	2521.6	2674	4430.5	4260.3
Rpain	128.1	193.9	236.5	152.1	127.3	155.1	75.9	266.3	317.3	164.7	155.6	212	146.8	305.2	85.9	273.2	344.1	570.4	178.3	255.2	186.2	228.6	280.5	230.4
Chd3	1951.7	2303.7	1179.6	1463.8	1552.9	1633.8	976	1294.4	1154.2	1185.3	1191.3	1575.6	2500.3	1601.4	1625.4	2107.9	2820.3	2204.6	2437.3	2690.7	437.6	407.9	113.4	55.6
Kdm6b	276.1	240.8	352.3	223.9	184.5	193.6	174.8	244.8	295.7	235.4	111.4	195.9	245.8	245.8	327.7	166	222.9	296.9	160.5	183.4	137.7	147.2	28.2	33.6
Appbp2	1004.7	1451.9	1079.4	1291	1835.3	1367.4	902	1074.1	1405.8	1543.2	970	1207.8	1347.1	1645.4	1335.5	1332.7	1234.5	1145.2	1223.4	1141.5	1259.6	1273.2	1504.3	1331
Ncor1	6236.3	6787.3	5708.2	6438.8	8633.3	7072	5787.9	7063.5	7684.2	8188	8014.6	7231	7581.6	7170	7968.1	6691	7711.1	5918.1	7340.5	6383.1	2843.8	2721.7	1548.6	1799.5
Trpv2	479.8	156.6	195.5	328.2	431.1	192.2	237.7	178.2	233.1	80.3	33.7	153	119.7	117.4	185	220.6	290.8	228.5	129.6	333.5	1239.7	1266.9	681.7	850.9
Cenpv	222.6	196.1	391.8	213	291	313	134.9	235	128.4	364.7	132.4	185.2	80.6	89.5	110.7	317.8	222.9	147	122.5	264.2	111.4	98.7	157	137.2
Pcgf2	738.1	447.1	453.2	431.4	406.8	357	275.7	365.2	244.4	221.8	277.4	282.7	29.5	271.4	148.6	275.3	181.7	213.9	97.5	138.5	4.8	7	6	7.1
Cwc25	238.3	598.6	349.4	477.1	679.9	432.5	510.5	381.9	496	276.2	500.3	718.4	458.9	327.9	511.2	448.3	470.1	208.1	527.9	402.7	339	326.5	354.9	335.8
Pip4k2b	1004.7	1037.7	972.8	790	950.2	870.4	997.9	1223.9	646.9	1121.3	885.4	858.9	768.5	783.5	891.3	929	781.4	899.3	1071.2	1182.5	71.6	77.5	53	34.3
Trim37	487.1	987.9	722.2	681.4	603.4	900.6	810.1	1050.6	1087.5	1287.3	1565.2	1869.9	886.7	874.4	901.5	1085.8	999.5	1222.3	1209.2	1024.7	1682.1	1699.1	1478.8	1677.9
Ctdnep1	715	813	701	706.4	637	859.5	467.5	612.9	586.4	694	667.1	1061.1	795.7	746.8	605.9	504	880.7	670.8	451.8	438.6	464.7	475.3	364.3	405.7
Elp5	371.7	333	191.3	142.4	203.1	299.3	216.8	187	290.6	411	499.6	349.8	300.1	388.1	288.4	269.2	123.6	384.2	240.2	407.8	796.5	796.3	931.3	909.1
Gabarap	718.1	922.8	1481.8	1247.5	774.3	840.2	1144.8	849.9	629.5	989.3	1377.5	1994.3	444.5	644.8	852	1070.6	711.1	785.8	1268.6	472	2203.3	2272.3	2027	2190.3
2810408A11Rik	94.5	26.3	19.8	53.2	2.1	81	59.9	37.2	15.4	55.8	109.9	12.5	103.7	13.9	13.1	59.7	201.1	149.9	51.1	41	89.1	79.1	26.2	15.5
Phf23	845.2	788.1	751.1	1032.4	634.2	350.1	803.1	829.3	886.2	654.6	865.3	956.4	461.3	667.6	649.6	715.5	668.7	828	571.9	902.9	805.3	838.6	697.1	769.4
Acadvl	465.1	720.1	367.1	491.2	847.2	457.2	413.6	396.5	348.1	555.2	453.9	773	418.2	614	502.5	440.2	457.9	391.4	363.8	584.8	418.5	419.7	613.9	592.7
G3bp1	4928.2	5691.1	4189	3711.1	5390.2	5292.7	4456.3	6276.3	7641.1	6495.2	3659.2	2680.5	6849.8	7117.2	7124.8	3549.9	5588.5	5315.7	3934.2	6528.1	7451.7	7728.2	10734.3	10966.6
Atox1	282.4	375.4	302.8	213	311	170.2	354.6	309.4	425.1	326.6	534	303.3	448.5	451.9	224.3	402.8	317.4	200.8	237.8	424.5	630.2	640.5	1032.6	851.5
Sparc	29.4	43.9	118.6	762.9	338.9	0	402.6	229.1	15.4	204.1	20.2	265.7	27.9	0	506.8	43.5	69.1	5.8	27.3	1336.4	51.7	41.5	0	1.3
Mief2	36.7	61.5	110.8	54.3	40.8	49.4	94.9	193.9	0	134.7	78.5	184.3	158.8	4.4	174.8	108.3	32.7	96	52.3	152.6	191	185.6	191.2	192.2
Tada2a	558.5	595.7	537.2	460.8	595.6	457.2	268.7	696.2	501.1	613.7	707.5	457.2	581	339.6	681.6	554.6	363.4	467.1	535	434.8	219.6	245.9	257.7	335.8
Ikzf1	2035.7	1820	2271	1943	1675.2	2379.3	2483.4	2273.6	2522	2716.2	2420	2164.3	2619.3	2163.3	2809.4	2373	5088.2	5280.7	4623.8	4240	2981.5	3103.8	768.3	702.1
Pnpo	492.4	474.9	580.3	684.6	636.3	232	220.8	576.7	273.2	440.9	407.6	817.8	320	413	515.6	440.2	324.7	250.3	485.1	545.1	454.3	453.4	1281.6	1105.8
Cog1	191.1	153.7	252	215.2	55.1	142.8	190.8	147.8	195.1	205.5	242.3	361.5	266.6	281	170.4	147.7	155.1	154.2	231.8	175.7	781.4	816.7	687.1	959.6
Cbx1	7845.8	8477.7	6010.3	6232.3	8651.9	8037.2	7378.2	7687.2	9512	8801.7	9678.6	12208.2	10323.8	8608.6	9105.5	9929.3	9031.6	7731.2	10128.6	7005.2	1061.5	1100.1	648.2	631.5
Cdk5rap3	385.3	208.6	381.2	358.6	275.3	317.1	212.8	358.4	286.5	427.3	507	703.2	687.9	295.6	364.1	380.5	323.5	504.9	375.7	583.6	1554.8	1657.6	2014.9	2150.2
Slc25a39	386.4	659.3	624	396.7	492.6	486	619.3	605.1	573	762.1	801.7	942.1	415	589.8	726.8	973.5	616.6	502	919.1	942.7	2426.1	2548.7	3787	3596.4
Sp2	253	215.1	240.7	155.4	191.6	174.4	200.8	282	183.8	325.2	205.7	275.6	329.6	267	238.9	283.3	283.5	455.5	316.3	339.9	958	1024.9	379.8	335.2
Aatf	1113.9	1047.9	765.9	780.3	1243.3	808.7	971	899.8	554.5	861.4	1376.8	659.4	778.9	813.5	873.9	921.9	735.4	631.5	1060.5	719.5	929.4	916.9	1006.5	1050.2
Dync1h1	2423.1	2332.9	1840.4	1961.5	1778.9	1205.4	1511.4	1510.8	1527	1171.7	1539.1	2065.9	1714.2	1724.7	997.6	1936.9	1625.8	1356.2	1828.6	1515.9	967.6	1246.5	543.5	653.5
Pex12	194.2	335.2	312	231.5	198.8	396.8	202.8	245.8	255.7	157.9	280.4	277.4	210.7	337.4	235.9	141.7	295.6	328.9	151	197.5	147.2	196.5	238.9	248.5
Ndel1	856.7	1222.1	1073	1221.5	1224.8	1298.8	881.1	794.1	666.4	658.6	734.4	441.1	715.1	579.5	824.3	749.9	852.9	653.4	586.1	719.5	800.5	792.4	639.4	698.2
Slc25a35	82.9	50.5	24.7	47.8	19.3	9.6	75.9	43.1	0	57.2	9	0	0	0	33.5	1	0	0	26.2	10.3	101.1	94.7	37.6	42.7
Zbtb4	686.6	1184.8	516.7	719.4	323.2	856.7	165.8	437.7	264.9	161.9	132.4	164.6	433.3	273.6	279.6	201.4	511.2	352.1	267.5	266.8	27.1	36	2	0
Mpdu1	743.3	401	362.9	548.8	735.7	363.8	305.7	364.2	324.5	375.6	787.5	1037	598.5	538.5	297.1	938.1	588.8	321.6	614.7	570.7	783	833.9	704.5	756.4
Fxr2	641.5	1039.1	767.4	629.2	745.7	525.8	527.4	569.9	930.4	489.9	736.6	727.4	639.3	730.6	367	897.6	438.6	245.9	1008.2	527.1	809.2	949	609.9	627.7
Atp5g3	10480	9689.6	13711.4	13285.1	12543.5	11930.8	16928.1	14012.4	15325.3	18258	17694.7	23596.9	15898.3	15894.5	16831.9	16676	11450.9	12801	15733.3	13430.6	4139.2	4220.4	5957.6	5229
Cd68	30.4	50.5	47.3	45.6	193	111.2	136.9	129.2	76	99.3	104	223.7	96.6	198.8	51	71.8	75.1	321.6	76.1	223.2	1253.2	1347.5	548.2	462.7
Acsl1	259.3	310.3	305	311.9	402.5	443.5	401.6	328	372.8	446.3	303.6	178.9	313.6	399.8	617.5	458.4	152.6	224.1	331.7	288.6	1206.3	1340.5	1484.9	1590.5
Abca5	166.9	114.9	145.4	118.5	14.3	167.5	165.8	102.8	45.2	5.4	10.5	68.9	4	17.6	5.8	67.8	7.3	1.5	7.1	0	57.3	68.9	0	7.8
Smyd4	58.8	65.9	141.9	170.6	148.7	38.4	180.8	106.7	151	83	259.5	108.3	133.3	267.8	235.9	222.6	143	23.3	140.3	77	293.6	279.5	294.6	342.9
Lsp1	642.5	960.1	1162.7	831.3	827.2	556	1132.8	616.9	374.8	504.9	210.1	728.3	914.6	348.5	485	718.5	1098.8	1775.3	1815.5	1276.1	8450.4	8628.7	548.9	570.7
Zfyve27	629.9	470.5	557	712.9	334.6	416	811.1	614.9	373.8	624.6	620.7	386.5	449.3	444.6	591.3	512	409.5	302.7	662.2	409.1	624.6	602.1	673	589.5
Avpi1	238.3	71	145.4	268.4	49.3	33	199.8	64.6	119.1	84.4	15	71.6	61.5	55	33.5	58.7	42.4	119.3	74.9	62.8	62.9	65	161	128.8
Rad51d	455.7	659.3	403.1	211.9	621.3	407.8	820.1	382.8	311.1	228.6	417.3	541.3	282.5	283.9	218.5	462.5	186.6	502	397.1	304	388.3	376.6	423.4	496.3
Unc45b	802.1	484.4	600	580.3	188	108.5	407.6	141	54.4	0	0	36.7	0.8	16.9	51	4	80	29.1	52.3	23.1	0	0	0	0
Pank3	1312.4	1217.7	1383.6	1605.1	1421.4	1191.7	1297.6	1667.5	869.8	1307.7	1363.3	1442.3	1158.8	1010.1	1645.8	1468.3	966.8	1549.7	1369.7	1559.6	350.1	302.2	316	361.7
Rars	1548.6	1602.6	991.8	983.5	944.5	1480	1426.5	1597.9	1429.4	1688.8	1372.3	1519.2	1929.7	1123.1	1497.2	1272	1849.9	1338.7	1254.3	1369.7	1304.2	1429	2387.3	2273.8
Ict1	63	166.8	87.5	123.9	219.5	148.3	42	87.1	117.1	164.7	187	187.9	82.2	46.2	189.3	162.9	161.1	7.3	95.1	300.1	535.5	537.1	685.7	622.5
Fdxr	303.4	219.5	345.2	233.6	176.6	252.6	181.8	219.3	239.3	189.2	215.4	418.7	316	319.8	300	481.7	245.9	349.2	530.3	465.6	511.6	484.7	640.8	518.3
Mrpl45	826.3	607.4	672.8	481.4	785.8	826.5	498.5	621.8	625.4	538.9	786	526.1	504.4	713.8	598.6	512	702.7	993.9	814.4	691.3	555.4	539.5	765.6	800.4
Irf1	1838.4	1193.5	1442.2	1532.3	909.4	911.6	770.2	927.2	507.3	590.6	589.3	641.5	882.7	466.6	803.9	1374.2	1142.4	1175.8	1589.6	1463.4	1947.1	1884.7	715.9	720.2
Slc22a5	181.6	228.3	158.8	290.2	105.8	98.9	170.8	158.6	208.5	205.5	131.6	98.4	112.5	109.3	168.9	131.6	86	197.9	117.7	92.3	174.3	179.3	171.8	217.4
Arrb1	1037.3	1678	1279.9	1432.3	915.9	793.6	839.1	1022.2	1247.7	1310.5	1133.7	1148.8	752.6	737.3	774.8	1067.6	828.7	1142.3	996.3	768.2	163.9	154.3	214.7	234.2
Pelp1	468.3	332.2	283.1	388	376.8	304.8	306.7	335.8	421	300.7	357.5	593.2	179.6	286.8	217	303.6	409.5	189.2	222.3	302.7	455.1	473.7	308.6	308.7
Med11	207.9	197.6	287.3	257.6	278.8	289.7	204.8	162.5	271.1	201.4	177.2	396.4	228.2	188.5	164.6	203.4	310.1	259	227.1	260.4	300	288.9	268.4	262.1
Alox15	0	1.5	45.9	2.2	0	0	7	0	0	0	0	2.7	0	0	5.8	4	0	0	64.2	26.9	261	343.7	32.2	6.5
Ccl6	0	34.4	12	95.6	118	65.9	137.9	75.4	23.6	119.8	38.1	245.1	51.1	1.5	90.3	110.3	164.8	18.9	63	319.3	304	336.7	237.5	197.4
Ccl4	445.2	186.6	302.8	254.3	133.7	234.8	182.8	96	15.4	83	13.5	0.9	85.4	66	142.7	145.7	505.2	320.1	160.5	247.5	702.6	694.5	6	6.5
Natd1	12.6	27.8	91.1	140.2	56.5	116.7	120.9	75.4	121.2	70.8	233.3	120.8	18.4	93.2	26.2	64.8	14.5	50.9	95.1	75.7	308.7	295.2	136.9	80.2
Map2k3	949.1	974.7	1060.3	986.7	906.6	1510.2	1360.6	1433.5	1216.9	1115.9	827.9	909.9	968.1	1112.8	1246.7	925.9	928	1343.1	822.7	964.5	1532.5	1561.3	2477.9	2511.9
Ywhah	1707.1	1666.3	1992.1	1939.8	3016.5	2235.1	2946.9	2517.4	3231.6	3653.8	3443.1	3454.4	2728.6	2339.4	3070.1	2708	2393.9	2104.1	2580	2729.2	2167.5	2168.1	2391.4	2626.5
Sart3	785.3	905.2	787.1	973.7	1002.4	919.9	952	1122.1	1058.7	951.2	1717.8	2088.2	614.5	1199.4	1047.2	1520	929.2	941.5	1200.8	1272.3	2304.4	2298.9	1623.1	1751.6
E2f2	55.6	21.2	35.3	217.3	511.9	101.6	78.9	403.4	351.2	376.9	542.2	668.3	643.2	268.5	320.4	178.1	454.3	771.2	456.6	660.5	2245.5	2305.9	197.3	294.4
Slfn3	37.8	0	23.3	23.9	0	0	77.9	64.6	51.3	0	17.2	0	143.7	27.1	43.7	39.5	83.6	72.8	70.1	24.4	93.1	108.1	145.6	126.2
Nars2	199.5	424.4	377.7	173.9	355.3	643.9	391.6	257.5	321.4	555.2	170.5	102	344.8	273.6	463.1	69.8	233.8	206.6	225.9	151.3	288.8	209.8	350.3	454.2
Slc35b4	423.1	517.4	661.5	594.4	649.9	565.6	738.2	718.7	205.4	409.6	912.4	839.2	779.7	560.5	885.5	883.4	697.8	905.1	1036.8	825.9	658	668.7	1441.3	1778.8
Dalrd3	646.7	679.1	822.4	609.6	566.3	768.8	715.2	612.9	733.2	642.3	951.3	656.7	581.8	407.1	600	681	846.8	555.9	579	927.3	421.7	462	440.8	344.9
Fis1	281.4	215.1	233	296.7	190.9	178.5	284.7	325.1	141.7	230	157.8	405.3	233.8	219.3	305.8	196.3	284.7	219.7	230.7	206.5	1727.5	1764.1	2069.3	1881
Plod1	66.1	19	30.4	69.5	192.3	26.1	91.9	86.2	3.1	106.1	105.4	6.3	94.2	79.2	75.7	91.1	77.5	50.9	65.4	88.5	183	175.4	626	729.2
Rab3d	267.7	301.5	308.5	236.9	351.1	215.6	527.4	285.9	82.2	462.7	388.9	587.8	351.9	419.6	390.3	759	220.5	526.8	309.1	587.4	911.9	937.3	2410.1	2541.7
Mfsd3	15.7	90	70.6	14.1	46.5	56.3	210.8	66.6	86.3	47.6	89	141.4	178	198.1	48.1	68.8	141.7	87.3	111.8	84.6	146.4	130	187.9	194.8
Slc25a22	180.6	259.8	329.7	196.7	194.5	124.9	205.8	194.8	159.2	220.5	93.5	14.3	154.8	203.9	157.3	87	67.8	209.5	105.8	252.7	562.6	548.9	532.1	490.5
Atp6ap1	876.7	552.5	1137.3	962.8	657.1	781.2	976	844	520.6	560.7	1119.5	1529	708.7	846.6	830.2	1392.4	577.9	694.1	1520.7	740	2712.5	2954.3	3398.5	3417.8
Dnase1l1	90.3	109.8	29.6	71.7	75.1	93.4	102.9	62.7	232.1	80.3	145.1	84.1	8.8	4.4	1.5	40.5	48.5	7.3	206.9	23.1	171.1	127.6	111.4	102.2
Ccl9	64	11	64.9	2.2	3.6	75.5	256.7	37.2	49.3	317.1	218.4	341.8	1562.6	1459.1	863.7	827.8	1118.2	839.6	1010.6	838.8	299.2	251.3	3871.5	3521.4
Scrn1	191.1	158.1	185.7	171.7	94.4	72.8	5	66.6	0	19.1	3	2.7	0	0	13.1	0	0	0	0	0	28.6	47.8	0	0
BC005537	2095.6	2302.2	2304.9	2446.2	1840.3	2493.2	1484.4	1994.5	2156.5	2276.6	1584.7	1598.8	2583.3	2912.3	2490.5	1705.1	2362.4	2514.5	1983.2	2913.9	467.1	484.7	688.4	618.6
Isyna1	180.6	174.2	180.7	163	424	277.3	332.6	284.9	352.2	242.2	177.2	370.4	337.6	432.8	198.1	141.7	371.9	148.4	243.7	357.8	1216.6	1241.8	1702.3	1521.3
Hars2	533.3	589.8	527.3	423.8	367.5	424.2	581.4	343.7	863.6	269.4	531	576.2	515.6	640.4	369.9	476.6	507.6	180.4	624.2	264.2	490.9	484.7	554.9	519
Tmem160	581.6	527.6	635.3	922.6	651.3	569.8	792.2	630.6	658.2	564.7	1282.5	1444	832.4	1024.8	1051.5	1000.8	656.6	611.2	964.2	437.3	685.9	736.8	1273.5	1101.3
Rab5c	1039.4	772	1148.6	1361.7	1598	878.7	1353.6	1059.4	1342.1	1432.9	1635.5	1879.8	1213.9	1668.9	1149.1	1929.8	1103.7	1028.8	1523	1436.4	372.4	279.5	326.8	354.6
Mdh2	1979	1124.8	1466.2	1400.8	1720.9	2089.6	1115.8	1615.6	2385.5	1929.6	2039.4	3389.1	1885	2304.2	2020.1	2026.9	1917.8	1218	1796.5	2722.8	5285.8	5435.6	7247.9	6999.4
H13	3160.2	3443.8	2819.5	3291.7	2385.2	1937.2	2727.1	2577.1	806.1	1999	2018.4	2841.6	3237	2771.5	3330.8	3689.6	2741.6	3140.2	4358.7	2817.7	4125.7	4133.5	5696.6	5189.5
Rnf145	566.9	475.7	380.5	457.5	416.8	774.3	462.5	438.7	515.5	307.5	208.6	212	484.4	439.4	480.6	298.5	654.2	496.2	399.5	522	1234.1	1151.8	919.9	814.7
Atp6v1e1	831.5	930.8	795.6	1146.5	908	1427.9	894.1	900.8	1321.6	952.6	970.7	1054	683.1	1245.6	933.6	944.2	791.1	1159.8	995.1	1280	1350.3	1432.9	2555.1	2325.6
Chtf18	44.1	62.2	72	19.6	48.6	71.4	69.9	167.4	145.8	87.1	202.7	144.9	29.5	103.4	113.6	91.1	98.1	26.2	167.6	169.3	940.5	944.3	675	634.8
Ppp1r12c	1251.5	1021.6	1002.4	1173.7	949.5	841.6	729.2	611	1200.4	793.4	780.7	822.2	553.1	1065.2	560.7	655.7	632.4	705.7	650.4	895.2	1096.5	1126	900.5	935.7
Ahr	109.2	229	117.2	241.3	51.5	115.3	101.9	16.6	10.3	62.6	201.2	53.7	0	151.9	112.1	193.3	48.5	26.2	177.2	77	116.2	148.8	107.4	51.8
Map1s	217.3	245.9	297.9	247.8	204.5	215.6	502.5	377.9	391.2	308.9	389.6	359.7	492.4	194.4	409.3	190.2	155.1	504.9	355.5	264.2	1263.6	1318.6	1790.2	1697.3
Tmem129	123.9	91.5	163.8	200	43.6	43.9	169.8	191.9	181.8	202.8	340.3	257.7	63.8	29.3	208.3	73.9	78.7	270.7	240.2	194.9	587.2	567.7	603.2	574
Nop9	415.8	398.8	279.5	219.5	391.8	196.3	355.6	415.2	269	443.6	501.8	742.6	825.2	498.8	607.3	271.2	548.8	512.2	392.4	366.8	2005.2	1968.5	3810.5	3591.9
Hsd17b1	0	0	9.2	0	0	4.1	24	2	0	1.4	5.2	0	0	96.1	17.5	0	0	0	4.8	0	4.8	3.1	140.9	121.6
Atp6v0a1	90.3	303	217.4	385.8	82.9	135.9	106.9	148.8	99.6	186.4	282.7	221.9	23.1	217.9	150	147.7	132.1	119.3	139.1	120.6	471.1	500.3	654.2	635.4
Psmc3ip	86.1	127.3	117.2	157.6	271	214.2	309.7	229.1	557.6	298	202.7	278.3	192.3	278.8	163.1	186.2	229	168.8	250.9	311.7	362.8	338.3	422	510.5
Zfp687	891.4	688.6	830.2	745.5	718.6	579.4	353.6	560.1	639.8	616.4	768	605.7	545.9	598.6	525.8	773.1	554.9	797.4	784.7	452.7	672.4	655.4	396.5	593.4
D8Ertd738e	362.2	405.4	442.6	659.6	281	527.2	412.6	449.4	550.4	460	938.5	693.4	273.7	570.7	418	600.1	351.3	327.4	560	573.3	896	915.3	848.1	715
Calm3	553.3	657.1	605.7	759.6	1235.5	756.5	636.3	579.6	1064.9	1522.7	1426.1	1442.3	784.5	999.1	1344.3	1707.2	926.8	782.9	1191.3	1608.3	4048.5	3810.1	4129.2	4613
Cops3	933.4	712	765.9	1131.3	1149.7	956.9	1093.8	1007.5	1648.2	1329.5	1191.3	627.2	1245.8	1357.1	1239.4	967.4	1367.8	1040.4	1018.9	1385.1	1437.8	1317	2235	1927.6
Fkbp8	604.7	503.5	850.7	1011.7	500.5	520.3	1065.9	761.8	802	766.1	1036.5	1026.2	374.3	640.4	761.7	990.7	690.5	390	911.9	747.7	3729.5	3879.8	3268.3	3236.6
Ddx39b	811.6	701.8	770.9	536.8	1033.9	742.8	821.1	832.3	916	849.1	1064.9	1220.4	1106.9	973.5	814.1	954.3	971.6	726.1	897.7	1218.4	4682.7	4736.4	4211.7	4125.1
Gipc1	185.8	307.4	336.7	402.1	163	311.7	431.5	393.6	389.2	466.8	412.8	578.9	474.8	531.8	356.8	409.8	282.3	298.3	401.9	400.1	1064.6	1114.2	1505.7	1622.9
Tlcd1	0	92.2	27.5	0	21.4	79.6	88.9	66.6	6.2	6.8	33.7	17.9	8	32.3	96.1	78.9	32.7	0	145.1	30.8	42.2	34.5	67.1	80.2
Plscr3	821	933	1032.8	1264.9	1086	1164.2	1244.7	1301.3	1455.1	925.4	1364.8	1605.1	1170	974.2	1556.9	1450.1	1273.3	1295.1	1148.5	1023.5	1904.1	2008.4	2226.3	2557.2
Ptger1	0	0	0	0	0	0	0	0	0	0	0	0	0	0	0	0	0	0	0	0	485.4	512.9	211.4	222.6
Xab2	534.4	422.2	373.4	255.4	249.5	654.9	331.6	232.1	386.1	315.7	534	531.5	223.5	563.4	611.7	362.3	272.6	390	398.3	610.5	1675.7	1655.3	1531.2	1738
Cdc37	1540.2	1740.9	1080.1	1504	1562.2	1631	1164.8	1432.5	2040.4	1364.9	2184.4	2303	2185.1	1657.9	1896.3	2265.8	1860.8	1356.2	1743	2068.7	4803.7	4791.2	4532.5	4666.7
Rab4a	261.4	87.1	288	305.4	270.3	120.8	44	269.3	71.9	189.2	261	395.5	4.8	329.4	125.3	163.9	134.5	141.1	204.5	223.2	101.1	102.6	83.2	93.2
Trip10	249.9	175.6	233	140.2	100.8	152.4	155.8	172.3	178.7	234.1	9	41.2	116.5	44.7	84.5	94.1	159.9	157.2	20.2	46.2	158.3	207.5	244.9	329.4
Cops6	448.3	668.1	623.3	573.8	411.8	670	487.5	375	727	578.3	332	781.1	547.5	581.7	527.2	599.1	599.7	125.1	388.8	486.1	1971.7	2002.1	2727.5	2433.6
Ubb	13452.2	14067.1	17039.1	17972.1	15194.7	14932	18023.9	14701.7	15382.8	15031.5	19997.3	23069.9	14788.2	15233.6	14755	19609.6	14278.5	17457.4	18509.5	16233	5425.1	5374.5	3420	3373.2
Ap4m1	242.5	608.1	484.3	504.2	179.5	527.2	292.7	471.9	241.3	360.6	659.6	410.7	417.4	394.7	493.7	686.1	454.3	273.6	716.9	469.4	167.9	172.3	144.9	172.8
Gyg	464.1	545.9	595.1	597.7	537.7	744.1	600.4	764.7	360.4	624.6	758.3	948.4	383.9	495.2	954	910.8	355	497.7	517.2	531	469.5	558.3	1711.7	1527.1
Rcn3	349.6	234.2	220.3	230.4	75.1	97.5	253.7	127.3	42.1	62.6	137.6	180.7	94.2	49.9	128.2	215.5	173.2	32	66.6	150.1	190.2	187.9	138.2	157.2
Arid3a	290.8	288.3	257	227.1	221.6	155.1	387.6	283	178.7	194.6	166	26.8	320.8	308.1	100.5	161.9	95.7	117.9	123.7	247.5	1146.6	1117.3	832.7	909.8
Ubxn6	509.2	834.2	686.2	635.7	510.5	523.1	589.4	541.5	438.5	341.6	618.5	235.3	423.8	504.7	292.7	570.7	382.8	478.7	479.1	528.4	818.8	861.3	534.8	557.8
Mydgf	410.5	310.3	355.8	331.4	517.6	497	399.6	403.4	394.3	325.2	402.3	510.9	569.8	275.8	454.4	440.2	390.1	570.4	356.7	529.7	1085.3	1081.3	2134.4	1976.8
Cyb561	0	0	11.3	12	0	45.3	1	49	0	2.7	50.9	43.8	0	5.1	0	49.6	2.4	0	66.6	29.5	45.4	32.1	89.9	71.8
Ccdc12	519.7	542.3	749	830.2	691.4	584.9	740.2	830.3	638.7	602.8	1002.9	931.4	630.5	440.9	688.9	691.2	718.4	992.4	681.3	591.2	744.8	764.2	507.3	419.9
1110001J03Rik	1495	1036.9	1473.3	1486.6	1555.1	924	1605.3	1196.5	1961.4	1736.4	2211.4	3033	1138	1602.1	1733.1	1919.7	1060	950.2	1877.3	1544.2	223.6	218.5	475.1	401.8
Akt3	888.2	1265.3	773.7	1083.5	632	745.5	876.1	750	552.5	689.9	715.7	770.3	722.2	858.3	633.5	615.3	890.4	711.6	876.3	628.4	89.1	106.5	71.1	83.5
Mrpl24	1478.2	1388.2	1159.8	1527.9	1091.1	1046.2	1057.9	1305.2	1090.6	1318.6	1477.7	1348.3	1277.7	987.4	1189.9	1179.9	1010.4	1068.1	1261.5	1454.4	398.6	405.6	689.1	542.2
Gle1	1573.8	925	1295.4	979.1	918	1069.5	1112.8	1028.1	1271.3	1219.3	1204	1351.9	1038.3	1169.3	988.9	1048.4	1164.2	1087	1057	838.8	1276.3	1363.2	1490.9	1730.9
Lyst	71.4	182.2	121.4	173.9	329.6	292.4	3	216.4	306	98	143.6	316.7	336.8	198.1	148.6	242.9	490.6	487.5	386.4	188.5	214	201.2	240.9	298.3
Slc35e1	163.8	343.9	273.9	310.8	185.2	357	470.5	449.4	156.1	318.4	256.5	476.9	197.1	413	272.4	318.8	256.8	334.7	450.6	428.4	1561.2	1644.3	1891.5	2068.7
Tmc4	46.2	98.8	60.7	110.8	81.5	0	98.9	125.3	190	110.2	14.2	164.6	112.5	36.7	61.2	38.5	69.1	21.8	79.7	105.2	4	4.7	5.4	6.5
Polr2i	658.3	192.5	288.7	299.9	370.4	458.6	231.8	243.8	461.1	244.9	301.4	290.8	249.8	214.2	359.7	160.9	473.7	241.6	271.1	505.3	274.5	272.5	326.1	324.2
Krt10	113.4	39.5	168	9.8	76.5	5.5	29	68.5	77	0	62.1	20.6	151.6	58.7	43.7	32.4	17	151.3	35.7	55.1	49.3	54	20.1	20.7
Rmnd1	186.9	510.1	251.3	407.5	484	267.7	293.7	301.6	443.6	341.6	403.1	357	376.7	478.3	349.5	355.2	300.4	293.9	455.4	389.9	168.7	150.3	288.5	302.8
Esr1	601.6	562	427.8	460.8	311	273.2	410.6	298.6	267	217.7	133.9	76.9	292.9	327.9	294.2	484.7	982.5	926.9	545.7	445	341.4	392.3	397.2	472.4
Fbxo5	762.2	681.3	456.7	642.2	1061	1294.7	1665.2	1132.9	2281.7	1756.8	1617.6	1614	1225	995.5	1026.8	1199.2	1493.8	1756.4	1190.1	1210.7	1201.5	1160.4	661.6	594
Mtrf1l	178.5	270.8	198.4	195.6	86.5	249.9	66.9	197.8	297.8	251.8	210.9	134.2	394.2	237.7	151.5	285.4	261.7	126.6	306.7	201.4	157.5	125.3	202	212.9
Hdac2	870.4	1240.4	941	897.6	1478.6	1206.8	1073.9	1309.1	1359.6	1643.9	918.4	826.7	1218.6	1648.4	1540.9	1193.1	1373.8	1088.5	896.5	1310.7	2584.4	2489.2	3410.6	3053.5
Rwdd1	473.5	648.4	636	674.8	627.7	773	722.2	549.3	585.3	881.8	941.5	894.7	802.9	1035.8	923.4	851.1	896.5	730.5	850.1	1061.9	306.3	320.2	448.9	387.6
Stxbp5	1285.1	1411.6	1037.7	1362.7	1609.4	1190.3	940	1129.9	1402.7	1129.5	1336.4	1062.9	1017.5	1281.6	901.5	1032.2	942.5	640.3	810.9	651.5	576.1	575.5	1081.6	1224.3
Hint3	35.7	54.2	81.9	202.1	55.1	188.1	33	75.4	0	127.9	34.4	93	144.4	84.4	132.5	54.6	10.9	45.1	115.3	57.7	105	94.7	111.4	101.6
Trmt11	378	335.9	446.2	220.6	161.6	190.8	392.6	333.9	641.8	99.3	262.5	297.9	365.5	236.9	243.2	174.1	189	53.8	210.4	192.4	253	245.9	361	416.7
Katna1	662.5	657.9	708.1	461.9	469.7	444.8	1008.9	341.7	555.5	342.9	363.5	553.8	645.6	589.8	435.5	436.2	885.6	510.8	394.7	636.1	469.5	451	632.7	479.5
Pcmt1	1330.2	1637	1166.2	1572.5	1430	1087.4	1585.3	1331.6	1904.9	1657.5	2022.2	1981.8	1071.8	1384.3	1489.9	1378.3	1222.4	1241.2	1320.9	1297.9	1295.4	1391.4	1709.6	1921.2
1700021F05Rik	224.7	162.5	216	193.4	272.4	156.5	113.9	133.2	299.9	259.9	353	362.4	373.5	215.7	221.4	142.7	157.5	97.5	115.3	83.4	141.6	160.5	224.1	172.8
Sec63	1274.6	1397	712.3	773.7	845.1	977.5	1016.9	842.1	843.1	873.6	758.3	970.8	1092.6	964.7	1214.7	884.4	1101.2	931.3	709.8	842.6	1066.2	1070.4	965.5	934.4
Snx3	2648.9	2546.6	4638.7	5357.5	3745	3495.5	4716	5925.7	3033.4	5425.6	4802.6	3280.9	3000.7	1937.4	5661.1	5318.8	2059.5	3259.5	4059.1	4928.8	2513.6	2551.8	3825.9	3484.5
Aig1	986.9	889.9	989.7	928.1	679.2	698.8	766.2	566.9	356.3	402.8	569.1	630.8	454.9	658	474.8	544.4	583.9	408.9	702.7	561.7	322.3	305.4	306	318.4
Adat2	190	176.4	39.5	148.9	132.3	97.5	26	73.4	53.4	46.3	35.9	154.8	86.2	242.8	52.4	62.7	124.8	88.8	58.3	44.9	54.1	65	65.8	73.1
Pex3	316	581.8	386.9	464	509.1	318.5	308.7	293.7	521.7	587.9	370.9	525.2	360.7	278.8	321.9	327.9	407.1	561.7	388.8	350.1	273.7	335.9	387.8	315.8
Fuca2	208.9	331.5	638.2	334.7	340.3	153.8	465.5	379.9	406.6	270.8	621.5	529.7	523.5	691	531.6	439.2	523.4	538.4	727.6	665.6	1583.4	1597.3	3435.4	3002.4
Cep57l1	991.1	837.2	560.5	1045.4	802.2	974.8	752.2	687.4	428.2	948.5	759.1	382	884.3	641.2	763.2	525.2	1079.4	928.4	934.5	787.5	467.9	476.1	467.7	404.4
Ltv1	615.2	550.3	605	565.1	674.2	657.6	1067.9	792.1	793.8	968.9	1016.3	1147.9	912.2	889.8	1214.7	653.7	638.4	631.5	642	899.1	880	927.9	1227.2	1518
Cd164	1544.4	1706.5	2373.4	2108.2	1651.6	2210.4	3458.3	2153.1	3061.1	2674	2370.7	2095.4	2495.6	2852.9	3699.3	3163.4	2650.7	2853.6	2902.2	1860.9	4608.7	4478	4759.2	4894.4
Utrn	2984.8	3078.6	3039	2829.8	2553.9	2218.7	2205.7	2250.1	1415	1720.1	1596.6	1459.3	1462.9	1391.6	1395.3	1733.5	1807.5	1830.6	1977.2	1240.2	582.5	613.1	88.6	102.9
Smpd2	304.5	176.4	219.5	356.4	227.4	244.4	543.4	281	95.5	24.5	118.2	542.2	232.2	321.3	219.9	238.8	143	296.9	347.2	363	240.3	240.4	321.4	307.4
Mical1	50.4	114.9	151.1	97.8	135.8	171.6	193.8	93	159.2	151.1	156.3	229.9	427	169.5	142.7	292.5	282.3	256.1	216.4	251.4	1296.2	1346.8	1128.6	1486.3
Zbtb24	201.6	162.5	220.3	302.1	177.3	271.8	80.9	272.2	135.5	126.6	55.3	80.5	182	221.5	199.5	132.6	382.8	93.1	186.7	98.8	452.8	466.7	367.7	380.5
Rab32	1601.1	1322.3	1532.6	1644.2	1098.9	1239.8	1641.3	1460.9	1091.6	1163.5	984.9	996.7	1015.1	887.6	1242.3	1040.3	959.5	1348.9	1108.1	982.4	315.9	307.7	3723.9	3478.7
Gtf3c6	1201.1	1127.7	571.1	648.8	1177.6	786.7	497.5	780.4	983.8	709	759.1	1147	1084.6	915.5	1089.4	1140.5	1388.4	701.4	972.6	952.9	506.9	516	542.1	511.2
Slc16a10	43	106.8	55.1	125	180.9	157.9	191.8	149.8	332.7	259.9	197.4	160.2	174.8	415.2	307.3	188.2	124.8	241.6	167.6	178.3	124.9	99.4	199.3	196.7
Rev3l	341.2	389.3	396.7	288	500.5	350.1	540.4	336.8	763	600.1	287.9	157.5	365.5	552.4	441.3	388.6	490.6	614.1	319.8	319.3	327.8	292.1	200	114.5
Traf3ip2	57.7	19.8	43.1	57.6	0.7	0	13	8.8	54.4	0	0.7	0	43.1	121	18.9	47.6	77.5	165.9	40.4	155.2	403.4	361	104	149.5
Fyn	985.8	1366.2	1488.1	1065	1201.2	1264.5	1113.8	1653.8	1704.6	1511.9	1552.5	1339.4	1267.3	939.7	1134.6	922.9	661.5	1282	706.2	852.9	3899.7	3991.7	169.1	203.2
Tube1	97.6	68.8	60.7	79.3	100.8	78.3	127.9	114.6	148.9	174.2	161.5	281.8	225.9	155.5	71.4	167	146.6	228.5	151	100	206.1	224.7	206.7	249.1
Prep	433.6	357.8	362.1	266.2	338.2	289.7	639.3	480.8	400.5	479	321.6	680.9	891.4	515.7	343.7	408.8	219.3	285.2	237.8	672	2847	2907.3	2919.4	3435.9
Tnfaip3	336	175.6	163.1	63	175.9	148.3	240.7	202.7	115	175.5	8.2	0	162.8	134.2	209.7	63.8	80	352.1	32.1	134.7	657.2	684.3	140.9	173.4
Reps1	493.4	505.7	537.2	448.8	549.8	756.5	519.4	422	428.2	455.9	265.5	280.9	529.9	427.7	394.7	627.4	590	780	492.2	522	1469.7	1427.4	811.9	962.8
Fam184a	298.2	388.6	266.8	378.2	203.8	282.8	244.7	184.1	179.7	121.1	260.2	53.7	92.6	99.8	164.6	141.7	224.1	184.8	205.7	114.1	26.3	18.8	5.4	0
Asf1a	382.2	381.3	440.5	423.8	450.4	762	551.4	529.7	673.6	756.6	245.3	258.6	433.3	804.7	798.1	260.1	432.5	635.9	390	702.8	781.4	753.2	1392.9	1383.4
Gopc	785.3	556.2	606.4	633.6	526.9	686.5	720.2	499.4	586.4	577	433.7	975.2	641.6	670.5	573.8	459.4	519.7	669.4	464.9	610.5	490.9	421.3	607.9	585
Qrsl1	207.9	412	280.3	207.6	255.2	472.3	439.5	474.9	245.4	488.5	542.9	272	532.3	435	591.3	566.7	411.9	401.6	614.7	592.5	275.3	306.2	205.3	212.2
Rtn4ip1	110.2	106.8	50.8	123.9	122.3	5.5	178.8	56.8	123.2	119.8	148.1	172.7	205.1	88	253.4	150.8	77.5	135.3	101.1	96.2	404.2	411.9	591.1	579.1
Aim1	99.7	106.1	174.4	160.8	12.9	70	30	70.5	27.7	16.3	1.5	0.9	20	0	5.8	59.7	93.3	190.6	99.9	139.8	194.9	133.9	6	0
Vta1	490.3	641.8	617	758.5	309.6	535.4	919	421	654.1	689.9	517.5	342.7	608.1	382.2	712.2	666.9	465.2	762.5	662.2	775.9	541.1	623.3	565	663.2
Smpdl3a	1531.8	913.3	1322.2	1477.9	590.6	536.8	1076.9	815.6	234.1	499.4	350	536.8	547.5	597.9	723.8	624.4	585.1	694.1	782.3	539.9	280.9	349.2	1923.7	2049.9
Reep3	796.9	1304.8	1432.3	1530.1	1206.2	1517.1	1197.7	1066.3	542.2	932.2	802.4	671	1243.4	812.1	1639.9	845	995.8	1401.3	1014.2	1186.3	734.4	711	542.8	579.8
Pkib	4.2	11	36.7	61.9	18.6	0	31	53.9	2.1	40.8	95	1.8	159.6	124	164.6	82	262.9	480.2	292.5	159	555.4	543.4	479.1	368.2
Serinc1	1066.7	1061.1	1142.2	1000.9	1168.3	889.7	903	892	836.9	842.3	827.9	740.8	862.7	912.6	700.5	705.3	908.6	1046.3	957.1	625.9	1349.5	1195.6	1614.4	1818.3
Hsf2	96.6	83.4	223.8	105.4	410.4	259.5	88.9	237.9	243.4	228.6	213.9	148.5	582.6	344.1	192.2	187.2	212	228.5	222.3	202.6	40.6	40.7	47	29.8
Echdc1	237.3	138.3	336.7	228.2	563.4	538.2	259.7	341.7	325.5	328	209.4	350.7	261.8	435.7	600	116.4	258	195	341.2	215.5	68.4	76.7	99.3	80.2
Slc6a15	873.5	848.9	1283.4	954.1	650.6	672.7	690.3	752	285.5	298	164.5	50.1	118.9	124.7	234.5	101.2	24.2	30.6	26.2	33.3	4.8	3.9	12.7	0
Ccdc59	800	785.9	841.5	984.6	1051.7	735.9	705.3	847.9	658.2	850.5	709.7	430.4	781.3	587.6	697.6	755.9	825	912.4	672.9	824.7	450.4	462	369	313.2
Ppp1r12a	1459.3	1560.9	1077.3	1562.7	1903.3	1901.5	1408.5	1560.7	1526	1469.7	2017.7	1693.7	1799.6	1320.4	1657.4	1255.8	1545.8	1280.5	1525.4	1574.9	370.8	383.7	292.5	303.5
P4ha1	201.6	393.7	285.2	266.2	252.4	197.7	154.8	273.2	135.5	191.9	65.1	164.6	328	190	263.6	324.8	536.7	544.2	470.8	422	449.6	462	1032.6	1128.5
Sept10	19.9	13.2	20.5	72.8	17.9	16.5	52.9	39.2	2.1	42.2	3.7	0	9.6	1.5	21.8	32.4	124.8	141.1	2.4	98.8	36.6	61.9	83.9	103.5
Lims1	1580.1	1495.8	2052.2	1805	2247.9	3219.5	4048.7	2756.3	4097.3	3947.7	2713.2	2268.1	1574.6	2397.3	2535.6	1547.3	3162	4179.2	2777.4	1832.7	1779.2	1788.4	2197.5	2204.6
Zwint	1225.2	815.9	1166.9	1109.5	1288.4	1172.5	1665.2	1261.1	1397.6	1481.9	1625.8	1376.9	1387	1578.7	1827.8	1464.3	1395.6	1530.8	1489.7	1178.6	1334.4	1324.8	1615	1628
Ube2d1	302.4	484.4	302.8	452.1	447.6	427	449.5	364.2	383	308.9	190	204	320	440.9	345.2	375.4	439.8	471.5	263.9	405.3	433.7	390.7	561.6	462.7
Slc17a8	221.5	96.6	163.1	167.4	2.1	19.2	1	0	0	0	35.9	0	0	0	0	0	0	0	0	0	0	0	0	0
Cdk1	1038.3	646.9	1285.5	1173.7	3205.2	2588	2691.1	2350.9	5037.9	4878.5	5080.8	4752.7	2487.6	3848.4	2870.6	3476.1	3845.2	3437.1	3576.3	3161.4	2678.3	2558.1	1676.1	1673.3
Atp2b1	2397.9	3056.7	2124.9	2828.7	1990.5	2327.1	2446.4	2404.8	1780.6	1824.8	1273.6	1097.8	2037.5	2477.3	2037.5	1283.2	2194	1974.6	1732.3	1528.8	457.5	504.3	844.8	862.5
Rhobtb1	404.2	311	475.8	236.9	182.3	259.5	473.5	295.7	53.4	85.7	203.4	173.6	324.8	141.6	252	197.3	267.7	179	224.7	80.8	82.8	83	36.9	106.8
Arid5b	98.7	182.2	67.8	100	44.3	28.8	45	119.5	49.3	24.5	1.5	8.1	307.3	183.4	131.1	76.9	270.2	379.8	321	209.1	197.3	178.5	181.2	181.8
Actr6	260.4	442.7	417.2	231.5	348.2	410.5	773.2	315.3	531.9	481.7	229.6	117.2	190.7	656.6	439.8	372.4	364.7	493.3	181.9	241.1	241.9	246.6	337.5	352
Uhrf1bp1l	1112.9	1047.9	744.8	837.9	968.8	1108	967	1027.1	1215.8	936.2	1261.6	1113.9	1229	1330.7	1013.7	705.3	1232.1	890.6	915.5	845.2	1045.6	1032.8	1313.8	1220.4
Poc1b	1222.1	936	951.6	1261.7	893	970.7	1048.9	1433.5	1020.7	1601.7	1417.2	1158.6	1529.9	1293.3	1383.6	1133.4	891.6	1046.3	1016.5	1559.6	678.7	614.7	921.3	850.3
Dusp6	1363.8	1102.1	1063.1	633.6	891.6	944.6	734.2	911.6	699.3	823.3	758.3	608.4	755.8	625	818.5	883.4	1198.2	1149.6	1310.2	1235.1	1817.4	1832.2	556.2	374.7
Tmpo	2677.2	3354.5	3312.2	3652.4	6031.5	5612.6	5377.3	5745.6	7700.6	8860.2	8551.6	6602	5489.9	5753.5	6379.1	7612.9	4859.2	6345.9	6696.1	6085.6	8846.6	8855.7	7019.8	7449.7
Psen1	212.1	96.6	257	293.4	291.7	238.9	222.8	223.2	222.8	292.6	519	275.6	347.2	124.7	368.5	303.6	300.4	343.4	300.8	359.1	1515.8	1551.9	2842.3	2929.9
Sgk1	4.2	4.4	37.4	3.3	17.9	23.3	44	40.1	0	15	69.5	27.7	0	37.4	24.8	9.1	132.1	74.2	20.2	26.9	1093.3	990.5	146.3	261.4
Cep290	1091.9	942.5	389	634.6	862.3	387.2	546.4	668.7	708.6	653.2	728.4	943.9	736.6	1048.3	718	674	1402.9	1068.1	1097.4	765.7	151.2	142.5	22.1	65.4
Ikbip	332.8	250.3	213.2	283.6	333.2	476.4	217.8	130.2	231	304.8	194.4	194.2	304.9	303	222.8	227.7	123.6	215.4	285.3	215.5	233.1	219.2	304.6	271.8
Hbs1l	557.5	417.8	677.7	547.7	505.5	402.3	912	779.4	712.7	711.7	1197.3	1281.2	628.9	468.8	837.4	759	788.7	692.7	561.2	867	1003.4	1028.9	1327.2	1338.8
Epb41l2	1590.6	1320.9	996.8	1082.4	1066	1357.8	1114.8	917.5	1011.5	869.6	654.4	799.9	1344.7	638.2	793.7	674	1401.7	1234	1293.6	1213.3	1159.3	1112.6	480.4	436.8
Apaf1	310.8	243.7	803.4	650.9	538.4	730.4	857.1	661.9	1120.3	1122.7	584.1	310.5	828.4	968.3	604.4	665.9	341.6	667.9	545.7	423.2	875.3	906.7	1040	1086.4
Myb	6079.9	7195.7	6937.9	6752.8	8129.3	7030.8	8009.5	6682.6	8544.7	7943.1	6973.6	8426.3	10431.5	10380.9	9115.7	9103.5	6989	6817.4	6076.7	7341.2	4054.1	4033.2	8015.5	8203.6
Med23	446.2	539.3	653.7	766.1	833.7	354.2	509.5	398.5	267	650.5	795	726.5	644	581.7	598.6	645.6	728.1	558.8	611.1	388.6	487	418.9	686.4	682
Ahi1	403.2	564.2	266.1	200	479	394	327.7	329	548.4	65.3	278.9	139.6	257.8	203.9	113.6	159.9	472.5	176.1	304.4	198.8	167.1	184	73.8	61.5
Nedd1	292.9	245.1	417.9	173.9	308.2	366.6	348.6	325.1	261.9	364.7	560.1	446.5	344	288.3	431.1	305.6	430.1	509.3	198.6	242.4	716.9	661.6	943.4	979.7
Mtfr2	476.6	283.9	339.6	439	783.6	833.4	449.5	593.4	927.3	815.1	766.5	1229.3	570.6	639	598.6	625.4	533.1	726.1	661.1	391.2	382.7	413.4	755.5	830.2
Map7	1496.1	1571.1	1654	2032.2	1189.7	1344.1	1626.3	1263.1	1374	1290	1355.8	865.2	1304	1036.6	1184.1	1593.8	1555.5	1436.2	1538.5	769.5	751.9	790.8	458.3	548.1
Stx7	670.9	589.1	812.5	766.1	542	764.7	983	521.9	490.9	699.5	483.9	428.6	627.3	493	492.3	413.9	777.8	542.8	423.3	610.5	2007.6	1962.2	1632.5	1500.6
Pex7	614.2	133.2	402.4	444.5	387.5	538.2	741.2	445.5	1044.3	628.7	260.2	252.3	733.4	389.5	923.4	343.1	708.7	539.9	419.7	423.2	557	533.2	878.3	765.5
Ifngr1	499.7	478.6	504.7	242.3	504.8	402.3	485.5	250.7	1081.3	794.7	220.6	510	411	805.5	742.8	315.7	585.1	656.3	397.1	792.6	1682.1	1614.5	9768.1	9979.1
Cdk17	2898.7	2739.8	2672.7	1599.6	3115.9	3006.7	2541.3	2175.6	2085.6	2110.6	1152.4	440.2	2363.1	1930.1	1816.2	1014	1451.4	1593.4	498.2	886.2	1036.8	1019.5	401.2	601.1
Hal	0	0	0	0	0	0	0	0	0	0	0	0	0	0	0	0	7.3	0	0	0	0	1.6	108.7	33
Snrpf	4790.6	3582.1	3558.6	1825.7	3435.5	3208.5	4393.3	3184.1	4694.9	4507	658.1	498.3	3625.6	5074.9	4456.6	1183	3220.1	4061.3	623	3131.9	91.5	88.5	123.5	128.8
Ndufa12	876.7	946.9	885.2	1004.1	1317.7	1253.5	1193.7	1013.4	1686.1	1023.3	1151.7	2136.5	1151.6	1431.2	1369	1280.1	1100	1161.2	1348.3	1208.1	375.6	396.2	428.1	495
Tmcc3	72.4	125.9	86.8	106.5	129.4	196.3	58.9	70.5	41.1	76.2	37.4	14.3	71.8	65.3	17.5	23.3	134.5	48	38	127	70.8	94.7	14.8	11.6
Cep83	891.4	761.8	499.1	540.1	826.5	551.9	835.1	719.7	676.7	902.2	646.9	697	812.4	923.6	882.6	683.1	552.4	797.4	613.5	1236.4	545.9	564.5	491.8	451
Socs2	1221	1277	737.7	1118.2	436.9	297.9	471.5	396.5	216.7	137.4	111.4	78.7	35.1	94.6	109.2	81	186.6	50.9	108.2	101.3	401	414.2	0	2.6
Nudt4	610	499.1	361.4	258.6	498.3	567	513.5	559.1	517.6	770.2	680.5	689.8	569.8	616.2	525.8	484.7	558.5	567.5	536.2	856.7	1278.7	1486.1	1698.9	1736.1
Tcp11l2	899.8	549.6	578.9	327.1	391.1	536.8	325.7	257.5	309.1	121.1	56.1	1.8	202.7	420.3	439.8	98.2	622.7	179	248.5	346.3	619.9	606	681.7	586.9
Cry1	148	130.3	168.7	56.5	190.2	267.7	81.9	176.2	222.8	332	317.8	542.2	173.2	298.6	340.8	230.7	118.7	148.4	193.8	219.3	786.9	898.1	1519.1	1437.1
Btbd11	60.9	43.2	23.3	0	0	0	4	0	81.1	13.6	44.1	137.8	0	0	26.2	14.2	111.5	0	32.1	33.3	29.4	26.6	111.4	116.5
Timp3	317.1	603	580.3	516.2	864.4	347.4	309.7	363.3	453.9	328	222.1	387.4	91	23.5	42.2	22.3	0	109.1	0	180.8	19.1	17.2	7.4	0
Hsp90b1	3961.2	5242.5	3512.7	3247.1	6324	5176	3515.3	4836	5777.3	4539.7	4728.6	5362	5616	7087.1	5799.5	5008.2	4225.6	3837.2	5100.6	6307.5	10313.1	9831.4	14055	14119.1
Igf1	277.2	175.6	247.1	150	136.6	0	0	31.3	14.4	92.5	85.3	0	86.2	44.7	16	34.4	25.4	0	17.8	25.7	38.2	38.4	1.3	9.7
Ccdc53	774.8	654.2	993.2	733.5	531.2	488.8	830.1	635.5	562.7	315.7	264.7	125.3	517.1	531.8	536	689.1	472.5	643.2	523.1	468.1	315.9	290.5	403.9	390.8
Dram1	53.5	39.5	15.5	30.4	59.3	35.7	32	51.9	4.1	29.9	2.2	26.8	38.3	89.5	104.9	76.9	37.6	1.5	22.6	132.1	28.6	33.7	895.1	936.3
Sirt1	601.6	580.3	758.2	893.3	715	888.3	680.3	835.2	642.8	681.8	862.3	857.1	562.6	519.4	764.6	797.4	662.7	660.6	602.8	598.9	358.1	352.4	556.2	667.1
Herc4	746.5	435.4	556.3	510.8	282.4	657.6	554.4	519.9	586.4	507.6	451.7	250.5	435.7	563.4	439.8	721.5	522.1	470	519.6	548.9	593.6	584.1	758.2	804.3
Hnrnph3	4370.7	4044.6	3699.8	3238.4	3365.4	2905.1	3287.5	2245.2	2210.9	2049.4	2240.5	2209.9	2868.2	2956.3	2057.9	2255.6	2963.3	2191.5	2366	1451.8	436	379.8	439.5	482.1
Rufy2	615.2	1076.5	624	448.8	356.8	267.7	212.8	427.9	318.3	274.9	273	329.3	564.2	301.5	199.5	280.3	293.2	308.5	417.3	354	117	140.2	112.7	49.8
Ccar1	4629	4410.5	3448.5	4115.4	3941.7	3945.8	4293.5	3973.3	4704.2	4690.7	4511.7	4537.9	4359	4618.6	4373.6	4220.9	4895.6	4976.6	4273.1	3915.6	1607.3	1629.4	1312.4	1468.9
Ddx21	4127.1	3650.9	2446.1	2567.9	3411.2	3752.2	2699.1	3923.4	5025.6	4187.2	3978.5	3140.4	4329.5	4300.3	3887.2	4020.5	3002	3221.7	3005.7	5865	1488.8	1722.6	1820.4	1487.6
Ddx50	2360.2	2231.2	2522.3	1806.1	1720.2	1919.4	1901	2018	1534.2	1990.9	1485.2	1065.6	1333.6	1615.4	1508.9	1314.5	1857.2	1238.3	1488.6	1934.1	1010.5	919.2	1153.4	1240.4
Srgn	6316.1	6460.9	14179.4	13287.3	8950.8	11227.9	21624.1	16111.7	11116	21601.5	14895.5	6111.7	11438.7	12616.2	20113.2	14579.2	8172.6	14382.7	12137.9	8650.7	4015.9	4063.8	21504.1	20145.2
Vps26a	751.7	588.4	497.7	431.4	446.1	597.2	447.5	405.4	447.7	721.2	424	387.4	361.5	612.5	471.9	428.1	512.5	672.3	454.2	548.9	1336	1162	2655.7	2180
Supv3l1	233.1	238.6	206.8	316.2	441.9	189.5	129.9	214.4	271.1	253.1	353.7	408.9	201.1	258.2	219.9	179.1	301.7	199.4	255.6	523.3	460.7	462.8	713.9	749.3
2010107G23Rik	192.1	68.8	116.5	65.2	5	0	40	12.7	41.1	25.9	15	57.3	4.8	0	11.7	6.1	0	0	34.5	0	3.2	3.1	0	0
Aifm2	49.3	63.7	57.9	130.4	26.5	54.9	0	7.8	9.2	28.6	0	20.6	110.9	42.5	40.8	28.3	3.6	20.4	30.9	56.4	47.7	33.7	95.9	111.9
H2afy2	36.7	0.7	62.8	15.2	67.9	35.7	60.9	19.6	69.8	72.1	0.7	18.8	149.2	78.5	129.6	50.6	78.7	123.7	77.3	88.5	42.2	42.3	134.9	63.4
Tysnd1	121.8	200.5	160.2	270.6	184.5	196.3	417.6	296.7	508.3	411	341	453.6	434.1	287.6	407.8	242.9	204.7	154.2	275.8	301.4	817.2	801.8	2514.2	2102.3
Sar1a	745.4	878.1	640.3	621.6	765.7	748.2	834.1	671.7	833.8	883.2	700.7	965.4	569.8	921.4	904.4	666.9	508.8	932.8	759.7	861.9	2286.1	2309.9	3352.9	3120.8
Ppa1	806.3	712.8	1622.2	1432.3	787.9	1039.3	1365.6	1771.3	655.2	1392.1	1556.3	2117.8	770.9	561.9	1322.4	1482.5	734.2	1098.6	1037.9	1091.4	1289.8	1177.6	2176	1810.5
Eif4ebp2	765.4	1309.9	1034.9	1196.5	1741	2119.8	1405.5	2033.7	2117.4	1725.5	2607.7	1967.5	2334.3	2323.3	1929.8	1878.2	2263	2321	2071.1	1037.6	575.3	550.5	346.9	371.4
Sgpl1	694	234.2	619.8	524.9	436.9	1027	773.2	540.5	241.3	307.5	244.5	425	561.8	514.2	579.7	904.7	1064.9	1177.2	1213.9	1235.1	1351.9	1392.2	1937.8	2067.4
Pcbd1	338.1	207.8	449	335.8	177.3	346	187.8	346.6	85.2	103.4	92.7	183.4	132.5	121.8	301.5	152.8	138.1	256.1	136.7	182.1	15.9	8.6	102	106.8
Slc29a3	331.8	433.9	233.7	291.2	311.7	282.8	196.8	349.6	302.9	268.1	314.1	563.7	291.3	288.3	238.9	423	524.6	640.3	630.1	463	1516.6	1598.1	748.8	652.2
Vsir	294	203.4	204	186.9	96.5	175.7	84.9	182.1	73.9	38.1	143.6	200.4	257.8	247.2	203.9	197.3	129.6	90.2	262.8	338.6	766.3	685.9	2476.6	2280.9
Slc16a7	1	131.7	91.8	94.5	30	146.9	153.8	23.5	45.2	53.1	103.2	60.8	91.8	60.2	150	86	159.9	4.4	71.3	51.3	128.9	111.2	207.3	247.8
Anapc16	659.3	572.3	1110.4	879.2	609.9	479.2	537.4	634.5	710.6	748.4	761.3	1102.3	554.7	477.6	547.6	813.6	636	734.9	645.6	590	548.2	593.5	355.6	346.8
Ddit4	316	436.1	351.6	618.3	343.9	181.2	379.6	223.2	251.6	77.6	156.3	268.4	138.1	153.3	99	207.5	128.4	238.6	167.6	184.7	92.3	93.2	1.3	0
Dnajb12	115.5	240	165.2	93.5	112.3	233.4	170.8	135.1	45.2	84.4	144.3	268.4	2.4	180.5	67	120.4	95.7	151.3	96.3	93.6	307.9	274.1	208	210.9
Micu1	219.4	313.2	247.8	374.9	287.4	182.6	322.7	416.1	334.8	439.5	360.5	453.6	249.8	262.6	190.8	352.2	378	314.3	306.7	221.9	837.1	780.7	1519.1	1758.7
Cand1	1532.8	1766.5	1498	1492.1	2005.5	2082.7	2067.8	2203.1	1824.8	1669.7	2105.2	1888.7	1602.5	2043.8	1680.7	1811.4	1516.8	1859.7	1563.5	1509.5	2640.1	2412.4	2946.3	2851
Tbk1	1329.2	1034	1634.9	1849.6	1652.3	1279.6	1651.3	1410	1158.3	1020.6	1379	910.8	1748.6	1124.6	1383.6	1544.2	1249	2085.2	1524.2	987.5	698.6	702.4	733.4	810.8
Pno1	322.3	453.7	519.6	656.4	408.3	480.5	708.2	697.1	972.5	760.7	843.6	790.9	498.8	565.6	990.4	922.9	411.9	638.8	762.1	728.5	786.9	844.9	1480.2	1733.5
Plek	378	515.2	959.4	790	1720.9	2394.4	1693.2	1610.7	5710.5	3904.2	4975.4	5900.6	1561	1918.3	1886.1	2794	2742.8	2628	2803.5	2247	2312.3	2323.2	405.9	566.2
Egfr	0	0	0	0	30	0	34	0	0	0	0	126.2	0	0	0	0	0	0	0	34.6	191.8	187.9	0	0
Usp15	880.9	819.6	938.9	605.3	515.5	713.9	967	868.5	951.9	1035.6	724.7	579.8	1127.7	937.5	862.2	689.1	826.2	566.1	739.5	947.8	1448.2	1559.7	1801.6	1661
Elane	0	0	129.2	1.1	198	0	331.6	140	165.3	326.6	86	222.8	466.9	2059.2	652.5	553.5	32.7	8.7	25	1154.3	1854	2014.7	178551.7	168295.3
Vps54	332.8	777.9	582.4	377.1	526.9	807.3	468.5	436.7	305	336.1	366.4	183.4	229	542.9	343.7	308.6	442.2	298.3	475.6	411.7	603.1	534.8	271.7	371.4
Tbc1d15	1182.2	1012.1	980.5	1025.9	1535.8	983	1383.5	876.3	1231.2	691.3	987.2	1237.4	1251.4	1856.7	1287.5	1394.5	1352	1036.1	1146.1	870.8	1445.8	1479.1	2428.9	2314.6
Pcsk4	129.1	78.3	60	69.5	47.2	28.8	106.9	73.4	2.1	43.5	56.1	154.8	23.1	17.6	52.4	104.2	38.8	49.5	53.5	64.1	82	115.9	53.7	55.6
Rab21	308.7	642.5	472.3	621.6	544.1	553.3	794.2	666.8	1058.7	647.7	682.8	629	506	762.2	770.4	829.8	537.9	868.7	614.7	434.8	810	850.3	1078.9	896.8
2310011J03Rik	179.5	164.7	301.4	416.2	599.2	442.1	354.6	230.1	276.2	333.4	809.9	550.2	303.3	299.3	321.9	617.3	331.9	203.7	400.7	456.6	1021.7	1028.9	1109.1	914.3
Peli1	1410	1312.1	1693.5	1723.5	1928.3	1577.5	1386.5	1599.9	1351.4	1181.2	1180.1	1251.7	1224.2	1445.9	1220.5	1613.1	1387.1	2475.2	1479	1131.2	864.1	860.5	412	372.1
Thap2	213.1	196.1	170.8	192.3	225.9	138.7	100.9	96	334.8	242.2	166.8	73.4	144.4	140.8	84.5	97.1	161.1	184.8	95.1	91.1	97.9	87.7	104	120.4
Lgr5	14.7	39.5	25.4	16.3	22.9	38.4	142.8	56.8	3.1	27.2	3.7	0	1.6	5.1	0	0	4.8	58.2	4.8	71.8	72.4	90.8	0.7	1.9
Dock2	1889.8	1713.1	1707.7	2143	1375.6	1677.7	1222.7	1551.9	1177.8	1333.6	1762.7	1195.3	1577.8	1762.8	1607.9	1413.7	1413.8	1123.4	1500.4	2008.4	4518	4442	2043.1	2210.4
Rab1a	2201.6	2286.1	3442.8	2797.2	2253.6	3389.8	3230.6	2533	2413.2	3121.7	2374.4	2553.5	2509.1	1952.1	3141.5	2353.8	2109.2	2831.7	2741.7	2089.2	1855.6	1982.6	4123.2	3856.5
Gamt	7.3	0	10.6	4.3	24.3	96.1	0	12.7	18.5	29.9	42.6	106.5	57.5	55	36.4	56.7	0	17.5	16.6	9	23.1	28.2	76.5	56.3
Actr2	2912.4	2492.5	2355.7	2109.3	3557.7	3360.9	4231.5	3025.5	3791.3	3608.9	2191.2	1523.7	3503.5	3811	3999.3	2275.9	3140.2	3745.6	2325.6	4469.6	2879.6	2385.8	1990.1	2524.2
Ndufs7	781.1	862.8	739.8	956.3	1063.9	808.7	572.4	774.5	593.5	774.3	1121.8	869.7	765.3	589.1	780.6	1042.3	603.3	909.5	969	1309.5	1397.3	1345.2	1847.2	1692.7
Mum1	1185.3	1018.6	1153.5	1221.5	1087.5	991.3	586.4	1050.6	1019.7	1204.3	1091.8	1058.4	813.2	755.6	908.8	1144.5	506.4	570.4	1141.4	727.2	876.1	795.5	792.4	561
Meis1	7248.4	6511.4	6619.5	7933	6770.1	6178.2	6316.3	5872.9	4802.7	5712.7	6064.3	4060.2	3494.7	4009.8	3397.8	4232	4162.6	3342.5	3865.3	2002	475.8	450.2	230.8	201.9
Uqcr11	842	938.9	987.6	1040	859.4	1297.4	1072.9	1012.4	1395.5	1491.4	1397	2345.9	939.3	856.8	1184.1	1440	1039.4	651.9	1077.2	1689.1	701.8	663.2	907.2	762.9
Cnot2	900.8	788.9	586.6	462.9	614.9	833.4	1107.8	544.4	1162.4	598.8	723.9	669.2	1056.6	732.1	490.8	603.1	1144.8	622.8	864.4	716.9	2072	2067.9	1516.4	1631.9
Tcf3	485	562.7	484.3	367.3	524.1	562.9	243.7	471.9	882.1	543	350.7	501	554.7	516.4	474.8	499.9	811.7	544.2	444.7	729.8	10545.4	10334.8	3245.5	3191.4
Frs2	434.7	284.7	201.9	173.9	298.1	140	165.8	241.8	72.9	227.3	137.6	105.6	193.1	437.2	222.8	245.9	364.7	163	185.5	170.6	309.5	354.7	300.6	354.6
Yeats4	2519.7	2230.5	2464.4	2739.6	2185.7	2016.8	2180.7	2257.9	2145.2	2327	2661.6	3791.7	2167.5	2573.4	2448.2	3599.5	2124.9	2526.1	3086.5	2937	751.9	806.5	715.3	724.7
Grb10	2770.7	2958.6	3336.2	3424.2	1796	1964.7	1999.9	2465.5	886.2	1260.1	1635.5	1306.3	385.5	592.7	651	567.7	98.1	18.9	48.7	171.9	39	21.9	157.7	159.2
Adora2a	175.3	163.2	121.4	97.8	48.6	115.3	54.9	106.7	60.6	32.7	154.8	166.4	146.8	161.4	40.8	159.9	103	56.8	93.9	65.4	314.3	310.9	27.5	36.9
Snrpd3	1058.3	1107.9	1074.4	1006.3	2240.7	1024.2	850.1	1134.8	1690.3	1045.1	2046.1	2438.1	1452.5	1996.8	1302	2104.9	1584.6	820.7	1455.3	1296.6	1978.1	2010	1718.4	1795.6
Cpm	88.2	24.1	13.4	10.9	0	0	26	52.9	30.8	23.1	0	0	0	0	0	0	0	30.6	26.2	142.4	303.2	293.6	0	1.9
Mdm2	1471.9	1038.4	1243.1	1283.4	1324.1	1058.5	876.1	697.1	1341.1	883.2	1103.1	704.1	1087.8	916.2	681.6	1230.5	779	804.7	879.8	820.8	878.5	948.2	790.4	682
E2f7	72.4	253.2	251.3	498.8	681.4	553.3	576.4	525.8	583.3	602.8	810.7	1296.4	338.4	366.8	452.9	651.7	625.1	407.4	879.8	380.9	625.4	689	255	236.8
Csrp2	202.6	251.7	181.4	319.5	168	240.3	346.6	207.6	370.7	89.8	176.5	146.7	145.2	84.4	259.2	149.8	107.8	305.6	203.3	280.9	134.5	107.3	139.6	116.5
Osbpl8	1886.7	2495.4	2160.2	2369	3198.1	3135.8	2956.9	2810.1	4254.4	4056.6	4066.8	2677.8	3706.2	3205	3084.7	2677.6	2306.7	2537.8	2204.3	1860.9	1430.7	1402.4	1413.1	1306.4
Mknk2	1552.8	1398.4	1580.6	1664.8	1386.3	1335.9	1411.5	1312	1423.3	1422	1688.6	1521	1016.7	1113.6	1479.7	1531.1	1344.7	1843.7	1430.3	2075.1	4514.8	4646.3	1652.6	1477.9
Cabin1	729.7	610.3	487.8	634.6	521.9	483.3	596.4	676.6	608.9	545.7	728.4	712.2	912.2	623.5	455.9	730.6	645.7	522.4	846.5	1179.9	1485.6	1562.1	1153.4	1093.5
Ap3d1	1669.3	1429.2	1404.8	1875.7	1166.8	1495.1	1460.5	1710.6	1180.9	1377.1	1848.7	2026.5	1393.4	1208.2	1305	1589.8	1235.7	1030.2	1743	1350.5	1242.9	1375	1089.7	1083.8
Sf3a2	487.1	219.5	253.4	240.2	526.9	288.3	178.8	299.6	440.5	366.1	478.6	433.9	265.8	460.7	269.4	492.8	465.2	179	419.7	654.1	1620.8	1606.7	1109.1	1037.9
Mdm1	42	128.1	144	125	298.9	256.7	393.6	240.9	305	352.5	274.5	155.7	124.5	110	218.5	166	106.6	11.6	120.1	246.2	487.8	418.9	209.3	212.2
Glipr1l1	204.7	258.3	705.2	567.3	0	87.9	125.9	45	0	0	0.7	0	0	0	0	0	0	42.2	4.8	0	0	0	0	0.6
Timm13	680.3	760.3	980.5	768.3	589.1	674.1	898	796	1150.1	1122.7	1106.8	1598.8	620.1	792.3	796.7	730.6	923.1	401.6	939.3	1247.9	1207.1	1170.6	1554	1399
Vps13d	980.6	764	594.4	556.4	433.3	777.1	486.5	521.9	590.5	568.8	739.6	533.2	482	517.2	355.4	657.8	518.5	189.2	664.6	477.1	123.3	137	59.7	66.6
Llph	1670.4	1592.4	1077.3	1230.2	1213.3	1338.6	1161.8	1122.1	1394.5	1394.8	1300.5	1434.2	1732.6	1341	1679.3	1220.4	1353.2	916.7	1067.7	1321	181.4	175.4	222.8	258.8
Tmbim4	1888.8	1309.2	1759.9	1425.8	1971.2	1795.8	1725.2	1656.7	1415	1809.9	1476.2	1325.1	1364.7	1474.5	1736.1	1120.2	1149.7	1664.7	1041.5	1119.6	875.3	858.2	1593.6	1402.8
Irak3	768.5	876.7	783.6	1065	817.2	978.9	1114.8	627.6	509.3	421.9	446.5	201.3	390.3	515.7	302.9	368.4	141.7	292.5	162.9	207.8	288	277.2	1108.5	1025.6
Helb	445.2	401.8	372	579.2	519.1	1161.5	522.4	556.1	827.7	770.2	928.8	1321.5	600.9	893.5	857.8	1120.2	605.7	948.8	881	609.2	671.6	597.4	694.5	868.4
Dip2a	166.9	95.1	190.6	259.7	344.6	43.9	179.8	222.3	31.8	142.9	77	41.2	167.6	167.3	141.3	143.7	156.3	20.4	105.8	237.3	107.4	90.8	48.3	34.9
Hmg20b	302.4	597.9	331.8	542.3	478.3	216.9	364.6	330.9	267	519.8	350	473.3	397.4	311	269.4	433.1	261.7	176.1	504.1	600.2	377.2	349.2	211.4	193.5
Fzr1	394.8	544.4	463.1	607.5	528.4	453.1	678.3	714.8	950.9	876.4	1511.4	2008.6	469.3	829.7	637.9	854.1	623.9	796	882.2	695.1	2664	2793	986.3	1026.3
Ncln	185.8	207.1	261.2	254.3	291.7	296.6	200.8	356.4	496	225.9	447.2	489.4	398.2	264.8	238.9	530.3	258	349.2	348.4	247.5	1932	1736.7	5203.4	5599.7
Hcfc2	417.9	535.7	660	546.6	599.9	450.3	400.6	611	569.9	424.6	523.5	447.4	428.6	317.6	388.9	353.2	209.6	330.3	237.8	289.9	226.8	278	481.1	478.2
Nfyb	1148.6	1440.2	990.4	941.1	1501.4	1477.3	798.2	1565.6	1722.1	1899.7	1658.7	2010.4	2066.2	1414.3	1472.4	1509.8	1801.5	1571.6	1466	1541.6	1153.8	1118.9	863.5	813.4
Txnrd1	811.6	1139.4	608.5	687.9	955.9	1077.8	696.3	850.9	709.6	568.8	1168.9	678.2	1180.3	1236.8	942.3	950.2	1038.2	1162.7	1224.6	1494.1	2995	3011.4	2736.9	2944.8
Ppm1m	123.9	188.8	227.3	201	151.6	78.3	160.8	239.9	201.3	304.8	216.1	245.1	251.4	578.8	128.2	216.6	478.5	298.3	211.6	464.3	822	924.7	634.1	623.8
D10Wsu102e	1112.9	972.5	548.5	595.5	759.3	735.9	547.4	573.8	972.5	489.9	889.9	613.8	584.2	439.4	499.6	939.1	634.8	605.3	600.4	986.3	701.8	666.3	579.1	568.1
Wdr82	1313.4	1143	1332.1	1173.7	1373.5	1388	1361.6	1188.7	1241.5	1397.6	1313.2	1874.4	1308.8	1613.1	2020.1	1689	1148.5	1746.2	1343.5	1589.1	1223	866.8	601.2	1103.9
Pofut2	80.8	108.3	104.5	78.2	123	134.5	110.9	61.7	102.7	40.8	80	90.4	126.1	85.1	74.3	151.8	107.8	26.2	45.2	55.1	398.6	395.4	550.2	663.9
Slc36a1	477.7	532	497.7	529.2	199.5	260.9	720.2	389.7	372.8	366.1	504.8	247.8	243.4	583.2	432.6	536.3	306.5	477.3	639.7	398.9	19.9	28.2	100.6	66
Adarb1	279.3	169	298.6	272.8	170.2	33	218.8	78.3	66.7	39.5	69.5	39.4	62.2	143.8	18.9	63.8	30.3	56.8	45.2	43.6	19.9	19.6	18.1	10.4
Appl2	1291.4	1086	801.9	1467.1	762.9	623.3	831.1	754.9	193.1	299.4	314.8	275.6	715.9	506.2	584	1037.3	958.3	619.9	1066.5	679.7	164.7	195.8	244.2	315.1
Slc36a2	0	0	6.4	0	0	0	0	17.6	0	0	0	0	0	54.3	18.9	12.1	0	0	0	16.7	0	0	98	75.7
Sumo3	3762.8	2882.5	2966.3	2992.8	3868.7	3980.1	3214.6	3182.2	4845.9	4232.1	5252.8	6482.1	3924.9	4351.6	3389.1	4624.6	3251.6	2591.6	3298.1	3494.9	3358.7	3427.2	4604.2	4704.8
Hint1	4450.5	4444.9	5948.2	6865.9	5554.6	5545.3	7091.5	7529.6	6961.3	8540.5	9977	13630.8	7747.6	6585.4	9155.1	10550.6	6535.9	8581	9314.2	8364.7	2095.1	2147.8	3250.9	2823.2
Lyrm7	78.7	15.4	30.4	0	70.1	93.4	7	68.5	108.8	46.3	38.9	85.9	10.4	103.4	32	11.1	9.7	96	9.5	16.7	82.8	76.7	70.5	74.4
Fbxw11	652	599.3	878.9	581.4	993.8	863.6	759.2	1016.3	705.5	943	768	541.3	908.2	1222.9	808.3	658.8	1066.1	762.5	911.9	725.9	1520.6	1419.6	1970.7	1787.2
Stk10	359.1	589.1	474.4	468.4	539.1	326.8	516.5	421	557.6	387.8	468.1	504.6	506	351.4	506.8	543.4	669.9	764	954.7	629.7	2008.4	2129	288.5	305.4
Papolg	580.6	329.3	245	536.8	408.3	319.9	242.7	215.4	356.3	228.6	366.4	338.2	441.3	518.6	356.8	408.8	356.2	487.5	422.1	283.4	307.1	296	312	308.7
Rel	193.2	264.2	264.7	484.7	491.9	409.1	294.7	433.8	308.1	328	209.4	168.2	544.3	450.4	493.7	348.1	838.3	676.6	1059.3	711.8	583.2	542.6	155.7	229.1
Pfkl	345.4	297.8	316.3	451	323.2	295.2	290.7	385.8	252.6	277.6	503.3	212	274.5	360.2	298.6	535.3	225.3	151.3	382.8	474.5	2344.1	2212.8	2908	3037.3
Pus10	409.5	387.8	247.8	230.4	452.6	122.2	465.5	305.5	392.3	411	390.4	285.4	529.9	517.2	416.5	235.8	559.7	122.2	306.7	415.5	546.6	523.8	947.4	1067
Rhbdf1	351.7	283.2	213.2	298.8	12.2	96.1	73.9	115.5	0	24.5	44.1	34.9	0	47.7	23.3	28.3	64.2	0	51.1	11.5	1.6	10.2	4.7	9.1
Pex13	347.5	427.4	336	361.9	323.2	702.9	684.3	375	688	440.9	358.2	218.3	397.4	342.6	473.3	478.7	260.5	619.9	327	343.7	545.9	545	946.7	1037.3
1810043G02Rik	80.8	36.6	81.9	44.6	10	149.6	73.9	54.8	64.7	46.3	12	68.9	35.1	55	61.2	129.5	128.4	37.8	98.7	120.6	185.4	201.2	185.2	176
Mpg	527	275.2	360	429.3	173	325.4	133.9	190	132.5	72.1	142.1	232.6	379.1	180.5	131.1	153.8	266.5	142.6	400.7	333.5	112.2	87.7	42.9	44
Ahsa2	804.2	472.7	408	501	484.8	604.1	448.5	588.5	422.1	707.6	442.7	718.4	583.4	505.4	604.4	565.7	482.2	487.5	356.7	371.9	235.5	224.7	330.1	315.1
Nprl3	182.7	128.1	252.7	150	139.4	174.4	233.8	124.4	168.4	175.5	111.4	80.5	169.2	84.4	187.9	269.2	236.2	298.3	184.3	239.8	354.9	380.5	271.1	295.1
Xpo1	1253.6	1513.3	1323.6	918.3	1813.9	2193.9	1672.2	1729.2	2281.7	2136.5	2156	1813.6	1786.9	2362.1	2305.5	1709.2	2647.1	2114.3	1977.2	1966.1	3477.2	3273.7	3052.3	3324
Cpeb4	252	178.6	276	211.9	148	43.9	142.8	71.5	128.4	171.5	103.2	36.7	232.2	108.6	87.4	81	92.1	87.3	88	150.1	92.3	109.6	33.5	31.1
Asb3	439.9	256.9	422.9	498.8	334.6	373.4	256.7	435.7	388.2	340.2	206.4	693.4	268.9	255.3	330.6	566.7	374.3	270.7	435.2	300.1	335	333.6	309.3	312.5
Cdc34	290.8	219.5	204	151.1	355.3	182.6	222.8	300.6	274.2	383.7	367.9	333.7	325.6	354.3	297.1	229.7	403.4	320.1	262.8	356.5	1089.3	1095.4	1682.1	1686.9
Tpgs1	126	79.8	61.4	18.5	120.8	78.3	57.9	75.4	104.7	112.9	57.6	43.8	39.1	99.8	136.9	22.3	93.3	94.6	66.6	119.3	444.8	488.6	701.2	772.6
Chac2	116.5	41.7	40.9	51.1	0	39.8	8	44.1	27.7	49	17.9	66.2	95.8	24.2	23.3	30.4	54.5	43.7	29.7	11.5	39	36.8	74.5	73.1
Erlec1	439.9	565.7	547.1	449.9	404.7	543.7	507.5	420	307	387.8	335.8	405.3	564.2	430.6	451.5	347.1	455.5	1037.5	409	391.2	82	74.4	150.3	101.6
Sptbn1	5285.1	6177.7	3944.1	4019.8	4683.8	5123.8	2973.8	4410	3268.6	2629.1	3532.1	5009.4	5268	5323.6	3680.4	4833.1	6283.9	5222.5	5441.8	5763.7	2887.6	2744.4	1388.3	1589.9
Wdpcp	37.8	5.1	56.5	63	0	22	47	55.8	0	24.5	67.3	39.4	0	64.6	27.7	48.6	143	40.7	40.4	82.1	136.9	142.5	159.7	155.3
Mdh1	1963.3	1262.3	2295.7	1795.3	1984.1	2074.5	2357.5	1989.6	1766.2	2493	1945.1	2923	2759.7	2061.4	2288	3001.5	2301.8	3066	2827.3	2844.6	4120.1	4185.1	5106.1	4803.9
Prss57	49.3	101	60	67.4	70.1	114	419.6	156.7	82.2	230	118.9	85	449.3	597.9	525.8	459.4	554.9	702.8	697.9	690	510	476.8	4221.8	3568.6
Ccng1	749.6	1001.1	823.1	882.4	604.2	844.4	936	1104.5	665.4	888.6	884.7	510	715.1	503.2	777.7	710.4	602.1	692.7	978.5	858	1146.6	1016.3	2087.4	2097.8
Nudcd2	815.8	1118.2	792.1	811.8	927.3	836.1	1331.6	1175.9	1539.3	1639.8	832.3	634.3	964.9	1438.6	1776.8	964.4	1400.5	1039	1058.2	1117.1	1137.9	1106.4	2276.6	2141.2
Polrmt	88.2	62.2	235.8	227.1	79.4	157.9	238.7	266.3	169.4	106.1	198.9	143.2	167.6	297.1	257.8	181.1	89.6	122.2	283	265.5	674.8	847.2	620.7	784.9
Hmmr	123.9	96.6	189.2	286.9	1056.7	1257.6	758.2	799	1548.5	1092.7	1397	998.5	533.9	992.5	534.5	1028.1	1320.5	1856.8	1137.8	1045.3	1353.5	1338.1	461.6	503.4
Slc22a4	45.1	21.2	9.9	22.8	2.1	0	0	15.7	0	2.7	2.2	2.7	0	37.4	30.6	20.2	8.5	0	0	25.7	8	13.3	311.3	325.5
Cyfip2	3728.2	3114.5	2194.7	2351.7	2350.8	2892.8	1789.1	2192.3	3111.5	1918.7	1878.6	2345.9	3723.8	3337.8	2161.3	3003.5	3996.7	3480.7	2859.4	3523.1	7800.3	7332	2612.1	2721.6
Mgat1	852.5	450	842.2	968.3	531.2	619.2	993.9	781.4	974.5	1043.7	914.6	847.3	940.9	747.5	1287.5	1034.2	1582.2	1928.1	1826.2	1594.2	6999.8	7040	4142.6	4569
Ppp2ca	1721.8	2144.1	2132.6	2176.7	2297.2	2283.2	2815	2374.4	2400.9	2448.1	2653.3	2834.4	2588.1	2346.7	2257.5	2085.6	2338.2	2443.2	2096.1	2099.5	4749.5	4680	6493	6409.2
Hnrnpab	5364.9	5677.2	6470.6	5683.5	9983.9	10008.7	10356	9084.4	14007.8	12245.9	9982.2	8629.4	11879.2	11900.9	12436.4	9593.3	9494.4	10806	9365.3	11046.4	9480.8	9374.9	12342.6	12637.3
Phykpl	330.7	208.6	230.1	261.9	293.1	108.5	151.8	196.8	372.8	166	288.7	119.9	132.5	261.2	215.6	184.2	106.6	155.7	135.5	188.5	291.2	280.3	374.4	214.2
Hspa4	3617.9	4668.1	3101.9	3475.3	4660.9	4356.3	3135.7	4643.1	3903.2	3868.8	5400.9	4588	4907.3	3591.6	4648.9	5093.2	3450.3	3613.1	3925.9	4419.6	3373	3206.4	4986.7	5149.4
Cnot6	1708.2	2794.7	2694.6	3679.6	3680	3579.2	4013.7	4448.2	6021.7	5711.3	5928.1	6792.6	4753.3	4868.1	4809.1	5683.1	4872.6	6315.4	4852.1	3430.8	2687.9	2544	1887.5	1943.8
Gfpt2	31.5	149.3	108	164.1	55.8	81	111.9	62.7	29.8	9.5	42.6	51	27.9	27.9	16	93.1	21.8	0	29.7	33.3	5.6	3.9	13.4	0
Mapk9	985.8	990.1	1031.4	693.3	758.6	870.4	948	914.5	734.2	993.4	921.3	1056.6	693.5	780.5	642.3	603.1	760.8	747.9	864.4	604.1	1007.4	1033.6	875.6	1019.1
Canx	7459.5	9893	6649.2	6756.1	8259.4	7617	7175.4	8560.6	8284.9	8075.1	9478.9	10892.1	10245.6	10308.3	9746.4	9101.5	9166	9177.6	8166.9	7704.2	9270.7	8883.9	16459.7	16249.9
Gnb2l1	16795.1	11495.6	18782.8	13773	12283.3	14735.7	14229.9	12569.2	17009.3	14813.8	16615.6	19760.4	13233.5	15464.7	14117.1	12285.1	15138.6	14122.2	14635.9	16742.1	6351.3	6781.6	10323	9279.6
Rufy1	278.2	432.5	201.2	397.7	459.7	282.8	272.7	337.8	252.6	409.6	445.7	918.9	284.1	408.6	399.1	402.8	362.2	369.6	400.7	555.3	1055.9	1050	874.3	872.3
Rnf130	1728.1	1107.9	1875	1467.1	1342.7	1561	3068.7	1718.4	1456.1	2203.2	343.3	204	1889.8	2325.5	2524	817.7	2101.9	3028.2	700.3	1526.2	2789.7	2642.6	3438.8	3247
Ltc4s	8.4	0.7	12	1.1	0	41.2	53.9	45	58.5	72.1	101	172.7	27.9	28.6	16	99.2	139.3	93.1	202.1	111.6	7.2	6.3	0.7	0.6
Rad50	2168	2483.7	1654.7	2121.3	2728.3	2213.2	1884	2662.3	3515	3279.6	3348.1	3562.7	2819.6	2992.3	2898.3	2775.8	3072.3	2935	3286.2	2857.5	1203.1	1061.8	777.7	841.2
3010026O09Rik	12.6	92.9	52.2	60.9	62.2	13.7	47.9	29.4	2.1	62.6	51.6	50.1	84.6	0	83	68.8	72.7	29.1	48.7	64.1	68.4	79.9	83.2	64.7
Clk4	1070.9	1301.8	1124.6	1080.2	712.8	1033.8	1244.7	1001.7	760.9	768.9	725.4	677.3	668	928.7	723.8	831.8	1263.6	1130.7	917.9	616.9	447.2	469.8	304.6	309.3
Sar1b	288.7	114.2	329.7	292.3	427.6	450.3	218.8	279.1	599.7	390.6	217.6	306	324	443.8	324.8	415.9	358.6	525.3	298.4	464.3	695.4	693.7	1324.5	1205.5
Jade2	1033.1	865	657.2	1004.1	751.4	488.8	449.5	659	504.2	484.4	554.2	692.5	391.1	633.1	485	469.5	281.1	676.6	684.8	498.9	113	133.9	55.7	42.1
Cdkl3	47.2	29.3	26.8	125	113	54.9	224.8	36.2	0	57.2	12	22.4	29.5	134.2	128.2	68.8	81.2	32	79.7	57.7	54.9	45.4	25.5	34.9
Ube2b	2282.5	1877	2262.5	1952.8	1300.5	2162.4	2430.4	1953.4	1604	1747.3	1337.1	1100.5	2061.4	1595.5	2171.5	1973.3	2046.2	2251.1	2199.5	1993.1	1377.4	1317	996.4	943.4
Cdkn2aipnl	646.7	432.5	424.3	483.6	924.5	926.7	394.6	501.3	1011.5	507.6	522	331	980	400.5	598.6	416.9	407.1	547.1	376.9	533.5	1907.3	1851.8	2671.2	2548.8
Kremen1	204.7	87.8	156	161.9	176.6	90.6	183.8	108.7	68.8	108.9	65.8	10.7	79	57.2	141.3	122.4	50.9	136.8	35.7	88.5	414.6	484.7	138.9	172.8
Nefh	480.8	681.3	314.8	451	403.2	458.6	303.7	355.4	553.5	293.9	373.9	531.5	531.5	252.4	425.3	281.3	156.3	155.7	180.7	542.5	222.8	203.6	36.2	16.8
Med7	692.9	350.5	549.9	293.4	197.3	549.2	659.3	389.7	539.1	345.6	323.8	348.9	512.4	518.6	439.8	316.7	542.7	902.2	448.2	566.9	176.6	152.7	133.5	115.8
Havcr2	0	8.8	37.4	0	0	0	67.9	49.9	134.5	62.6	45.6	0.9	58.3	0	21.8	27.3	25.4	0	32.1	9	106.6	120.6	0	0
Tnip1	717.1	624.9	491.3	411.9	289.6	267.7	291.7	298.6	241.3	367.4	323.8	588.7	415.8	367.5	371.4	261.1	370.7	406	371	454	538.7	614.7	730.7	783
Vdac1	1611.6	2048.3	2037.3	1937.6	1949	2594.8	1973.9	2725.9	2554.9	2739.3	2841.8	3542.1	2061.4	2606.4	2401.6	2580.5	1998.9	2409.7	2313.7	2753.6	3134.3	2560.4	3071.7	3808.7
Upp1	137.5	52.7	157.4	231.5	71.5	8.2	90.9	67.6	25.7	20.4	22.4	50.1	0	41.1	14.6	15.2	0	0	0	6.4	1.6	4.7	0	0
Slu7	2044.1	2557.6	1663.2	1514.9	987.4	1274.1	1303.6	1380.6	1603	1446.5	1333.4	2175	1557	1670.4	1150.6	1321.6	1749.4	1571.6	1429.1	1498	928.6	1043.7	871.6	865.1
Ascc2	357	399.6	389	209.7	392.5	221	172.8	297.7	515.5	175.5	491.3	500.1	478.8	168.7	399.1	103.2	585.1	260.5	248.5	402.7	772.6	984.2	807.2	695.6
Hus1	451.5	881.8	617	524.9	960.9	974.8	747.2	683.4	708.6	1085.9	814.4	213.8	893.8	925	811.2	473.6	731.7	617	296	413	315.9	261.5	538.1	683.3
Pttg1	611	495.4	547.1	731.4	389.7	470.9	494.5	485.7	386.1	446.3	568.4	477.8	308.1	306.6	416.5	570.7	394.9	240.1	391.2	516.9	301.6	338.3	416	359.8
Zfp607	172.2	191	153.2	107.6	132.3	164.8	58.9	88.1	58.5	148.3	94.2	40.3	230.6	62.4	77.2	117.4	66.6	122.2	145.1	127	90.7	101	186.5	188.9
Tns3	541.7	278.1	397.4	422.7	369.6	112.6	541.4	532.6	410.8	680.4	490.6	281.8	691.9	426.9	955.4	422	713.6	635.9	650.4	584.8	281.7	355.5	173.8	168.2
Btg2	13.6	116.4	78.4	73.9	54.3	199.1	243.7	226.2	284.4	322.5	317.8	285.4	205.9	234	209.7	263.1	411.9	711.6	334.1	437.3	4775	4759.9	299.3	280.2
Pes1	383.2	531.3	691.1	492.3	855.1	499.7	799.2	552.2	1015.6	638.2	686.5	924.2	936.1	691.8	563.6	744.8	506.4	484.6	569.5	719.5	1284.3	1356.9	1684.2	1926.3
Tcn2	137.5	112	149	182.6	75.1	170.2	86.9	92	111.9	156.5	53.1	372.2	82.2	272.2	139.8	225.7	122.4	224.1	181.9	237.3	636.6	643.6	3063	3213.4
Myo1g	501.8	381.3	433.4	433.6	527.7	646.7	570.4	644.3	464.2	412.3	472.6	865.2	739.8	520.1	656.8	627.4	642.1	860	936.9	607.9	1484	1569.1	2643.6	2885.3
Smtn	48.3	129.5	131.3	30.4	294.6	111.2	65.9	82.2	86.3	111.6	203.4	96.6	69.4	135	81.6	101.2	129.6	74.2	46.4	80.8	1717.1	1690.5	224.1	286
Arf5	268.8	154.4	223.8	180.4	148.7	124.9	153.8	83.2	193.1	108.9	231.1	184.3	149.2	151.1	199.5	208.5	168.4	158.6	130.8	103.9	2834.3	2826.6	2564.5	2324.3
2310033P09Rik	925	774.2	967.8	1123.7	850.8	837.5	859.1	695.2	428.2	543	1077.6	1342.1	652	623.5	796.7	829.8	569.4	628.6	1008.2	870.8	187	187.1	157.7	207.1
Guk1	370.6	297.1	305	281.5	370.4	385.8	110.9	306.5	275.2	355.2	289.4	433	273.7	370.5	294.2	277.3	250.8	320.1	272.3	383.5	519.6	542.6	789.1	654.2
Rnf185	80.8	98.8	194.8	268.4	211.6	54.9	79.9	141	143.8	50.4	135.4	124.4	47.9	100.5	97.6	237.8	121.1	115	165.3	121.8	389.1	376.6	512	441.9
Limk2	378	382.7	266.1	353.2	344.6	509.4	316.7	271.2	210.5	208.2	396.4	139.6	356.7	474.6	240.3	384.5	225.3	379.8	423.3	279.6	601.6	563	480.4	362.4
Patz1	1349.1	2172.7	1601.1	1605.1	1645.9	1826	1247.7	1742.9	1679	1585.3	1699.8	1248.1	1871.5	1446.6	1548.2	1391.4	1275.7	1523.5	1160.4	851.6	1280.3	1443.9	1673.4	1439.1
Eif4enif1	977.4	802.8	528	581.4	466.9	854	598.4	694.2	1171.7	609.6	460.7	514.5	894.6	1068.8	637.9	390.6	1084.3	500.6	657.5	850.3	1111.6	1075.1	876.3	886.5
Trim11	781.1	830.6	646.6	903.1	822.9	557.4	577.4	646.2	484.7	462.7	729.9	399	731	762.9	613.2	786.3	490.6	477.3	898.8	918.3	810.8	812.8	642.1	683.3
Ogdh	1035.2	840.1	1346.2	1264.9	1242.6	1280.9	1696.2	1406	1419.2	1355.4	1385	2017.6	1171.6	1805.3	1380.7	1077.7	1445.3	1114.6	1059.3	1612.1	4688.3	4665.9	6173.7	6041.7
Drg1	486.1	455.9	755.3	515.1	690	952.8	666.3	768.6	714.7	902.2	801.7	629.9	749.4	1047.6	751.5	850	460.4	755.2	623	900.3	2017.1	2220.6	3450.8	3263.8
Rtn4	1927.6	2320.5	1875	2410.3	2076.3	2430.1	2756.1	1546.1	2361.8	2177.3	1676.7	1784.9	2218.6	2044.5	2219.6	2278.9	2691.9	1820.4	2264.9	1954.6	405.8	407.2	178.5	175.4
Mtif2	1151.7	983.5	767.4	719.4	1027.4	759.2	620.3	721.6	538.1	973	1139.7	816	929.7	936.8	1162.2	662.8	1198.2	985.1	626.6	823.4	303.2	330.4	515.3	596
Rps27a	23022	20295.4	25511.8	22342.8	16425.9	16409.3	25877.6	16819.6	16224.8	20191.7	17188.4	22881.1	20057	16507.1	20837	18576.4	17193.3	19238.6	22459.2	18282.5	40.6	38.4	60.4	43.4
Cfap36	211	398.8	235.1	348.8	322.5	222.4	232.8	235	282.4	334.8	313.3	283.6	419	476.1	361.2	352.2	433.7	374	444.7	377.1	362	379	354.9	344.9
Smek2	1506.6	2147.1	1687.2	1752.9	2082.7	1404.5	2151.7	1896.6	1496.2	1362.2	1192.8	1478.9	2196.3	1937.4	2049.2	1353	1943.2	2099.8	1725.2	1458.2	1955.8	2035.8	1950.5	2055.1
Pnpt1	402.1	316.9	305.7	216.3	564.8	487.4	379.6	452.4	490.9	496.7	160.8	23.3	608.1	590.5	422.4	262.1	489.4	330.3	156.9	330.9	621.4	625.6	945.4	828.3
Pold2	152.2	212.2	387.6	395.6	348.2	737.3	704.3	346.6	734.2	537.5	882.5	672.8	435.7	309.6	333.5	524.2	345.3	458.4	436.3	464.3	2351.3	2453.1	3044.2	2775.9
Zkscan17	437.8	292.7	524.5	650.9	427.6	367.9	728.2	662.9	684.9	794.7	925.1	669.2	517.1	605.9	766.1	762	504	692.7	672.9	729.8	1146.6	1016.3	565.6	619.2
Polm	30.4	38.8	109.4	126.1	0	0	99.9	36.2	50.3	47.6	34.4	106.5	4	0	61.2	37.4	0	82.9	9.5	91.1	191	198.1	33.5	116.5
Dbnl	1167.5	1233.8	942.4	1308.4	1319.8	770.2	1239.7	1183.8	659.3	1012.4	1153.2	1444	1119.7	987.4	1172.4	974.5	954.6	1427.5	1198.5	1398	4841.8	5047.2	3051.6	2869.1
Mrps24	491.3	445.7	423.6	424.9	625.6	649.4	342.6	505.2	575.1	563.4	698.5	489.4	424.6	767.3	464.6	574.8	577.9	337.6	342.4	788.8	630.2	671	998.4	949.3
Ccdc117	932.3	647.6	623.3	745.5	785	1062.7	622.3	672.7	901.6	929.4	514.5	402.6	1167.6	1290.4	1028.2	868.3	842	903.6	719.3	759.3	821.2	814.3	1203.7	1124.6
Dynll2	2570.1	2657.8	3219.8	2803.7	3273.9	2938.1	3634.2	3067.6	2619.6	2463.1	3147.7	4396.6	2790.8	2835.3	2171.5	3231.2	2144.3	1931	3075.8	1478.8	491.7	389.9	273.1	303.5
Xbp1	1078.2	1494.3	1382.9	1174.7	1645.2	826.5	1210.7	1449.1	717.8	1251.9	685	531.5	1024.7	905.2	1434.6	784.3	844.4	1244.2	948.8	1205.6	2874.9	2841.5	7814.9	7279.5
Supt4a	328.6	298.6	362.9	423.8	303.1	258.1	461.5	379.9	277.3	302.1	347.7	301.5	365.5	228.1	431.1	396.7	370.7	426.4	286.5	320.6	303.2	350.8	331.5	308.7
2810021J22Rik	33.6	101	6.4	58.7	0	16.5	21	34.3	63.7	77.6	37.4	0	33.5	0	0	47.6	33.9	14.6	65.4	21.8	43.8	32.1	93.9	45.9
Ska2	300.3	128.8	320.5	235.8	304.6	433.8	534.4	283	527.8	385.1	491.3	170	207.5	363.1	409.3	225.7	508.8	398.7	386.4	346.3	511.6	531.7	201.3	199.9
Prr11	4.2	13.9	44.5	52.2	233.8	166.1	83.9	65.6	512.4	170.1	109.2	234.4	55.9	217.1	72.8	150.8	128.4	75.7	143.9	150.1	252.2	349.2	69.1	86.7
Smg8	357	129.5	162.4	97.8	261.7	175.7	468.5	238.9	181.8	151.1	130.1	154.8	225.9	192.2	173.3	202.4	126	235.7	108.2	138.5	549.8	399.3	870.9	777.8
Rnf187	2168	1909.2	1472.6	1690.9	1789.6	1517.1	1612.3	1460.9	1811.4	1555.4	1788.1	2141.9	1096.5	1696	1252.5	1240.7	1333.8	1039	1394.6	2049.5	7432.7	7494.9	4937	4851.1
Tubd1	44.1	133.9	33.2	50	142.3	205.9	46	32.3	83.2	87.1	47.1	161	34.3	87.3	33.5	82	8.5	43.7	78.5	71.8	205.3	203.6	252.3	287.9
Mrpl22	74.5	152.9	137.7	135.8	157.3	89.2	98.9	204.6	211.5	257.2	210.9	213.8	245.8	186.3	142.7	200.4	278.6	24.7	159.3	280.9	166.3	198.9	256.3	232.9
Cnot8	900.8	754.5	722.2	686.8	764.3	944.6	552.4	675.6	672.6	657.3	637.9	714.9	928.2	884	643.7	769.1	1183.6	900.7	1090.3	1126.1	2268.5	2232.3	1796.2	1664.3
Rps6kb1	781.1	1159.1	865.5	1631.2	1430	1827.4	1048.9	1444.2	1149.1	1707.8	1160.7	792.7	1723.8	1514.1	1370.5	1098	1269.6	1364.9	1339.9	1001.7	806	826.8	834	970
Sap30l	229.9	174.2	127.8	198.9	333.9	39.8	183.8	134.1	272.1	95.3	148.1	274.7	228.2	65.3	61.2	112.3	152.6	235.7	126	241.1	281.7	243.5	220.1	245.9
Galnt10	0	32.9	49.4	41.3	15.7	27.5	0	15.7	46.2	44.9	101.7	112.7	90.2	57.2	24.8	105.2	90.9	0	27.3	44.9	810	740.7	688.4	811.4
Rnft1	289.8	84.9	214.6	170.6	300.3	251.2	551.4	219.3	129.4	374.2	24.7	133.3	41.5	63.1	193.7	89.1	150.2	145.5	128.4	143.6	433.7	465.1	1050.1	1026.9
Mfap3	702.4	845.2	583.8	849.8	774.3	911.6	753.2	684.4	251.6	642.3	501.8	694.3	666.4	818.7	751.5	692.2	947.4	1049.2	1097.4	768.2	752.7	828.4	1296.3	970
Fam114a2	1929.7	1798	1692.8	1466	1593	1371.6	1933	1903.4	1328.8	1684.7	1402.2	1334.9	1699.9	1332.2	1446.2	1314.5	1721.5	1562.8	1527.8	1676.3	907.1	879.3	583.1	708.5
Ppm1d	238.3	308.1	305.7	276	361.8	321.3	604.4	433.8	359.4	495.3	569.1	356.1	367.1	325.7	552	382.5	380.4	247.4	614.7	457.9	553.8	501.9	550.2	664.5
Znhit3	123.9	152.2	100.9	151.1	143	153.8	207.8	146.9	71.9	189.2	169.8	144.9	42.3	176.1	97.6	159.9	86	96	107	116.7	259.4	265.4	369	331.3
Prpsap2	586.9	375.4	677.7	687.9	461.2	789.4	672.3	616.9	614.1	612.4	534.7	521.6	573.8	685.9	766.1	519.1	504	813.4	919.1	623.3	202.1	223.2	211.4	207.7
Ggnbp2	3656.8	3909.2	4029.5	4264.3	3112.3	3270.3	4305.4	5082.7	3475	4611.8	3837.9	5404.9	3643.2	3578.4	4608.1	4592.2	3445.4	4842.7	4422.9	3856.6	1075	1184.7	1293.6	1092.9
Acaca	260.4	382.7	374.9	280.4	431.8	370.7	308.7	248.7	563.8	134.7	329.1	229.9	288.1	477.6	372.8	307.6	249.6	289.6	470.8	203.9	136.1	169.9	83.9	86.7
Shmt1	416.8	605.2	411.6	331.4	564.1	643.9	691.3	775.5	777.4	1204.3	901.9	926.9	907.4	1518.5	1156.4	818.7	908.6	590.8	789.5	904.2	1715.5	1654.5	2444.4	2619.3
Llgl1	1107.6	1222.1	1279.9	1058.5	1034.6	1000.9	1292.6	1329.7	998.1	922.6	871.2	340.9	1152.4	1016.7	1425.8	759	890.4	1213.6	695.5	1100.4	1100.5	1065.7	545.5	711.1
Drg2	71.4	139.8	75.5	128.2	90.8	114	116.9	76.4	126.3	103.4	109.2	67.1	220.3	289.8	176.2	59.7	150.2	160.1	191.4	214.2	1069.4	1051.6	1354	1239.1
Srebf1	408.4	372.5	575.3	397.7	469.7	550.5	541.4	593.4	337.8	651.8	278.9	184.3	442.9	333.8	546.2	414.9	341.6	577.7	256.8	720.8	2255	2324.7	1142.7	1488.3
Tom1l1	470.4	277.3	473.7	398.8	303.9	359.7	385.6	263.4	327.6	319.8	493.6	153.9	271.3	268.5	174.8	196.3	75.1	103.3	126	133.4	54.1	37.6	75.1	53.7
Cox11	134.4	211.5	188.5	108.7	159.4	22	228.8	322.1	83.2	190.5	219.9	80.5	106.9	86.6	224.3	184.2	193.8	298.3	139.1	130.8	56.5	57.2	86.6	56.3
Stxbp4	1146.5	941.8	900.8	1197.6	586.3	363.8	472.5	455.3	44.2	210.9	197.4	147.6	337.6	497.4	377.2	533.3	989.8	1316.9	1007	988.8	66	83.8	50.3	95.8
Bzw2	1544.4	1522.1	1495.2	1385.6	1879.7	2213.2	1983.9	2263.8	2299.2	2098.4	2401.3	2720.8	2367.1	2984.2	2653.6	2573.4	2104.3	2453.4	2457.5	3105	2949.7	2854.8	3624.6	3580.9
Elac2	256.2	207.8	233.7	332.5	422.6	130.4	359.6	188	377.9	288.5	215.4	267.5	315.2	289.8	335	156.9	265.3	254.7	171.2	287.3	909.5	893.4	1184.3	1058.6
Pctp	370.6	357.8	560.5	369.5	216.6	376.2	410.6	390.7	449.8	483.1	548.9	723.8	426.2	179	406.3	432.1	413.1	400.2	504.1	438.6	463.1	410.3	1034.6	948.6
Twistnb	2098.7	2639.6	1495.2	1343.2	2113.5	2377.9	1649.3	1421.7	2023	1838.5	1465	1658.8	2179.5	2100.2	1722.9	1478.5	2423	1980.5	1612.2	1723.7	421.7	330.4	553.6	543.5
Atxn7l1	705.5	1050.8	831.6	1020.4	1125.4	895.2	588.4	859.7	839	813.8	972.2	955.5	812.4	963.2	1039.9	738.7	1032.2	557.3	669.4	574.6	559.4	571.6	403.9	422.5
Sypl	2052.5	2115.6	2683.3	2488.6	2718.3	3186.6	3301.5	2966.8	2922.5	3553.1	2384.9	3233.5	2695.1	3114.8	3511.4	2624	2630.1	3006.3	2599	2289.3	1416.3	1409.4	4205.7	4508.1
Pdia6	1714.5	1650.2	1692.1	1432.3	2243.6	1322.1	1905	2031.7	2191.4	2430.4	1672.2	1255.3	2436.5	3151.5	2556	2119	1641.6	1929.5	1923.7	2766.4	7395.3	7705.5	18282.8	18414.3
Nampt	846.2	786.7	954.4	710.7	957.4	847.1	801.2	1023.2	614.1	1155.3	529.5	957.3	948.1	1142.2	1288.9	618.3	665.1	736.3	746.7	938.8	901.5	901.2	1444.6	1500.6
Pik3cg	1117.1	1329.7	1429.5	1262.8	1152.5	1252.1	1804.1	1144.6	1468.4	1137.6	779.3	833.9	887.4	1205.3	1286	1205.2	1210.3	1853.9	1190.1	994	2176.2	2114.1	1624.4	1620.3
Nbas	97.6	84.9	52.2	97.8	175.9	142.8	174.8	130.2	79.1	83	181	128.8	241.8	72.6	59.7	94.1	164.8	91.7	185.5	98.8	367.6	354.7	393.9	399.2
Tspan13	3428.9	4291.2	4356.3	4454.4	4129.7	3971.9	3417.4	3840.2	3099.1	3622.5	4090.7	4369.7	4905.7	3177.1	4035.7	4758.2	6714	8493.7	7375	4772.3	7145.4	7129.2	423.4	436.1
Rock2	2497.7	4345.3	2728.4	3781.8	3181.6	3212.7	2237.6	2448.8	2433.7	2182.7	2528.5	1585.4	2409.4	2610.1	1913.7	2025.9	2923.3	2438.8	2418.3	1691.7	1223	1242.6	581.1	541
Laptm4a	9108.8	9263.7	8555.2	8066.7	6409	6815.2	7133.4	4929.9	4524.5	4536.9	4864.7	5547.2	6751.6	4224	4187.2	4711.7	5248.1	5231.3	4496.6	3798.9	2130.9	2105.5	2092.8	2056.4
Fam49a	408.4	436.1	244.3	363	248.1	296.6	164.8	314.3	384.1	190.5	57.6	289	355.1	214.9	224.3	326.9	164.8	506.4	284.2	166.7	289.6	226.3	109.4	92.5
Snx13	275.1	248.8	353.7	334.7	42.9	453.1	325.7	275.1	107.8	273.5	211.6	213.8	249	186.3	262.2	218.6	92.1	187.7	249.7	260.4	423.3	436.1	559.6	515.1
Sdc1	105	68.1	9.2	29.3	0	0	39	81.3	2.1	10.9	0	74.3	0	99	24.8	17.2	356.2	455.5	558.8	423.2	2179.4	2405.4	82.5	86.1
Lpin1	644.6	695.2	693.2	599.9	511.2	601.3	334.6	582.6	461.1	367.4	514.5	296.1	272.1	283.9	527.2	240.8	315	555.9	524.3	437.3	431.3	423.6	66.4	148.8
Pum2	2472.5	2453.7	4033	3672	3069.4	3104.2	4458.3	3592.4	3711.2	4863.5	3185.8	2183.1	2636	3184.5	4353.2	2802.1	3380	4122.4	3481.2	3137.1	542.7	559.1	369.7	449.1
Trib2	505	204.9	660	487.9	279.6	326.8	148.8	221.3	1218.9	918.5	1014.1	417.8	80.6	210.5	164.6	120.4	53.3	103.3	93.9	280.9	180.6	154.3	12.7	0
Hs1bp3	142.8	120	275.3	195.6	162.3	284.2	136.9	265.3	183.8	183.7	184	238.9	107.7	122.5	167.5	140.7	90.9	163	92.7	84.6	156.8	138.6	265.7	276.3
Smc6	2245.7	2592.7	2130.5	2241.9	2830.6	2500.1	2674.2	3307.5	3035.5	4022.6	3362.3	3205.7	3607.3	3078.8	3221.6	2952.9	3343.7	3400.7	2975.9	2754.9	1647.9	1522.9	1306.4	1521.3
Amz2	780.1	706.9	782.9	769.4	736.4	735.9	508.5	520.9	740.4	593.3	738.1	673.7	484.4	496.6	645.2	480.7	662.7	539.9	730	618.2	304.8	318.7	493.2	318.4
Gna13	1990.6	1950.9	2050.7	1922.4	2162.8	2778.8	3061.8	2189.3	2501.5	2439.9	1290.8	1278.5	1828.4	2634.3	2117.6	1504.8	1997.7	2197.3	1383.9	1586.5	1083.7	1194.1	1114.5	981.6
Prkar1a	3691.4	2823.2	3111.8	2757	2509.6	3398	3853.9	2840.5	3538.7	3131.2	2764.8	2323.5	3446.8	2350.4	3528.9	2444.9	3052.9	3827	2332.7	2735.6	7770	7430.7	7466	6985.8
Rdh14	725.5	558.4	669.2	579.2	635.6	442.1	466.5	373.1	826.6	356.5	265.5	407.1	173.2	669.8	352.5	304.6	460.4	385.6	481.5	468.1	279.3	237.2	387.2	378.5
Map2k6	67.2	113.4	69.9	122.8	58.6	50.8	25	100.9	0	25.9	92.7	33.1	104.5	16.1	77.2	42.5	83.6	174.6	92.7	116.7	132.9	154.3	173.1	146.2
Trappc12	448.3	341	523.8	466.2	516.9	565.6	673.3	582.6	472.4	484.4	782.2	853.5	336.8	391.7	627.7	635.5	590	392.9	548.1	583.6	1369.4	1297.4	1310.4	1423.6
Adi1	566.9	865	882.4	627	695.7	948.7	1672.2	1117.2	1032	970.3	866.7	1040.5	778.9	1245.6	1211.7	755.9	1143.6	931.3	1198.5	865.7	1106	1121.3	1886.1	1769.7
Rnaseh1	110.2	134.6	213.2	130.4	145.9	233.4	345.6	212.5	179.7	249	35.1	106.5	110.1	364.6	182.1	82	179.3	203.7	17.8	232.1	330.2	365.7	462.3	436.1
Ubxn2a	196.3	508.6	151.8	284.7	562	428.4	354.6	282	538.1	432.7	490.6	381.1	391.1	518.6	275.3	303.6	179.3	304.1	212.8	315.5	372.4	332.8	534.8	644.5
Fkbp1b	86.1	33.7	80.5	1.1	47.9	15.1	67.9	29.4	0	115.7	81.5	206.7	50.3	0.7	33.5	1	0	58.2	2.4	32.1	8	14.1	150.3	173.4
Cmpk2	297.1	275.2	523.8	282.5	173	352.8	202.8	244.8	299.9	198.7	165.3	387.4	174	179.7	221.4	202.4	405.8	205.2	166.5	332.2	385.1	432.2	742.1	713.7
Itsn2	2450.4	2118.5	1549.5	1605.1	2046.3	1541.8	905	1708.6	1151.1	1430.2	1298.3	884.9	1494.8	1618.3	1549.6	1370.2	1915.3	2038.7	1542.1	1138.9	1044	1092.3	601.9	517.7
Rsad2	1427.8	1487.7	1217	1458.4	792.9	974.8	726.2	735.3	470.3	473.6	579.6	864.3	838	356.5	709.3	707.4	615.4	404.5	541	424.5	217.2	165.2	148.3	158.5
Rnf144a	1024.7	848.9	1018.7	1093.2	1261.9	1894.6	1303.6	1633.2	2237.6	1909.2	1789.6	1713.4	2551.4	1704.1	1680.7	2437.8	2353.9	2264.2	2544.3	1864.8	1068.6	1191.7	426.7	443.2
Id2	97.6	76.8	139.1	211.9	44.3	111.2	142.8	186	332.7	77.6	331.3	137.8	73.4	141.6	190.8	134.6	136.9	614.1	211.6	837.5	335.8	306.2	129.5	172.8
Mboat2	179.5	519.6	391.8	363	205.2	76.9	460.5	163.5	23.6	111.6	29.9	0	103	8.8	69.9	29.3	7.3	39.3	38	77	15.9	16.4	30.2	7.8
Ncoa1	456.7	497.6	456.7	440.1	375.4	551.9	268.7	297.7	1132.7	272.2	320.8	371.3	258.6	496.6	308.8	248.9	322.3	378.3	307.9	405.3	707.4	612.3	359.6	366.2
Dus4l	32.5	21.2	25.4	92.4	111.5	223.8	50.9	65.6	9.2	35.4	24.7	40.3	85.4	17.6	48.1	105.2	27.9	104.8	8.3	47.5	78	57.2	75.1	94.5
Rrm2	68.2	185.9	302.1	175	573.4	569.8	834.1	660.9	1317.5	1452	1164.4	1461.9	891.4	1045.4	863.7	1106.1	669.9	979.3	651.5	1241.5	7132.7	6944.4	6313.9	6112.2
Bcap29	779	990.1	962.2	803.1	694.2	1238.4	1422.5	1142.7	1299	1178.5	988.6	665.7	1137.2	969.1	1235	1131.4	1083.1	1340.2	1020.1	1140.2	1057.5	1085.2	2065.3	2238.2
Cenpo	180.6	115.6	115.8	158.7	202.3	151	283.7	253.6	239.3	326.6	403.8	478.7	159.6	347	486.4	358.2	344.1	229.9	183.1	289.9	455.1	392.3	659.6	581.1
Klf11	127	270	148.2	195.6	207.3	123.6	111.9	96.9	19.5	61.2	98.7	72.5	167.6	128.4	1.5	92.1	69.1	179	146.2	106.4	369.2	451.8	98	240.7
Adcy3	92.4	30.7	33.2	56.5	155.9	86.5	41	36.2	35.9	167.4	67.3	59.1	149.2	0	83	16.2	176.9	52.4	167.6	98.8	230.8	299.9	128.8	88
Dnajc27	406.3	420	506.2	318.4	271	366.6	487.5	429.8	223.9	499.4	549.7	605.7	372.7	276.6	467.5	214.5	368.3	320.1	405.4	461.7	254.6	205.1	159	143.6
Efr3b	27.3	36.6	108.7	79.3	28.6	188.1	81.9	145.9	46.2	39.5	22.4	40.3	118.9	103.4	53.9	32.4	104.2	96	55.9	60.3	17.5	9.4	0	22
Cbll1	923.9	950.6	734.9	711.8	965.9	859.5	612.4	851.8	1040.2	719.9	566.1	1022.6	1275.3	936.1	911.7	1058.5	906.2	884.7	743.1	755.4	343.7	425.2	434.1	430.9
Dnmt3a	1426.8	2116.3	1283.4	1547.5	1070.3	1006.4	1551.4	1456	1146	815.1	1281.8	684.4	1376.7	1004.3	1200.1	1668.7	1481.6	1452.2	1350.6	1328.7	1449	1403.1	827.3	832.1
Dld	599.5	600.8	566.9	522.7	489.8	597.2	581.4	472.9	549.4	647.7	422.5	563.7	658.4	738	751.5	403.8	402.2	461.3	631.3	842.6	1421.1	1425.8	2855.7	2999.8
Kif3c	44.1	41	55.8	35.9	83.7	119.4	14	55.8	0	89.8	2.2	0	63.8	12.5	75.7	46.5	88.4	21.8	32.1	34.6	102.6	146.4	63.1	44.6
Rab10	4668.9	5330.3	5824.7	6883.2	5192.9	4651.5	6020.6	7088	6172.6	6295.1	6056	8710.8	6931.2	4744.8	7882.1	6552.4	5253	7089.5	6507.1	4795.4	3380.9	3456.2	3187.1	3183.6
Ddx52	745.4	955.7	415.8	706.4	469	858.1	799.2	647.2	735.3	811	957.2	1136.3	953.7	1343.2	747.1	853.1	1130.3	427.8	919.1	793.9	809.2	798.7	957.5	894.3
Taf15	663.5	955.7	667.1	1047.6	1080.3	972	751.2	1013.4	1358.6	1085.9	1272.1	750.7	793.3	1487.7	1007.8	1246.7	1346	926.9	1206.8	579.7	113	54.8	54.3	39.5
Mmp28	2.1	0	9.2	0	0	16.5	22	0	27.7	0	0	0	0	0	0	0	0	0	0	5.1	6.4	7	189.9	215.5
Cdc27	956.4	898.6	634.6	762.9	1309.8	897.9	954	1037.9	1142.9	992	1157.7	1216.8	964.9	928.7	1136	1174.9	1129.1	1399.9	1054.6	950.4	1102	1053.1	945.4	953.1
Itgb3	555.4	514.4	561.2	674.8	770	816.9	692.3	607.1	756.8	639.6	970.7	890.2	144.4	263.4	144.2	227.7	54.5	250.3	61.8	74.4	353.3	290.5	138.9	157.2
Mettl2	437.8	608.8	287.3	396.7	494.8	277.3	231.8	511.1	481.6	389.2	527.2	328.4	415	421.8	435.5	415.9	557.3	229.9	329.3	422	420.1	423.6	571.7	665.2
Nle1	264.6	188.8	121.4	118.5	173.7	135.9	270.7	131.2	212.6	265.4	101	59.1	27.1	132.8	113.6	151.8	59.4	152.8	130.8	221.9	240.3	234.9	215.4	153.4
Tlk2	1405.8	1592.4	1345.5	1586.6	1160.4	1524	1388.5	1241.5	1861.7	1115.9	1053.7	996.7	1308	1001.3	1325.3	1455.2	1786.9	1785.5	1299.5	1232.5	319.1	339	157.7	243.9
Rffl	460.9	733.2	571.8	524.9	468.3	786.7	621.3	479.8	701.4	302.1	454.7	187	332.8	304.4	333.5	231.7	232.6	374	159.3	398.9	328.6	316.3	957.5	889.7
Lig3	602.6	645.4	549.2	449.9	247.4	438	443.5	589.4	509.3	453.2	314.1	360.6	470.1	308.1	623.3	358.2	442.2	311.4	278.2	450.2	745.6	596.6	862.9	840.5
Map3k3	311.8	338.1	115.8	213	199.5	133.2	146.8	346.6	331.7	117	169	93	431	88.8	307.3	362.3	454.3	442.4	424.5	343.7	1417.1	1634.1	1278.2	885.2
Ddx42	1742.8	1970.7	2055	2266.9	1348.4	1401.8	1610.3	1824.1	1554.7	1435.7	1997.5	2418.4	1640	1532.5	1945.8	1804.3	1671.8	1510.4	1966.5	1283.8	1873.1	1970.8	1790.8	2022.1
Ftsj3	941.8	1054.5	868.3	652	1146.8	726.3	728.2	1068.2	1276.4	1065.5	1019.3	1848.5	1525.1	951.5	1163.7	1428.9	1068.5	752.3	917.9	1498	1751.3	1658.4	2667.8	2887.2
Rnf135	192.1	94.4	141.2	166.3	255.2	28.8	97.9	123.4	45.2	134.7	71	323.9	180.4	57.2	103.4	176.1	83.6	173.2	140.3	174.4	278.5	276.4	308	207.1
Psmc5	786.4	870.1	454.6	509.7	568.4	670	848.1	553.2	1135.7	816.5	793.5	1156.8	1021.5	885.4	645.2	612.2	965.5	902.2	706.2	1182.5	2342.5	2336.5	2760.4	2727.4
Tcam1	14.7	30.7	74.1	70.6	84.4	156.5	86.9	114.6	57.5	91.2	0	4.5	39.9	91	85.9	97.1	124.8	30.6	51.1	59	119.4	101	103.3	136.5
Ern1	1128.6	1598.2	1529.1	1378	1416.4	516.2	1640.3	902.8	410.8	574.3	599.8	281.8	1118.1	960.3	1120	911.8	1338.7	1971.7	1085.5	641.3	686.7	738.4	525.4	381.1
Nf1	118.6	121.5	84	417.3	80.8	85.1	304.7	157.6	398.4	221.8	255.8	314.9	399.8	661.7	183.5	216.6	182.9	29.1	82	102.6	63.7	76	16.1	7.8
Pecam1	273	413.5	441.2	314.1	296	307.5	309.7	297.7	439.5	453.2	426.3	498.3	838	515.7	451.5	807.5	580.3	606.8	936.9	773.4	2450	2428.9	986.3	937.6
Polg2	197.4	139.8	173	173.9	58.6	254	217.8	151.8	68.8	205.5	76.3	340.9	42.3	132	212.6	175.1	151.4	282.3	198.6	130.8	75.6	108.8	120.8	91.9
Ddx5	17376.7	19892.9	18436.9	16964.7	13927	17062.8	17441.5	18886.6	15145.5	15667	14384.7	14530.9	18460.1	13967.4	16649.8	16872.3	17068.5	16076.5	19234.7	14865.8	5643.9	5922.6	3401.2	3250.2
Psmd12	820	995.2	1066	836.8	610.6	921.2	1295.6	1101.5	885.2	1257.4	1012.6	1098.7	1039.1	1242	1296.2	717.5	792.3	1015.7	858.4	1378.7	1752.1	1750.8	2227.6	2266
Helz	1974.8	2366.6	2033.1	3037.4	1470	1900.1	1736.2	1685.1	1588.6	1578.5	1646.7	1304.5	1861.1	1192.8	1287.5	1440	1298.7	1017.2	1432.7	1326.1	994.6	870.7	463.6	510.5
Cep112	155.4	100.3	95.3	155.4	42.9	108.5	99.9	81.3	176.6	95.3	10.5	126.2	52.7	91.7	29.1	18.2	169.6	186.3	263.9	33.3	8	12.5	10.1	0
Rab37	1617.9	1399.9	1584.1	1644.2	1259.8	1878.2	1832.1	1217.1	2069.2	1876.6	1752.2	1814.5	707.1	1186.9	866.6	1275.1	966.8	1017.2	1043.9	525.8	611.9	687.5	202	199.9
Slc9a3r1	747.5	597.1	511.8	443.4	1081	1032.4	1034.9	428.9	587.4	640.9	385.1	818.7	606.5	843.6	719.5	472.6	763.2	864.4	700.3	783.6	2714.1	2605.8	2225	2062.9
Nt5c	195.3	234.9	110.8	148.9	213.8	221	282.7	231.1	223.9	416.4	181	121.7	292.1	184.1	302.9	242.9	192.6	80	167.6	291.1	761.5	803.4	1136	972.5
Hn1	550.1	436.1	547.8	712.9	1179	856.7	989	903.7	1600.9	1298.2	2164.3	2392.4	1246.6	1356.4	1149.1	1284.2	1360.5	1437.7	1651.4	1894.3	5083.7	5115.4	2373.9	2223.3
Sumo2	1217.9	976.9	818.2	662.9	1911.1	1990.8	1376.5	1040.8	1757	1645.2	345.5	148.5	1426.9	1325.6	2226.9	410.9	1663.4	1151	791.8	1219.7	25.5	18	8.1	3.9
Nup85	905	747.9	851.4	862.9	841.5	877.3	1370.5	1219	1084.4	1797.6	2000.5	1716.9	1481.2	979.3	1434.6	1727.4	1005.5	1252.9	1653.8	1435.1	2199.3	2081.2	2430.3	2735.8
Gga3	473.5	634.5	746.9	652	595.6	340.5	311.7	553.2	608.9	526.6	999.9	787.3	466.1	579.5	522.9	836.9	500.3	487.5	804.9	573.3	566.5	646	372.4	462.7
Cluh	1062.5	995.2	1378.7	1435.5	1169	1588.5	1968.9	1470.7	1579.4	1886.1	1733.5	1427.1	1419	1765	1653	1750.7	1167.9	1605	1702.6	1673.7	2002	1992	2373.2	2271.9
Mif4gd	624.7	457.4	513.2	750.9	601.3	308.9	706.3	455.3	442.6	544.3	449.5	396.4	587.4	638.2	431.1	491.8	370.7	301.2	381.7	520.7	378	400.1	374.4	317.1
Slc25a19	300.3	202.7	368.5	255.4	210.2	314.4	191.8	253.6	236.2	287.1	240.8	473.3	229.8	207.6	262.2	484.7	345.3	151.3	240.2	342.4	402.6	353.9	354.3	323.5
Pafah1b1	3587.5	4559.8	3513.4	2836.3	4114	4328.9	3475.3	3351.6	3757.4	3406.1	3556.7	3146.7	3648.8	4025.2	2937.6	2606.8	3750.7	2489.8	3224.4	2863.9	608.7	551.2	458.3	588.2
Tmem94	25.2	46.8	14.8	72.8	25.7	74.1	6	46	86.3	70.8	18.7	46.5	0.8	29.3	24.8	56.7	15.7	27.6	33.3	59	881.6	920.8	680.4	627
Recql5	203.7	130.3	329	222.8	429	96.1	308.7	199.7	140.7	167.4	267.7	176.3	279.3	151.1	253.4	72.9	119.9	346.3	230.7	266.8	619.1	751.7	432.1	480.8
Sap30bp	241.5	355.6	213.2	145.6	256.7	214.2	285.7	141	117.1	201.4	204.9	196.8	153.2	267	139.8	189.2	315	168.8	318.6	156.5	1108.4	1143.2	918.6	946
Galk1	254.1	410.5	314.8	314.1	394	532.7	440.5	372.1	674.7	612.4	817.4	814.2	572.2	421.8	572.4	534.3	426.4	406	463.7	754.1	2337.8	2406.2	2531.6	2371.5
Unk	1022.6	763.3	840.8	869.4	641.3	836.1	665.3	873.4	781.5	836.9	744.9	407.1	670.4	812.1	894.2	936.1	890.4	823.6	1048.6	790	1023.3	1089.9	474.4	414.1
Trim47	1089.8	1083	1287.6	1405.1	335.3	676.9	403.6	465.1	325.5	178.3	312.6	499.2	154.8	229.6	170.4	210.5	42.4	1.5	21.4	83.4	1.6	7	39.6	41.4
Aspa	109.2	84.9	158.1	113	155.9	119.4	151.8	91.1	63.7	6.8	3.7	59.9	0	5.1	1.5	66.8	10.9	62.6	0	0	0	2.3	0	0
Mrpl38	216.3	212.2	109.4	288	103.7	107.1	156.8	273.2	296.8	396	157.8	355.2	129.3	186.3	330.6	284.4	175.7	141.1	154.6	324.5	726.5	769.7	907.2	1059.9
Fbf1	183.7	136.8	110.8	215.2	115.1	89.2	100.9	108.7	262.9	70.8	161.5	144	35.9	168.7	160.2	141.7	149	82.9	110.6	78.2	383.5	371.9	151.6	296.4
Acox1	886.1	1082.3	989	1010.6	1155.4	631.5	736.2	885.1	825.6	424.6	471.1	501	595.4	517.9	409.3	348.1	384	355.1	395.9	454	387.5	406.4	382.5	528
Ten1	371.7	349.8	441.2	407.5	387.5	595.9	270.7	456.3	397.4	450.4	436	631.7	314.4	492.2	512.7	562.6	504	360.9	504.1	442.5	581.7	563	635.4	593.4
Srp68	1106.6	911.1	926.2	607.5	411.8	814.1	759.2	892	924.2	1056	1339.4	1466.4	1294.5	1241.2	1122.9	986.7	1292.6	1325.6	1234.1	1399.2	2668.8	2644.2	3587	3859.8
Tsen54	275.1	261.2	163.8	307.5	209.5	181.2	334.6	179.2	140.7	234.1	254.3	153	175.6	173.1	199.5	209.5	133.3	243	135.5	404	516.4	495.6	863.5	746.7
Llgl2	32.5	35.1	121.4	8.7	95.8	57.7	45	81.3	4.1	70.8	0	37.6	9.6	69.7	75.7	0	46	21.8	13.1	112.9	70.8	106.5	11.4	51.8
Ncbp3	1570.6	1456.3	1043.4	1169.3	968.1	972	1041.9	971.3	1751.9	1047.8	962.5	1117.5	1789.3	1221.4	1060.3	1000.8	1533.7	1168.5	919.1	1001.7	817.2	735.2	564.3	703.4
Camkk1	522.8	340.3	230.8	151.1	205.2	138.7	53.9	178.2	22.6	40.8	61.3	35.8	167.6	21.3	75.7	91.1	155.1	113.5	80.8	192.4	89.1	118.2	37.6	33
P2rx1	191.1	243.7	240.7	249.9	172.3	281.5	298.7	213.5	211.5	151.1	193.7	291.7	120.5	95.4	128.2	159.9	50.9	119.3	15.5	65.4	88.3	97.9	313.3	311.2
Atp2a3	686.6	397.4	482.2	530.3	379.7	322.6	179.8	542.4	400.5	434.1	665.6	735.4	509.2	392.5	330.6	450.3	259.3	337.6	412.6	482.2	9566.7	9763.2	5340.3	5395.9
Ankfy1	745.4	776.4	967.8	1083.5	909.4	705.7	919	910.6	1077.2	898.1	797.2	1303.6	958.5	886.9	1195.7	583.9	842	912.4	963	901.6	1586.6	1381.2	819.3	932.4
Exoc7	510.2	188.8	264	209.7	328.9	293.8	317.7	178.2	195.1	268.1	252	691.6	166	284.6	203.9	232.7	174.5	256.1	291.3	320.6	1214.2	1052.4	963.5	1151.8
Ube2g1	671.9	835.7	1214.9	1284.5	798.6	908.9	1318.6	916.5	1204.5	1392.1	986.4	722.9	1336.8	1201.6	1299.1	949.2	792.3	1081.2	920.2	802.9	1280.3	1239.5	1683.5	1659.7
Spns3	25.2	34.4	43.8	48.9	124.4	9.6	99.9	120.4	131.4	163.3	317.8	199.5	295.3	314	221.4	376.4	329.5	173.2	343.6	339.9	2259	2274.6	1995.5	1879.7
Med31	183.7	217.3	188.5	278.2	178.7	151	215.8	67.6	55.5	198.7	167.5	27.7	105.3	160.7	203.9	179.1	204.7	101.9	142.7	188.5	177.4	166	145.6	163.1
Ube2o	392.7	219.5	149	277.1	314.6	39.8	281.7	288.8	297.8	269.4	256.5	186.1	182	239.1	195.2	146.7	226.5	152.8	240.2	314.2	615.1	710.2	302.6	150.8
Txndc17	482.9	578.8	514.6	536.8	497.6	454.4	517.5	477.8	726	832.8	490.6	193.3	560.2	656.6	550.5	448.3	368.3	295.4	600.4	570.7	498.1	519.9	885.7	713.7
Rhbdf2	14.7	2.2	10.6	1.1	2.9	0	1	3.9	0	4.1	12.7	0	21.5	38.1	2.9	4	40	4.4	30.9	32.1	1569.1	1694.4	409.3	399.2
4933427D14Rik	268.8	263.4	228	289.1	137.3	112.6	396.6	274.2	314.2	269.4	229.6	285.4	168.4	124.7	219.9	233.8	135.7	158.6	304.4	264.2	190.2	189.5	137.6	132
Fam64a	59.8	71	117.2	23.9	150.1	204.6	147.8	165.5	745.5	364.7	554.9	447.4	220.3	198.1	136.9	262.1	473.7	298.3	338.8	319.3	1321.7	1432.1	301.3	344.2
1810032O08Rik	283.5	231.2	581	372.7	247.4	326.8	589.4	467	375.8	485.8	306.6	133.3	221.1	326.4	592.8	293.5	275	160.1	317.4	296.3	27.1	34.5	10.1	7.1
Rabep1	1390.1	1309.9	824.5	1023.7	1424.9	1278.2	581.4	794.1	1096.7	755.3	1070.2	1311.6	797.3	862	1230.7	745.8	1114.6	830.9	878.6	614.3	556.2	482.3	356.3	244.6
Mfsd11	160.6	76.1	255.5	227.1	106.5	190.8	78.9	128.3	122.2	149.7	192.9	79.6	235.4	85.1	254.9	67.8	230.2	87.3	212.8	146.2	302.4	247.4	704.5	508.6
Kif1c	449.4	439.1	341.7	520.5	343.2	208.7	388.6	344.7	270.1	193.2	224.4	263.9	229.8	236.9	222.8	254	346.5	333.2	454.2	392.5	20.7	43.8	9.4	5.2
Sec14l1	661.4	530.5	1054.7	958.5	486.9	584.9	967	500.3	332.7	655.9	513.8	827.6	407.8	363.9	386	406.8	270.2	307	313.9	354	384.3	343	452.9	484.7
Mink1	627.8	689.3	667.1	781.3	400.4	600	421.6	523.8	308.1	424.6	913.1	420.5	118.9	316.9	320.4	736.7	256.8	352.1	379.3	447.6	103.4	108.8	30.9	40.1
Pld2	71.4	71.7	180	191.3	5	71.4	85.9	20.6	0	10.9	35.1	30.4	35.9	0.7	5.8	55.7	44.8	1.5	65.4	59	67.6	60.3	47	19.4
Slc46a1	0	0	15.5	0	0	0	2	35.2	38	0	33.7	0	19.2	0	7.3	13.2	50.9	37.8	0	29.5	30.2	14.1	135.5	138.5
Eral1	97.6	90.7	114.4	138	159.4	100.2	208.8	116.5	177.7	112.9	79.3	221.9	170.8	74.1	160.2	162.9	66.6	78.6	102.2	157.8	518.8	521.5	677.7	709.2
Dhrs13	40.9	46.1	117.2	80.4	50.8	177.1	86.9	131.2	102.7	69.4	70.3	38.5	189.1	33.7	148.6	29.3	124.8	8.7	23.8	125.7	148	141.7	189.9	205.8
Blmh	686.6	747.9	511.1	487.9	671.4	944.6	549.4	555.2	754.8	879.1	1163.6	948.4	1025.5	934.6	898.6	1051.4	594.8	801.8	907.2	704.1	2274.9	2502.5	2590.6	2918.9
Cpd	509.2	239.3	447.6	649.9	460.4	451.7	444.5	502.3	407.7	451.8	462.9	420.5	272.9	239.9	352.5	442.2	336.8	151.3	615.9	246.2	366	370.4	622.7	691.1
Timm22	396.9	480.8	432	372.7	369.6	212.8	310.7	349.6	480.6	366.1	264.7	533.2	265.8	322.8	327.7	351.1	295.6	277.9	321	334.7	699.4	727.4	846.1	645.1
Nxn	325.5	340.3	210.4	302.1	263.8	164.8	160.8	175.3	248.5	337.5	335	282.7	171.6	216.4	282.5	207.5	50.9	87.3	149.8	175.7	95.5	101	336.2	384.4
Fam101b	48.3	120.7	139.8	101.1	37.9	30.2	54.9	164.5	0	126.6	32.9	153.9	44.7	16.1	123.8	101.2	49.7	33.5	128.4	305.2	143.2	152.7	1082.3	992.6
Ywhae	6209	6796.8	7015.6	7186.4	6665.7	6860.5	7188.4	8443.1	7371	9222.2	9082.5	10991.4	7918.4	7349	9207.5	7775.9	6546.8	9279.5	8944.4	8627.6	9300.2	9277	8653.6	8998.8
Prpf8	1159.1	1048.6	1562.9	1683.3	1182.6	1186.2	1339.6	1723.3	1254.9	1543.2	1953.4	2229.6	1661.6	1550.8	1405.4	1953.1	1031	1401.3	1389.9	1576.2	2984.7	3385.7	3017.4	3051.6
Spag9	1375.4	1936.3	1351.9	1239.9	1475.7	1559.7	825.1	1316	1453	1386.7	1272.1	1004.8	1079.8	1484	1087.9	1289.2	1808.7	1418.8	1354.2	1024.7	763.1	760.3	236.9	169.5
Luc7l3	12613.4	11009.7	8379.4	11082.3	10032.5	9399.1	8470	10603.1	10284.3	10251	9805.7	10310.5	10821	9777.9	10567.8	11327.8	10601.6	10824.9	10888.4	8031.2	602.3	608.4	422	507.3
Ankrd40	780.1	943.3	1131.6	928.1	773.6	919.9	904	939	315.3	668.2	815.9	718.4	939.3	514.2	763.2	843	711.1	995.3	857.2	764.4	1036.8	1021.8	836.7	734.4
Xylt2	259.3	144.9	106.6	130.4	25.7	167.5	157.8	209.5	137.6	167.4	147.3	42.9	199.5	159.2	78.6	85	123.6	117.9	225.9	110.3	332.6	318.7	248.3	212.2
Lrrc59	489.2	499.8	493.4	478.2	569.8	601.3	802.2	550.3	939.6	885.9	739.6	1078.1	885.1	906.7	1194.3	742.8	885.6	472.9	708.6	1061.9	4897.5	4765.3	11516	11167.1
Slc35b1	365.4	526.2	473.7	383.6	642	278.7	749.2	753	791.7	642.3	473.4	667.4	672.8	554.6	703.5	509	226.5	323	348.4	1041.4	963.6	931	1574.8	1611.9
Snx11	254.1	205.6	203.3	202.1	204.5	247.1	96.9	282	317.3	213.6	172.8	499.2	175.6	373.4	141.3	387.6	152.6	288.1	149.8	241.1	357.3	387.6	321.4	286.7
Scrn2	159.6	106.1	83.3	85.9	113	175.7	23	58.7	91.4	95.3	34.4	111.8	181.2	172.4	58.3	234.8	99.3	138.2	158.1	91.1	329.4	336.7	298.6	233.6
Cacnb1	44.1	13.9	68.5	15.2	35	20.6	3	64.6	14.4	16.3	56.8	0	13.6	29.3	42.2	64.8	53.3	71.3	65.4	37.2	152.8	142.5	19.5	20.1
Fbxl20	869.3	655.7	695.3	823.7	501.9	634.3	658.3	445.5	794.8	397.4	731.4	585.1	770.9	605.2	690.3	580.9	634.8	612.6	478	415.5	288.8	233.3	208	194.1
Dvl2	534.4	398.8	367.8	427.1	639.2	773	529.4	421	464.2	272.2	478.6	150.3	477.2	448.2	434	472.6	460.4	454	272.3	274.5	855.4	981.1	616	557.8
Nr1d1	12.6	2.9	38.1	26.1	0.7	31.6	9	42.1	0	8.2	52.3	0	22.3	0	11.7	53.6	0	5.8	4.8	15.4	124.1	104.1	57	26.5
Per1	321.3	270.8	297.2	282.5	161.6	179.9	232.8	259.5	16.4	137.4	187	204	188.3	27.1	150	53.6	172	119.3	120.1	186	122.5	134.7	39.6	40.1
Vamp2	280.3	218.1	300.7	329.3	208.8	208.7	125.9	224.2	124.3	126.6	223.6	156.6	298.5	199.5	94.7	154.8	99.3	237.2	205.7	162.9	902.3	752.5	232.8	154
Tmem107	30.4	33.7	119.3	41.3	198.8	114	251.7	160.6	215.6	170.1	157	151.2	174.8	146	202.4	100.2	213.2	277.9	128.4	223.2	268.2	297.5	261.7	347.5
Aurkb	116.5	35.1	84.7	179.3	515.5	643.9	1086.8	605.1	916	1139	705.2	441.1	280.9	726.2	801	601.1	709.9	880.4	674.1	713.1	3018.1	3084.2	2693.3	2462.1
Ctc1	248.8	312.5	333.2	410.8	564.1	414.6	384.6	374	360.4	265.4	581.8	431.2	395	413	218.5	572.8	650.6	557.3	520.8	613	1480.8	1349.9	1182.9	1122.7
Pfas	995.3	792.5	1047.6	731.4	1617.3	939.1	1645.3	1552.9	1364.7	1812.6	1620.6	1111.2	1229	1288.9	1529.2	1391.4	1296.3	1188.9	1109.3	1455.7	617.5	531.7	733.4	602.4
Myh10	543.8	474.9	503.3	268.4	388.2	422.9	368.6	327	260.8	145.6	145.8	70.7	24.7	154.8	52.4	85	0	0	9.5	123.1	37.4	48.5	0	0
Pik3r5	0	51.2	67.8	38	13.6	0	10	62.7	39	58.5	104.7	42.9	71.8	19.8	88.8	42.5	119.9	49.5	180.7	192.4	553.8	509.7	281.8	319
Stx8	212.1	204.2	180	108.7	81.5	195	307.7	118.5	294.7	129.3	188.5	42.1	181.2	225.2	196.6	132.6	318.6	470	197.4	187.2	386.7	427.5	544.8	506
Adprm	255.1	147.1	203.3	413	589.1	318.5	271.7	104.8	34.9	96.6	258	42.9	127.7	85.1	288.4	347.1	92.1	171.7	271.1	139.8	134.5	131.5	306	333.9
Top2a	1719.7	2245.1	2342.3	2945	10215.6	7720	6380.2	8366.7	16496.9	14148.4	22196	20625.6	8683	12210.5	9631.3	15317.9	16166	13381.6	17252.8	12439.2	9485.6	9414	3350.9	3644.3
Acly	900.8	1049.4	1226.9	1443.2	726.4	1018.7	1332.6	1738	1212.8	1321.3	1364.8	2058.7	830	896.4	1561.3	1640.4	1056.4	934.2	1592	1517.2	5621.6	5338.5	5519.5	5153.9
Kat2a	447.3	687.1	511.8	678.1	1199.7	696.1	594.4	617.8	856.4	677.7	517.5	532.3	874.7	1263.2	821.4	802.5	699	614.1	738.3	659.2	1636	1542.5	1735.8	1714.1
Stat5b	2533.4	1732.1	2434.8	2282.1	1366.3	2187.1	2850	2587.9	2338.2	2419.5	1978	1886	2227.4	1733.5	2541.5	1964.2	2042.6	2504.3	1978.4	1917.4	2053.7	2222.2	1643.9	1796.3
Tmem101	217.3	235.6	208.3	180.4	213.8	310.3	258.7	225.2	215.6	336.1	189.2	303.3	310.4	273.6	369.9	168	99.3	260.5	212.8	92.3	217.2	241.2	262.4	341.7
Lsm12	223.6	150.7	199.1	217.3	246.7	156.5	72.9	197.8	419	204.1	291.7	320.3	273.7	473.2	202.4	284.4	378	170.3	203.3	287.3	789.3	797.1	1029.3	1017.8
Ubtf	1196.9	1568.9	1006	929.1	1582.2	1804	1049.9	1537.2	1375	1154	1099.3	1655.2	1221.8	1507.5	1479.7	1267	1092.8	881.8	1197.3	1276.1	3389.7	3174.3	2246.4	2371.5
Ccdc43	573.2	294.9	275.3	474.9	422.6	343.2	305.7	359.3	732.2	434.1	555.6	428.6	460.5	304.4	295.7	453.4	396.2	326	350.7	446.3	523.6	594.3	680.4	581.1
Adam11	52.5	41	78.4	208.6	42.2	52.2	7	79.3	32.9	34	112.9	70.7	55.9	123.2	33.5	72.9	86	85.9	70.1	128.3	117	155	1.3	0
Eftud2	904	1072.8	1021.5	693.3	1167.6	786.7	1211.7	1392.3	1539.3	1548.6	1307.2	1439.6	964.1	1156.1	1358.8	1353	1562.8	1356.2	1573	1716	4216.4	4105.3	4307.7	4428.6
Dcakd	266.7	141.2	305.7	227.1	489.8	144.2	313.7	420	124.3	461.3	571.4	478.7	270.5	309.6	425.3	498.9	218.1	548.6	357.9	389.9	572.1	581.8	519.3	485.9
Nmt1	1074	1098.4	893	845.5	1201.9	779.8	820.1	849.9	993	982.5	999.9	944.8	901	888.4	946.7	1031.2	984.9	916.7	917.9	1192.8	1539.7	1447	1813	1662.3
Map3k14	450.4	300.8	125.7	331.4	410.4	240.3	111.9	168.4	132.5	58.5	122.6	201.3	99.8	190	118	257	432.5	387.1	442.3	292.4	210.1	226.3	34.9	32.4
Gosr2	762.2	659.3	751.1	718.3	554.8	435.2	977	672.7	771.2	755.3	620	255	249.8	484.2	965.6	715.5	611.8	570.4	656.3	755.4	2456.3	2441.4	2467.9	2766.9
Klhl28	130.2	242.2	85.4	109.8	170.9	71.4	49.9	55.8	76	84.4	61.3	125.3	5.6	320.6	39.3	174.1	151.4	69.8	130.8	70.5	150.4	139.4	116.8	145.6
Fkbp3	2183.8	1915.1	1420.3	1512.7	2741.2	2401.3	1495.4	1816.3	2395.7	1782.7	2141.1	2251.1	3073.4	3241	2861.9	2733.3	3814.9	2473.8	2948.6	2789.5	1222.2	1230.9	1228.6	1140.8
Scfd1	348.6	283.2	453.9	346.7	614.9	490.1	491.5	267.3	399.5	415	282.7	224.6	427	546.5	235.9	278.3	482.2	283.8	293.7	356.5	934.2	957.6	1560.7	1490.9
Strn3	2597.4	2607.4	2151	2512.5	1723.1	1768.3	1754.1	2210.9	1195.3	2204.5	1563	1626.6	2096.5	2081.2	2122	1744.6	2494.4	2580	1502.8	1385.1	798.1	876.2	868.9	977.7
Ap4s1	670.9	821.8	700.3	707.5	415.4	516.2	640.3	529.7	361.5	491.3	552.7	822.2	778.9	479.8	557.8	485.7	415.5	704.3	448.2	387.3	318.3	306.2	391.2	324.2
Dtd2	233.1	176.4	98.1	173.9	56.5	122.2	49.9	84.2	111.9	95.3	68.1	65.3	3.2	101.2	75.7	52.6	216.9	113.5	73.7	42.3	244.3	267	402.6	359.1
Ston2	63	22.7	19.1	0	0	42.6	0	0	1	0	0	0	0	2.9	0	0	0	0	0	0	25.5	23.5	72.5	73.8
Gtf2a1	918.7	637.4	537.9	828.1	530.5	461.3	726.2	798	947.8	974.3	585.6	603.9	892.2	848.8	649.6	863.2	779	906.6	690.8	552.8	622.2	537.9	535.4	588.8
Tshr	0	0	0	0	0	0	0	0	0	0	0	0	0	0	0	0	0	0	0	11.5	1.6	3.1	83.2	100.9
Sel1l	1989.5	2033.6	1852.4	1901.8	1430	1636.5	1693.2	1832	1437.6	1650.7	1527.8	1831.5	1344.7	1520	1205.9	1635.3	1307.2	1658.9	1577.7	1548	1553.2	1529.2	2332.3	2363.1
Dnaaf2	261.4	92.2	244.3	263	266	205.9	199.8	193.9	492.9	347	337.3	506.4	327.2	298.6	492.3	418.9	409.5	448.2	379.3	371.9	454.3	505.8	789.1	765.5
Pole2	300.3	274.4	192	143.4	396.8	481.9	640.3	557.1	1216.9	836.9	446.5	414.2	617.7	688.1	777.7	326.9	737.8	438	319.8	541.2	395.5	368	745.5	751.2
Klhdc2	744.4	595.7	1111.8	960.7	594.9	553.3	1041.9	989.9	964.2	953.9	1000.6	914.4	486.8	722.6	1370.5	1441	699	1097.2	1112.9	654.1	607.1	591.2	1378.2	1253.4
Nemf	1840.5	1811.2	1039.1	1523.6	1371.3	1253.5	851.1	1388.4	1035.1	1201.6	1011.8	1562.2	1290.5	1522.9	1523.4	1198.2	1617.3	1463.9	1008.2	1240.2	762.3	693.7	676.3	702.1
Sec23a	606.8	483.7	315.6	283.6	475.5	719.4	368.6	397.5	780.4	556.6	358.2	391	568.2	682.2	332.1	408.8	499.1	225.5	472	378.3	502.9	524.6	725.3	937
L2hgdh	289.8	294.2	413.7	230.4	343.9	313	438.5	480.8	519.6	675	273.7	294.4	197.1	453.4	340.8	350.1	204.7	528.2	121.3	279.6	200.5	204.4	313.3	460.1
Trappc6b	496.6	327.8	667.8	439	492.6	811.4	580.4	438.7	885.2	715.8	492.1	229	702.3	608.1	511.2	500.9	728.1	612.6	432.8	747.7	344.5	337.5	437.5	383.1
Pnn	3343.9	3445.2	2812.4	3415.5	4220.5	3668.5	3074.7	3998.8	3269.6	4232.1	4455.6	4004.7	3964	3792.6	3349.8	3073.3	4499.4	3712.1	3695.2	3133.2	1320.9	1422.7	1287.6	1238.5
Ctage5	638.3	376.9	637.5	473.8	529.1	616.4	560.4	782.3	836.9	639.6	410.6	472.4	901	641.2	604.4	433.1	883.2	569	626.6	590	1517.4	1497.1	1505.7	1510.9
Galc	224.7	297.1	369.9	271.7	102.2	370.7	334.6	334.9	130.4	108.9	136.9	127	166.8	106.4	199.5	208.5	215.6	84.4	132	153.9	61.3	72	193.9	280.8
Spata7	219.4	243	115.8	119.5	26.5	63.2	277.7	140	53.4	32.7	20.2	148.5	24.7	216.4	85.9	113.3	256.8	72.8	221.1	44.9	73.2	95.5	63.1	102.2
Ptpn21	497.6	511.5	665.7	662.9	180.9	523.1	506.5	323.1	100.6	185.1	411.3	357	371.1	185.6	278.2	577.8	124.8	317.2	403.1	166.7	68.4	57.9	39.6	50.5
Npas3	126	98.8	70.6	53.2	75.1	15.1	105.9	0	0	0	0	0	0	0	0	0	0	0	0	0	0.8	0.8	0	0
Zc3h14	1011	720.1	842.9	895.5	873.7	1368.8	978	1107.4	944.7	1017.9	826.4	622.7	972	981.5	760.3	894.6	1210.3	1044.8	895.3	822.1	2012.3	1900.3	1887.5	1729.6
Ttc8	227.8	298.6	189.2	330.4	188	145.5	177.8	106.7	82.2	85.7	78.5	2.7	31.9	35.2	104.9	175.1	260.5	229.9	147.4	148.8	82.8	68.1	40.3	58.9
Polr2h	511.3	595.7	669.2	460.8	493.3	407.8	434.5	404.4	661.3	566.1	319.3	211.1	707.1	735.8	519.9	409.8	488.2	403.1	420.9	528.4	322.3	314	575.7	474.3
Ppp2r3c	595.3	510.8	245	494.5	537.7	389.9	223.8	341.7	499.1	264	468.9	516.2	477.2	316.2	320.4	575.8	378	327.4	462.5	406.6	369.2	360.2	611.9	705.3
1110008L16Rik	105	65.9	125.7	60.9	81.5	131.8	107.9	194.8	108.8	66.7	118.2	186.1	146	209.1	193.7	149.8	141.7	85.9	101.1	112.9	292.8	236.5	504.6	538.4
Psma6	1355.4	1075	823.8	912.8	1387.8	1445.7	1030.9	954.7	1529	1030.1	780.7	1057.5	1748.6	1837.6	1147.7	755.9	1498.6	577.7	745.5	1478.8	3062.7	3215.8	4305	3895.4
Nfkbia	3118.2	3506.7	3767.6	4317.5	2670.4	2207.7	2198.7	2274.5	1579.4	1750	2133.6	2504.3	1677.5	1313.8	1619.5	1946	1415	1939.7	1976	1804.5	1825.3	1784.5	622.7	635.4
Ralgapa1	1264.1	1167.9	753.2	614	1169.7	843	403.6	853.8	674.7	797.4	557.9	681.8	775.7	1154.7	578.2	727.6	1143.6	833.8	765.7	806.7	774.2	739.2	720.6	646.4
Mbip	597.4	302.2	283.8	328.2	183	351.5	452.5	369.1	399.5	183.7	192.9	78.7	189.9	463.6	305.8	149.8	255.6	149.9	111.8	120.6	186.2	205.9	184.5	232.3
Gstz1	337	362.2	249.9	238	375.4	336.4	202.8	243.8	420	270.8	367.9	403.5	463.7	96.8	292.7	267.2	316.2	342	237.8	216.7	316.7	283.4	433.5	452.3
Sptlc2	514.4	616.2	566.9	632.5	542	542.3	927	526.8	847.2	528	489.8	449.1	399.8	920.6	799.6	536.3	316.2	577.7	479.1	491.2	874.5	859	1958.6	1960.6
Ahsa1	1000.5	1031.1	899.4	705.3	1110.4	1037.9	726.2	906.7	1037.2	1141.7	1361.8	1443.2	991.2	1121.6	994.7	1540.2	948.6	606.8	961.9	931.1	2376	2284.8	2862.4	2643.3
Vipas39	282.4	275.2	223.1	220.6	150.9	127.7	131.9	141	163.3	208.2	198.2	189.7	132.5	265.6	168.9	225.7	220.5	183.3	186.7	293.7	553	603.7	650.2	733.8
Snw1	3647.3	3358.9	3156.2	3198.2	3752.9	3200.3	2866	3858.8	3229.6	2978.8	3513.4	5467.5	2954.4	3082.5	3546.4	3562.1	2620.4	2649.8	3224.4	2952.4	1460.9	1473.6	1538.6	1596.3
Slirp	1069.8	960.8	1266.4	1009.6	1291.2	1080.5	1377.5	872.4	1164.5	919.9	1000.6	1497.7	1122.1	927.2	1109.8	1270	1017.6	862.9	1109.3	965.7	259.4	263.1	406.6	359.1
Adck1	275.1	245.1	389.7	155.4	227.4	282.8	264.7	236	225.9	268.1	409.1	346.2	366.3	146.7	415.1	237.8	226.5	199.4	279.4	238.6	309.5	396.2	704.5	493.1
Mthfd1	829.4	821.8	1319.4	906.3	1412.1	1333.1	1685.2	1664.5	1548.5	1962.3	1655	1979.1	1596.1	1706.3	1653	1560.4	1098.8	1283.4	1355.4	2025.1	2374.4	2504.8	3114	3259.3
Ppp2r5e	1084.5	1170.9	840.8	1061.7	1506.5	1767	706.3	1295.4	1864.8	1197.5	1148.7	1240.1	1523.5	1382.1	1134.6	1469.4	1716.7	750.9	1557.5	1215.8	731.3	520.7	300.6	306.7
Sgpp1	1174.8	1099.1	1234.7	898.7	790.8	1268.6	970	787.2	742.4	1075	836.8	365	790.1	1014.5	860.7	915.8	477.3	919.7	600.4	1033.7	1036.8	1010.9	3063.7	2902.1
Fut8	1659.9	2308.1	1831.9	1094.3	2296.5	1718.9	1947.9	2346	2316.7	2163.7	840.6	773	3275.3	2739.9	3175	1721.3	649.4	838.2	942.8	1087.6	1483.2	1406.3	2734.9	3007.6
Sav1	607.9	523.2	918.4	646.6	751.4	783.9	972	910.6	1104.9	1203	746.3	316.7	693.5	947.8	1182.6	590	539.1	1095.7	343.6	618.2	60.5	79.9	99.3	100.3
Nin	415.8	744.2	469.4	599.9	812.9	723.5	658.3	819.5	778.4	1087.3	869	1069.2	1373.5	1443	1224.8	1083.8	1338.7	762.5	1026.1	1079.9	833.9	693	1342.6	1095.5
Pygl	1154.9	1039.9	1026.4	991.1	547.7	635.7	728.2	815.6	538.1	430	617.7	879.5	650.4	661	709.3	1307.4	556.1	360.9	663.4	411.7	301.6	290.5	2739.6	3058.7
Tmx1	1161.2	945.5	1308.1	1167.1	1344.9	875.9	1569.3	1294.4	1538.3	1216.6	2117.9	2415.7	1429.3	1308.7	1369	1530.1	1212.7	1299.4	1256.7	1010.6	1945.5	1905	3244.8	3357.6
Actr10	458.8	547.4	366.4	403.2	396.8	263.6	551.4	379.9	553.5	408.2	490.6	486.7	465.3	247.2	381.6	382.5	558.5	365.2	556.4	636.1	871.3	902.8	1331.2	1059.3
Timm9	978.5	888.4	785.7	1008.5	1025.3	534.1	503.5	772.5	802	989.3	1254.9	713.1	842	556.1	1063.2	1175.9	849.2	618.4	989.2	718.2	296	300.7	493.8	449.1
Dhrs7	505	292.7	210.4	268.4	143.7	322.6	172.8	212.5	241.3	125.2	169.8	98.4	509.2	440.1	413.6	428.1	299.2	371.1	323.4	493.8	343.7	332	926.6	717.6
Ppm1a	592.1	579.6	801.9	1084.5	896.6	970.7	885.1	777.4	1037.2	925.4	807.7	1359.9	624.1	1017.5	974.3	713.4	576.7	1017.2	744.3	729.8	444	476.1	440.8	447.8
4930447C04Rik	460.9	736.2	414.4	493.4	153.7	282.8	236.7	232.1	352.2	243.6	136.9	233.5	504.4	95.4	131.1	156.9	410.7	270.7	205.7	125.7	2.4	3.1	13.4	13.6
Glrx5	925	758.9	1334.2	1413.8	838.7	687.8	1660.2	1628.3	1314.4	1916	1990	2946.3	1079	1115.8	1775.4	1780	771.7	1081.2	1708.5	1666	1267.6	1271.6	1777.4	1503.8
Mnat1	767.5	873	886.7	1116.1	1284.1	683.7	825.1	881.2	875.9	1212.5	1136	1211.4	1218.6	773.9	1019.5	1058.5	814.1	862.9	827.5	754.1	402.6	343	388.5	344.2
Prkch	847.3	1001.8	856.3	929.1	623.5	757.9	1183.7	600.2	488.8	487.2	647.6	591.4	483.6	281	319	841.9	341.6	842.5	376.9	387.3	984.3	1019.5	113.4	68.6
Hif1a	1170.6	521	764.5	631.4	562.7	978.9	577.4	716.7	809.2	753.9	633.4	495.7	496.4	1020.4	534.5	855.1	793.5	422	983.3	1113.2	1550	1536.2	1752.6	1576.9
Papola	2836.8	3292.3	3213.4	2887.4	3448.3	3756.3	3068.7	3706	3471.9	3667.4	3698.1	2880	4029.4	4273.1	3563.9	2691.8	3314.6	3268.3	3320.7	3106.3	4331	4488.2	4171.5	4107
Mpp5	826.3	1001.8	838.6	777	617	611	519.4	577.7	192	506.2	519	383.8	668.8	303.7	726.8	601.1	772.9	780	646.8	706.7	270.5	291.3	208.7	279.5
Snapc1	444.1	379.8	425	246.7	539.8	289.7	180.8	318.2	348.1	425.9	542.2	464.4	340.8	413	279.6	239.8	272.6	151.3	384	346.3	169.5	213	202	226.5
Atp6v1d	868.3	927.9	1776.1	1563.8	1253.4	1521.2	1635.3	1714.5	852.3	1207	1585.4	1703.5	865.9	977.1	1446.2	1445.1	1130.3	2147.8	1907.1	1444.1	1240.5	1390.6	958.2	906.5
Vrk1	1029.9	718.6	1032.8	669.4	882.3	943.2	1136.8	1202.4	1687.2	1133.6	1187.6	907.2	1076.6	1334.4	1187	1215.4	1201.8	1447.9	1228.2	1099.1	2299.6	2172	3268.3	2966.2
Eif2s1	537.5	516.6	672	437.9	910.2	568.4	647.3	968.4	981.7	1558.1	809.9	605.7	582.6	1183.3	1318.1	602.1	828.7	1069.5	862	1136.3	2123.7	2018.6	3504.5	3418.5
Pigh	307.6	308.1	265.4	357.5	303.1	348.7	338.6	320.2	269	368.8	213.1	335.5	247.4	177.5	168.9	354.2	352.5	264.8	445.9	292.4	262.6	293.6	222.1	236.8
Rdh12	106	57.8	35.3	46.7	123	61.8	44	46	76	16.3	82.3	22.4	44.7	33.7	24.8	101.2	192.6	46.6	105.8	141.1	178.2	195	106	111.9
Vti1b	535.4	607.4	539.3	273.9	321	388.5	429.5	368.2	417.9	578.3	510	663	304.1	292.7	384.5	321.8	311.3	503.5	378.1	351.4	598.4	650.7	821.3	861.9
Zfp36l1	578.5	820.3	833.7	702	770.7	904.8	771.2	937	927.3	1173	1209.3	918	572.2	528.2	933.6	518.1	822.6	1105.9	596.9	1090.1	482.2	499.6	1.3	3.2
Erh	190	220.3	240	47.8	244.5	254	442.5	264.4	434.4	239.5	229.6	542.2	217.9	675.6	578.2	350.1	347.7	275	375.7	309.1	176.6	177.7	189.9	177.3
Susd6	650.9	444.2	858.4	437.9	516.9	299.3	482.5	427.9	454.9	425.9	200.4	61.7	527.5	380.7	378.7	294.5	340.4	487.5	208.1	364.2	654.9	667.1	369	599.8
Srsf5	14697.4	17360.9	11650	10904.1	8955.8	9791.8	11527.8	10171.3	8021	9999.2	8586.7	8042.5	10299	7255.1	10334.8	8264.6	8594.2	9583.6	8704.3	5399.4	3096.1	3024.7	1175.6	1261.8
Pcnx	460.9	330	384.7	314.1	209.5	429.7	174.8	331.9	398.4	123.8	352.2	219.2	421.4	341.8	342.3	219.6	340.4	522.4	311.5	277	260.2	367.2	185.2	192.2
Pacs2	397.9	480.1	491.3	477.1	380.4	369.3	652.3	403.4	572	543	470.4	457.2	257	369.7	568	411.9	361	263.4	726.4	498.9	529.9	479.2	246.2	159.8
Mta1	3347	3480.4	3189.4	3296	2950.7	3144	4421.3	4000.7	2909.2	3712.3	2271.2	1607.8	3080.5	2980.5	2992.9	2730.3	3495.1	4089	3187.6	3108.9	1051.9	1161.2	518.7	504.1
Wdr37	442	581.8	536.5	534.7	720.7	664.5	493.5	402.4	687	480.4	643.1	682.7	584.2	735.8	479.2	438.2	407.1	573.3	315.1	388.6	396.3	379.8	251.6	251.7
Gtpbp4	2974.3	3100.6	1845.3	2666.8	3048.7	3855.2	2860	3057.8	3458.6	3021	3384	3323.8	3495.5	3679.7	3553.7	3113.8	3077.2	3429.8	2854.7	3274.3	1172.1	1405.5	1879.4	1940.6
Zmynd11	3000.6	3484.8	3154.1	3798.1	2772	2577	2739.1	3353.5	2962.6	2448.1	3215.7	2755.7	2957.6	1869.9	2468.6	3394.1	3023.8	2911.8	3145.9	2668.9	1376.6	1172.9	776.3	961.5
Esyt2	559.6	516.6	1068.8	798.7	1051.7	882.8	847.1	766.7	680.8	638.2	418	302.4	513.2	401.3	538.9	584.9	718.4	691.2	541	629.7	763.9	772	833.4	704
Cdca7l	821	960.1	1120.3	1040	1091.1	1147.8	1244.7	1189.6	1554.7	1121.3	1303.5	1437.8	1486.8	1254.4	1444.8	1499.7	1618.5	1488.6	1544.4	1304.3	1612.9	1654.5	1725.1	1800.2
Efcab11	45.1	0.7	4.9	0	0	85.1	1	22.5	69.8	122.5	215.4	9.8	9.6	168	53.9	87	162.3	62.6	124.8	64.1	117	90.8	125.5	82.8
Tdp1	191.1	204.9	215.3	249.9	124.4	295.2	117.9	398.5	487.8	458.6	473.4	224.6	181.2	379.3	463.1	268.2	355	416.2	425.6	407.8	976.3	989.7	1003.8	1155.7
Psmc1	1981.1	1567.5	1233.3	1300.8	1998.4	1574.8	809.1	1653.8	2065.1	1354	2446.9	2670.7	1818	1911	1753.5	2430.7	1848.7	1101.5	1816.7	1767.3	2411	2537.7	2940.9	2828.3
Nrde2	379	588.4	441.2	391.2	233.1	465.4	388.6	507.2	968.4	488.5	471.1	796.3	783.7	625.7	298.6	474.6	735.4	371.1	722.9	419.4	622.2	577.1	559.6	451.7
Rps6ka5	292.9	497.6	164.5	229.3	411.8	277.3	300.7	313.3	191	285.8	377.7	542.2	338.4	369	201	340	408.3	170.3	480.3	212.9	524.4	566.9	508.6	471.7
Ccdc88c	8.4	105.4	18.4	32.6	93.7	45.3	36	35.2	38	54.4	83	71.6	21.5	71.9	74.3	40.5	61.8	77.1	151	71.8	538.7	523.8	40.3	40.8
9030617O03Rik	1	11.7	14.8	52.2	40	28.8	41	18.6	0	10.9	0	0	39.1	58.7	49.5	14.2	17	30.6	78.5	66.7	321.5	325.7	895.1	612.1
Trip11	1034.1	1378.7	583.8	1296.5	1061	973.4	578.4	948.8	920.1	1007	1074.6	939.4	1388.6	925.8	678.7	1065.6	1189.7	1405.7	1051	1006.8	342.9	339	195.3	200.6
Atxn3	744.4	546.6	660	565.1	659.2	645.3	412.6	534.6	511.4	500.8	991.6	748.9	686.3	619.9	648.1	988.7	523.4	522.4	638.5	650.2	427.3	408.7	758.9	920.8
Lgmn	5.2	54.2	4.2	0	0	52.2	19	25.5	0	103.4	23.9	45.6	0	0.7	45.1	3	21.8	208.1	16.6	127	702.6	749.3	44.3	7.8
Golga5	331.8	409.1	430.6	319.5	253.1	461.3	460.5	448.4	515.5	491.3	194.4	136.9	377.5	518.6	415.1	235.8	482.2	602.4	262.8	350.1	880.8	828.4	487.8	691.7
Pitrm1	370.6	335.9	513.9	347.7	536.2	406.4	535.4	441.6	683.9	522.6	330.5	165.5	526.7	785.7	556.4	480.7	478.5	174.6	197.4	557.9	1670.2	1667	1677.4	1921.8
Pfkp	359.1	508.6	376.3	483.6	563.4	366.6	110.9	408.3	164.3	219.1	353	238.9	410.2	350.7	345.2	204.4	287.1	107.7	140.3	387.3	1332	1196.4	2881.2	2372.2
Otub2	102.9	142.7	57.9	108.7	64.3	59	39	50.9	51.3	74.8	98.7	72.5	8.8	8.8	8.7	20.2	9.7	56.8	0	55.1	160.7	155	66.4	45.9
Akr1c13	834.7	579.6	1180.3	754.2	833.7	649.4	1093.8	740.2	264.9	534.8	340.3	385.6	725.4	687.4	744.2	763	772.9	631.5	607.6	428.4	139.2	128.4	248.3	264
Net1	1488.7	720.8	1034.9	534.7	464.7	458.6	818.1	416.1	351.2	340.2	113.7	52.8	247.4	291.2	457.3	287.4	775.3	1255.8	537.4	564.3	2124.5	2077.3	325.4	415.4
Gdi2	2005.3	1926.8	1963.9	1370.3	1851.1	2139	2287.6	1910.3	2210.9	2626.4	1695.4	1516.5	2915.3	2438.4	2308.4	2291.1	3353.4	2625.1	2613.3	3098.6	4498.1	4639.3	6403.8	6370.4
Dpf3	0	44.6	2.1	1.1	1.4	22	58.9	49	133.5	100.7	98	75.2	61.5	35.2	10.2	48.6	0	0	8.3	0	0	3.9	8.1	18.8
Dcaf4	237.3	323.4	165.2	179.3	32.9	225.2	157.8	102.8	164.3	183.7	97.2	93	190.7	118.1	219.9	175.1	90.9	106.2	130.8	182.1	315.9	352.4	398.6	368.8
Numb	256.2	164.7	168	111.9	112.3	218.3	231.8	118.5	274.2	160.6	11.2	0	188.3	149.7	252	34.4	308.9	167.3	61.8	69.3	200.5	216.1	416.7	390.8
Acot2	575.3	472	453.2	309.7	283.1	241.6	247.7	286.9	325.5	227.3	189.2	188.8	158	136.4	199.5	130.5	272.6	432.2	261.6	407.8	179	164.4	118.8	124.2
Coq6	91.3	133.9	160.2	190.2	87.2	247.1	204.8	204.6	169.4	224.5	339.5	223.7	79.8	382.9	288.4	227.7	113.9	250.3	237.8	202.6	327.8	368	502.6	393.4
Entpd5	500.8	805.7	718.6	870.5	732.1	826.5	666.3	742.2	470.3	513	566.9	538.6	703.9	687.4	359.7	646.6	747.5	624.3	587.3	788.8	1651.9	1570.7	889	1098.7
Aldh6a1	327.6	213.7	414.4	470.5	213.8	163.4	122.9	274.2	183.8	283	229.6	110.9	171.6	198.1	119.4	265.1	236.2	158.6	162.9	188.5	210.9	165.2	427.4	323.5
Abcd4	109.2	122.9	216	56.5	81.5	12.4	59.9	141	49.3	112.9	47.9	5.4	122.1	181.2	68.5	81	109	192.1	4.8	143.6	137.7	95.5	113.4	141.7
Isca2	749.6	407.6	884.5	818.3	600.6	465.4	759.2	877.3	773.2	1024.7	997.6	764.1	525.1	325.7	1070.5	808.6	481	484.6	827.5	687.4	361.2	371.9	353.6	357.2
Npc2	2538.6	1563.1	1937.1	1937.6	2511	2103.3	1716.2	1690	2297.1	1996.3	2396.1	3250.5	3426.1	2996.7	2245.8	2850.7	3272.2	1818.9	2808.3	3428.2	2922.6	3115.6	3795.7	3269.6
Fcf1	2169.1	2185.1	1246.7	1237.8	1447.8	1305.7	951	1106.4	2079.4	1471	1752.9	1804.6	1774.1	2370.9	1322.4	1660.6	2005	996.8	1313.8	2004.6	413	407.2	569.7	534.5
Ylpm1	2651	3203	2118.5	2495.1	2938.6	2458.9	1465.4	2805.2	1941.8	2653.6	3232.2	2961.5	2395.8	2286.6	2609.9	1912.6	2403.6	2306.4	2197.2	1808.4	731.3	712.5	377.8	411.5
Mlh3	197.4	237.1	155.3	180.4	258.8	227.9	269.7	193.9	214.6	244.9	261	265.7	296.9	216.4	87.4	278.3	216.9	196.4	211.6	269.3	147.2	173.8	253	253
Tmed10	1806.9	2144.1	2208.2	2513.6	2717.6	2239.3	3149.7	2606.5	2898.9	3215.6	3283.8	4365.3	3028.7	3301.9	4078	4168.2	2231.5	3084.9	2946.2	3070.4	1437	1350.7	1922.3	1958.7
Fos	94.5	810.1	194.1	25	69.4	1.4	198.8	116.5	48.3	130.6	46.4	21.5	910.6	0	71.4	52.6	55.7	75.7	41.6	332.2	28545.8	28475.4	185.9	228.4
0610007P14Rik	792.7	782.3	1000.3	881.3	1479.3	838.9	919	910.6	1078.2	1354	1589.9	1829.7	1070.2	946.3	997.6	1568.5	709.9	881.8	1179.4	1269.7	881.6	960	1178.9	1147.3
Gpatch2l	101.8	150	129.9	50	154.4	59	308.7	230.1	200.2	127.9	9.7	102.9	272.9	134.2	69.9	60.7	157.5	113.5	198.6	28.2	468.7	462.8	306.6	295.7
Angel1	61.9	177.1	66.4	64.1	47.9	92	59.9	96.9	57.5	51.7	12	25.9	12	90.2	36.4	36.4	13.3	0	8.3	77	159.9	190.3	108	181.2
Ccnk	1671.4	1266	1824.1	1579	1201.9	1791.7	2755.1	2004.3	1610.2	2125.6	2260.7	3259.4	1490	1527.3	1938.5	1713.2	1245.4	1763.6	2004.6	1799.4	52.5	69.7	18.8	31.7
Evl	184.8	42.4	108.7	28.3	24.3	181.2	171.8	129.2	175.6	66.7	78.5	136	115.7	104.9	94.7	116.4	588.8	544.2	444.7	323.2	704.2	712.5	106	144.3
Yy1	1842.6	2242.2	1390	1572.5	2465.2	1572	1448.5	1439.3	1976.8	2230.4	1757.4	2002.3	1891.4	2609.4	2063.7	2103.9	2500.5	1737.5	1948.7	1964.8	270.5	286.6	371.1	347.5
Slc25a29	26.2	0	1.4	23.9	16.4	2.7	45	9.8	2.1	6.8	0	0	0	16.9	0	0	24.2	0	8.3	9	101.8	83	129.5	164.4
Wars	142.8	177.1	479.3	370.6	340.3	248.5	384.6	348.6	450.8	333.4	607.2	484.9	323.2	379.3	337.9	485.7	256.8	301.2	466.1	627.2	1897.7	1883.1	1815.7	1751.6
Meg3	3972.8	2384.2	1824.1	2963.5	95.8	229.3	80.9	218.3	0	10.9	15.7	0.9	0	90.2	17.5	0	72.7	176.1	118.9	52.6	0.8	0	0	0.6
Hsp90aa1	18410.9	20801	16054.4	16909.3	29291.1	26895.8	21358.4	28653.4	31758.5	35608.4	28385.8	32283.5	29105.5	29888.4	33698.7	23484.4	24269.5	27535.8	22601.8	30535.7	2401.4	2266	2728.2	2655.6
Zfp839	379	172	305	481.4	392.5	115.3	422.6	346.6	210.5	157.9	350.7	488.5	189.1	225.9	254.9	430.1	393.7	229.9	346	314.2	272.9	225.5	226.1	219.4
Fdft1	635.2	363.7	243.5	395.6	360.3	480.5	440.5	350.5	250.6	304.8	229.6	586.9	265	258.2	297.1	63.8	115.1	438	249.7	307.8	338.2	382.1	208	169.5
Tecpr2	170.1	149.3	104.5	107.6	164.4	100.2	54.9	167.4	145.8	133.4	87.5	61.7	99.8	160.7	87.4	110.3	189	32	115.3	44.9	113.8	115.1	67.1	134.6
Cinp	60.9	60	66.4	56.5	119.4	210.1	83.9	89.1	69.8	170.1	73.3	39.4	308.1	139.4	83	152.8	88.4	103.3	89.2	196.2	437.6	389.9	962.9	1048.3
Traf3	565.9	564.9	646.6	903.1	599.2	406.4	387.6	887.1	547.3	759.3	637.9	851.8	545.1	820.1	935	903.7	565.8	762.5	986.8	641.3	420.9	495.6	369.7	342.9
Cdc42bpb	357	379.1	333.2	374.9	206.6	105.7	86.9	178.2	23.6	89.8	60.6	178.9	50.3	68.2	55.3	124.5	14.5	17.5	29.7	52.6	9.5	25.8	4	11.6
Tnfaip2	806.3	528.3	1042.7	799.8	744.3	702.9	734.2	861.6	1729.3	1545.9	1444.1	1012.8	545.9	749.7	505.4	646.6	225.3	107.7	112.9	439.9	133.7	137	1302.4	1276
Eif5	7162.3	5999.9	4464.3	4432.7	5515.3	5681.2	6130.5	6157.8	6106.9	5803.9	4770.5	3929.5	6825.9	6280.9	5879.6	4312.9	6465.7	6053.4	4113.7	5096.8	3910.9	3737.3	4700.2	4644.7
Ppp1r13b	626.8	589.1	468.7	473.8	642	597.2	471.5	494.5	233.1	522.6	433	637.9	1010.4	374.9	365.6	255	582.7	436.5	457.7	429.6	771	840.9	279.1	206.4
Zfyve21	402.1	360.8	417.2	272.8	225.9	343.2	206.8	263.4	388.2	215	364.9	201.3	427	119.6	263.6	194.3	129.6	277.9	305.6	153.9	204.5	166	320.1	225.2
Xrcc3	86.1	172	43.8	96.7	144.4	72.8	155.8	116.5	77	142.9	178	256.8	182.8	125.4	109.2	100.2	88.4	74.2	64.2	151.3	339.8	303.8	452.2	367.5
Klc1	974.3	622.7	704.5	828.1	577.7	560.2	629.3	658	728.1	981.1	803.2	765	606.5	429.1	536	653.7	567	905.1	816.8	716.9	775	799.4	448.2	513.8
2010107E04Rik	3177	3075	2784.2	3743.7	3470.5	4037.8	5055.6	3565	4521.4	4509.7	5495.9	5489	4009.5	4598.8	3724.1	4227.9	3271	3227.5	3261.3	4345.2	629.4	642.1	1017.9	974.5
Gpr132	287.7	189.5	253.4	255.4	99.4	195	270.7	172.3	99.6	244.9	196.7	166.4	157.2	223	158.7	337	279.9	401.6	341.2	291.1	187.8	194.2	91.3	49.2
Ggps1	90.3	370.3	126.4	203.2	310.3	61.8	106.9	132.2	80.1	92.5	203.4	146.7	338.4	185.6	238.9	277.3	241.1	132.4	171.2	215.5	345.3	321.8	391.2	370.1
Gpr137b	26.2	26.3	60	40.2	9.3	0	5	13.7	0	51.7	36.6	3.6	0	0	26.2	23.3	0	14.6	29.7	23.1	110.6	115.1	3.4	0.6
Mtr	448.3	685.7	410.1	516.2	646.3	692	396.6	494.5	399.5	651.8	737.4	991.3	676.8	788.6	709.3	790.3	747.5	704.3	904.8	711.8	722.5	619.4	1060.1	1017.8
Aoah	0	9.5	19.1	0	0	0	0	0	0	0	0	32.2	0	0	23.3	3	0	0	0	51.3	54.1	23.5	511.3	430.3
Trim27	1288.2	1184.8	1803.7	1402.9	2158.5	1636.5	2122.8	1888.8	1663.6	2027.6	2122.4	3163.7	1770.1	2786.1	2181.7	2742.4	1874.2	1663.2	2569.3	2155.9	2648.9	2652.8	3850.7	3850.1
Zkscan3	1039.4	1307	784.3	1439.9	849.4	810	971	1257.2	1269.2	807	769.5	445.6	757.4	826	946.7	915.8	1052.8	937.1	889.3	867	533.1	514.4	528.1	561.7
Lrrc16a	80.8	54.2	45.9	135.8	0.7	122.2	71.9	32.3	0	57.2	0.7	2.7	39.9	63.1	77.2	48.6	9.7	45.1	39.2	57.7	812.4	826.8	36.2	39.5
Mrs2	0	40.2	2.8	36.9	24.3	0	79.9	26.4	143.8	0	1.5	54.6	36.7	38.1	1.5	23.3	30.3	99	47.6	44.9	262.6	252.1	336.2	386.9
Gpld1	0	43.2	19.1	31.5	0	0	64.9	33.3	0	0	0	0	0	0	0	0	0	0	0	1.3	62.1	72.8	63.1	89.9
Irf4	0	21.2	20.5	0	0	0	102.9	55.8	46.2	34	5.2	0	0	0	71.4	0	0	1.5	3.6	170.6	393.1	375.1	0	2.6
Exoc2	611	603.7	924.8	704.2	471.9	698.8	759.2	909.6	764	782.5	949	753.3	545.1	561.9	787.9	633.5	573	1248.5	659.9	749	1307.3	1392.2	1519.8	1401.6
Gcnt2	6227.9	4654.2	3394.1	4233.8	3991	4471.6	2417.4	3457.3	2565.2	1993.6	1423.1	1580	3409.3	3128.7	3301.7	2824.4	5305.1	4065.7	4079.3	3365.4	502.9	457.3	142.2	160.5
Tmem14c	796.9	879.6	1087.1	887.8	1459.3	1084.6	1425.5	1146.6	1224	1626.2	1910	2398.7	1159.6	1214.8	1417.1	1347.9	928	836.7	1110.5	815.7	1521.4	1557.4	2898	2431.7
Nedd9	127	101.7	72.7	216.3	143	155.1	168.8	177.2	105.8	119.8	171.3	254.1	13.6	64.6	132.5	195.3	242.3	251.7	246.1	288.6	2161.9	2347.4	444.2	825
Hivep1	1103.4	1315.8	1042.7	1480.1	947.3	1027	954	912.6	1320.6	1031.5	965.5	739.9	1002.4	1120.2	820	763	943.7	865.8	539.8	602.8	339	382.1	47.6	68.6
Tbc1d7	58.8	193.2	83.3	190.2	299.6	156.5	45	86.2	30.8	58.5	74.8	91.3	146.8	59.4	51	111.3	80	97.5	99.9	106.4	215.6	184	330.1	344.2
Mcur1	911.3	1193.5	1099.1	960.7	923	1422.4	866.1	937	653.1	805.6	609.5	550.2	903.4	515.7	630.6	489.8	963.1	995.3	1007	1000.4	711.4	711.7	910.5	802.4
Nup153	727.6	586.2	453.2	561.8	637	613.7	1273.7	618.8	893.4	959.4	433.7	392.8	705.5	1308.7	1171	683.1	810.5	1207.8	770.4	415.5	1834.9	1684.2	1459.4	1453.3
Kif13a	934.4	907.4	1025	948.7	772.2	961.1	648.3	916.5	1213.8	1064.2	1091.8	1207	827.6	1126.8	1044.3	962.4	1005.5	954.6	989.2	859.3	324.6	338.3	368.4	341.7
Dek	5962.3	6946.1	6104.9	6391	9149.5	9092.9	8072.4	8475.4	10825.4	11654	11516	11863.8	8121.9	8558	10251.7	10475.7	8601.5	10416	9618.6	9921.6	3884.6	4007.4	3701.8	3591.9
Susd3	342.3	83.4	302.8	249.9	85.8	137.3	40	86.2	24.6	87.1	192.2	238.9	23.1	115.2	104.9	88	164.8	324.5	183.1	200.1	219.6	216.1	87.9	108.7
Ippk	91.3	212.2	187.8	183.7	159.4	495.6	218.8	182.1	599.7	291.2	270	148.5	104.5	341.1	161.7	186.2	253.2	151.3	178.3	125.7	197.3	197.3	481.1	673
Cenpp	44.1	78.3	94.6	73.9	180.9	314.4	228.8	120.4	251.6	445	320.1	376.7	291.3	393.2	113.6	219.6	201.1	312.9	239	321.9	257.8	267	201.3	214.8
Nol8	1041.5	1284.3	865.5	1088.9	1236.9	1051.7	1104.8	1439.3	893.4	1343.1	1131.5	1538.9	1183.5	1242	1093.8	799.4	1175.1	1618.1	1241.3	1024.7	322.3	302.2	416.7	284.1
Spin1	1716.6	1504.6	1624.4	1316	1485.7	2159.6	2099.8	1620.5	1262	1457.4	841.3	427.7	1533.1	1178.1	1993.8	1252.8	2070.4	2415.6	1162.8	1696.8	1244.5	1319.4	746.8	965.4
Nxnl2	8.4	44.6	16.2	56.5	279.6	0	0	20.6	0	0	0	0	0	0	0	19.2	0	0	0	9	1.6	3.9	0	0
Wrnip1	499.7	444.9	675.6	396.7	353.2	668.6	674.3	546.4	611	436.8	333.5	382.9	294.5	562.7	562.2	209.5	477.3	579.2	225.9	679.7	865.7	930.2	634.7	822.4
Ripk1	124.9	319.1	238.6	263	311	359.7	239.7	191.9	233.1	114.3	160	120.8	386.3	280.2	138.4	274.2	245.9	257.6	280.6	147.5	568.1	585.7	1158.8	937
Prpf4b	1775.4	2611.7	1380.8	1814.8	2348.7	2331.2	1169.8	1739.9	1882.3	2011.3	1952.6	2007.7	2338.3	2074.6	1859.8	2015.8	2604.7	2380.6	2341	1639.1	1066.2	1010.9	867.6	795.9
Eci2	421	513.7	299.3	562.9	660.6	503.9	407.6	394.6	565.8	385.1	429.3	489.4	482	654.4	600	449.3	856.5	662.1	417.3	587.4	550.6	528.5	642.1	756.4
Rpp40	129.1	213.7	127.1	93.5	179.5	93.4	29	164.5	80.1	136.1	275.2	117.2	195.5	311.8	252	372.4	152.6	135.3	267.5	184.7	220.4	165.2	373.1	349.4
Fars2	63	367.4	235.8	84.8	356.1	148.3	203.8	103.8	69.8	156.5	314.8	261.3	189.1	157.7	85.9	295.5	124.8	149.9	222.3	180.8	551.4	479.2	549.5	531.9
Ly86	0	0	6.4	0	11.4	0	10	52.9	1	8.2	0	51.9	30.3	45.5	27.7	0	6.1	85.9	25	159	2002.8	1977.9	1936.4	1916
Ssr1	2751.8	2860.6	3402.6	3390.5	3334.6	3441.9	4122.6	3930.3	4387.9	4437.6	4161	5271.6	3821.9	4307.6	3629.4	4342.3	2977.8	3077.6	3023.5	3478.2	4911.9	4966.6	11517.3	12082.1
Riok1	737	790.3	720.1	977	850.1	856.7	826.1	956.6	725	706.3	1134.5	1412.7	642.4	576.6	1079.2	1108.1	1004.3	617	800.2	1112	843.4	749.3	861.5	698.2
Snrnp48	2017.9	1419.7	1122.4	1000.9	1369.9	996.7	1045.9	1028.1	1135.7	992	814.4	524.3	1090.2	1294	970	933	1413.8	1210.7	1003.5	719.5	136.9	134.7	104	126.8
Slc35b3	426.3	250.3	619.1	517.3	249.5	258.1	426.5	456.3	698.3	193.2	343.3	140.5	284.9	276.6	352.5	293.5	290.8	215.4	209.3	230.9	225.2	180.9	271.1	204.5
Sema4d	306.6	423	490.6	414	599.9	383	521.4	706.9	830.8	666.8	836.8	1128.2	737.4	437.9	552	666.9	607	711.6	914.3	1026	5409.2	5601.6	546.2	657.4
Gadd45g	73.5	117.8	76.2	10.9	74.4	50.8	36	15.7	61.6	8.2	101	75.2	24.7	12.5	55.3	10.1	4.8	0	0	0	78	90	16.1	12.3
Syk	508.1	533.5	586.6	646.6	906.6	884.2	937	875.3	912.9	1041	1281.8	1430.6	1246.6	796.7	1012.2	1129.3	1233.3	967.7	1166.4	1053	4935.7	5041.7	1446.6	1543.3
2010111I01Rik	86.1	128.8	93.9	29.3	95.8	42.6	36	63.6	319.4	40.8	86.7	37.6	147.6	58.7	186.4	162.9	49.7	96	132	92.3	311.1	296	501.2	526.1
Auh	429.4	389.3	420.7	414	457.6	203.2	287.7	381.9	260.8	246.3	522	539.5	257.8	369.7	147.1	430.1	460.4	678.1	386.4	509.2	481.4	523.8	402.6	408.3
Fancc	138.6	196.1	231.5	248.9	160.2	82.4	118.9	198.8	136.6	219.1	373.2	130.6	217.9	225.2	152.9	263.1	210.8	72.8	304.4	153.9	284.1	286.6	354.3	299.6
Ptch1	561.7	456.6	368.5	462.9	421.8	619.2	435.5	405.4	297.8	419.1	332.8	244.3	545.1	364.6	537.4	435.1	520.9	347.8	346	345	374.8	475.3	153.7	176.7
Sptlc1	1199	947.7	1087.1	1123.7	799.3	782.6	744.2	1008.5	946.8	857.3	1063.4	1209.6	736.6	542.9	863.7	892.5	890.4	975	1018.9	1015.8	733.6	665.6	1011.8	955.1
Ercc6l2	303.4	425.2	338.1	437.9	501.2	562.9	472.5	276.1	151	288.5	232.6	167.3	268.2	200.3	335	226.7	180.5	321.6	338.8	332.2	362.8	358.6	355.6	504.1
Sfxn1	1795.3	2288.3	1843.2	1994.1	2051.3	2700.6	2578.3	3030.4	2798.3	3649.7	3327.9	3066.1	2861.9	2225	3812.9	2751.5	2418.1	2575.6	2564.6	3206.3	2119	2147.8	3450.2	3612.6
Habp4	161.7	286.1	375.6	217.3	155.1	94.7	178.8	143.9	158.1	43.5	106.9	168.2	113.3	32.3	150	64.8	61.8	139.7	108.2	221.9	117.8	136.2	131.5	125.5
Ctsl	720.2	763.3	741.2	480.3	491.2	578	469.5	370.1	96.5	179.6	158.5	221.9	311.2	331.6	279.6	298.5	204.7	209.5	313.9	319.3	4051.7	3890	292.5	255.6
Zfp346	238.3	291.3	445.4	448.8	440.4	167.5	426.5	435.7	455.9	431.4	608.7	756	570.6	216.4	305.8	250	336.8	307	398.3	239.8	226.8	276.4	228.1	276.3
Aaed1	86.1	159.5	85.4	45.6	130.1	142.8	0	214.4	54.4	47.6	92	0.9	71	58.7	26.2	72.9	86	106.2	181.9	112.9	583.2	609.2	319.4	283.4
Cdk20	74.5	30.7	76.2	89.1	2.1	92	31	65.6	4.1	16.3	0	17	0	0	0	55.7	29.1	0	22.6	38.5	176.6	186.4	71.8	61.5
Lman2	1360.7	1099.9	1853.1	1304.1	1747.4	2136.3	1829.1	1994.5	2226.3	2354.2	2277.2	2554.4	2252.1	2210.3	2505	2552.1	1662.1	2265.7	1947.5	2629.2	5256.4	5618	12136.6	12272.3
Mxd3	0	0	30.4	40.2	133.7	68.6	68.9	87.1	119.1	159.2	80.8	164.6	63.8	99.8	21.8	60.7	80	129.5	127.2	148.8	569.7	557.5	71.8	38.8
Prelid1	686.6	768.4	815.4	893.3	752.2	604.1	982	753	827.7	1382.6	1086.6	1514.7	596.2	1212.6	856.4	1196.1	746.3	1133.6	939.3	1605.7	2076.8	2053.8	2402.1	2427.2
Nsd1	2768.6	3619.4	2279.5	3423.2	2704	2876.3	2720.1	3107.8	2611.4	2508	2860.5	3010.7	3719.8	2814.8	2465.7	2638.2	2936.6	3263.9	3220.9	3337.1	1016.9	1020.3	727.3	586.2
Pdlim7	427.3	277.3	243.5	246.7	257.4	322.6	293.7	336.8	175.6	250.4	296.9	191.5	244.2	179	235.9	270.2	185.4	53.8	129.6	177	129.7	148	288.5	198
Ddx41	227.8	234.2	220.3	220.6	225.2	291.1	181.8	171.3	431.3	326.6	300.6	525.2	318.4	239.9	215.6	234.8	392.5	366.7	252.1	452.7	1280.3	1433.7	1537.2	1497.3
Fam193b	1029.9	1214.8	877.5	1013.9	805.8	670	721.2	800.9	635.6	636.9	1127.7	969	732.6	684.4	774.8	1141.5	890.4	1039	939.3	872.1	463.9	423.6	134.9	113.2
Pcbd2	234.1	282.5	353.7	441.2	791.5	733.1	379.6	346.6	870.8	496.7	549.7	614.7	442.9	475.4	559.3	533.3	560.9	353.6	495.8	348.8	148	159.7	185.9	155.9
Txndc15	203.7	248.1	534.4	497.7	214.5	361.1	371.6	334.9	540.1	536.2	385.9	359.7	323.2	210.5	477.7	349.1	361	158.6	479.1	230.9	514.8	624.8	1136	1100.7
Ddx46	4790.6	3431.3	2440.4	2547.3	3414.7	2058	2156.7	3291.9	2777.7	2634.5	3350.3	4372.4	3541.8	3287.9	3049.7	3640	3176.5	3343.9	3069.9	3455.1	1482.4	1512.8	1310.4	1510.9
Caml	676.1	324.9	597.9	630.3	613.4	475	553.4	388.7	627.4	653.2	362	446.5	562.6	402	607.3	473.6	671.2	694.1	586.1	375.8	300.8	274.1	361.7	337.1
B4galt7	127	65.1	84	40.2	32.2	12.4	166.8	125.3	181.8	166	169	219.2	165.2	201.7	167.5	250	53.3	161.5	205.7	147.5	354.9	350.8	662.3	579.8
Zfp729a	285.6	344.7	262.6	277.1	116.5	238.9	358.6	192.9	360.4	368.8	238.6	363.2	340.8	231.8	185	317.8	206	279.4	288.9	245	106.6	75.2	63.7	113.2
Zfp369	732.8	621.3	672.8	770.5	474.7	326.8	438.5	671.7	447.7	587.9	435.2	523.4	631.3	129.8	897.2	1142.5	680.9	532.6	718.1	856.7	65.2	62.6	36.9	54.4
Ptdss1	830.5	851.1	1180.3	1279.1	1100.3	1275.5	798.2	1097.6	1388.4	1226.1	1144.9	1449.4	1382.2	1213.3	946.7	1181	891.6	1111.7	995.1	1200.4	1310.5	1179.2	1682.1	1716.7
Mterf3	211	203.4	144	53.2	215.9	120.8	117.9	109.7	201.3	107.5	0.7	5.4	118.1	80	104.9	53.6	76.3	88.8	52.3	137.2	379.5	324.2	438.8	531.9
Uqcrb	2540.7	2314.6	2781.4	3118.9	3455.5	2890	3906.9	3453.4	3042.7	3668.7	3473	5406.7	2555.4	4262.1	4123.1	3501.4	2601	3419.6	3080.6	3169.1	437.6	437.7	692.4	672.3
Fastkd3	204.7	294.2	269	436.9	303.9	431.1	354.6	446.5	199.2	578.3	326.1	328.4	668	436.5	356.8	445.3	478.5	295.4	563.6	377.1	273.7	277.2	616	438.7
Cetn3	5754.4	5501.6	2759.5	3735	4833.2	4389.3	3191.6	4032.1	5408.6	4192.7	5442	5289.5	6307.1	5622.9	4973.7	6799.3	5995.6	4356.7	4370.6	3714.2	1058.3	1057.1	1458	1430.7
Smad5	1717.6	1782.6	2370.5	2257.1	1416.4	1492.4	1760.1	2277.5	1284.6	1718.7	1685.6	2052.4	1748.6	1506	2245.8	1993.5	1929.9	2865.2	2203.1	1540.3	640.5	536.4	501.9	366.9
Hnrnpk	12083.2	9587.1	12532.4	10866.1	10541.6	12084.6	12821.4	10665.7	13362.9	11912.5	13067	13891.1	11741.9	13279.3	11830.5	13378	10780.9	9820.8	11277.1	12245.6	8101.8	8125.2	8847.5	8821.5
Ccnh	791.6	660.1	809.7	972.6	536.9	1193.1	1205.7	1155.4	937.5	756.6	535.5	496.6	664	791.5	735.5	912.8	631.2	769.8	614.7	865.7	1047.9	1022.6	1664	1934.7
Rasa1	817.9	985	1105.5	1414.9	1747.4	1351	1463.4	1192.6	1650.2	1149.9	1305	1109.4	1063.8	1332.9	1251.1	932	1018.9	1439.1	1127.1	736.2	748.8	789.3	748.1	867.7
2210016F16Rik	89.2	166.8	284.5	243.4	265.3	303.4	145.8	222.3	257.7	228.6	169.8	241.6	90.2	148.2	240.3	189.2	145.4	136.8	210.4	206.5	474.2	439.3	847.4	854.8
Gkap1	1016.3	1085.2	667.1	849.8	1086	730.4	554.4	745.1	257.7	555.2	544.4	348.9	818.8	454.8	552	529.3	468.8	474.4	549.3	823.4	19.9	22.7	20.8	18.1
Naa35	1106.6	785.2	790.6	1009.6	1035.3	998.1	825.1	902.8	989.9	609.6	740.4	1136.3	925.8	636	686	429.1	583.9	740.7	708.6	781.1	591.2	552	529.4	504.1
Golm1	151.2	71	121.4	109.8	144.4	326.8	16	110.6	419	145.6	391.9	439.3	338.4	301.5	272.4	263.1	403.4	439.5	393.5	542.5	1127.5	1108.7	258.3	322.2
Agtpbp1	796.9	648.4	729.2	711.8	654.2	499.7	545.4	536.6	863.6	766.1	898.9	331	411	446.8	639.4	518.1	472.5	378.3	292.5	364.2	301.6	323.4	534.1	632.2
Dapk1	668.8	1010.6	667.8	997.6	844.4	580.8	1036.9	940.9	1193.2	753.9	863.8	733.7	375.9	497.4	536	555.6	266.5	101.9	212.8	206.5	120.2	142.5	95.9	84.1
Nkd2	0	0	0	0	0	0	0	0	0	0	0	0	0	0	0	0	0	0	3.6	0	120.2	96.3	0	0
Trip13	228.9	253.9	399.6	361.9	583.4	514.9	693.3	707.9	1115.2	1016.5	1126.3	995.8	886.7	867.1	914.6	875.3	640.9	529.7	978.5	507.9	841.1	861.3	970.9	1201
Cep72	44.1	18.3	28.2	38	12.9	76.9	153.8	112.6	91.4	102.1	62.8	16.1	71.8	176.1	106.3	56.7	208.4	100.4	117.7	174.4	299.2	277.2	187.2	232.9
Pdcd6	1574.8	1555	2253.3	2497.3	837.2	2018.2	2356.5	1603.8	1527	1906.5	1873.3	2020.2	1340	928.7	2020.1	2125.1	1106.1	2139.1	1586.1	1539	985.1	932.6	1303	1336.8
Sdha	1683	2810.1	2836.4	2510.3	2573.2	2380.7	2381.5	2556.5	2528.2	2527	2888.2	2717.2	2229.8	2417.9	2426.4	2518.8	3015.4	2465	2763.1	2393.2	5796.7	6055.7	7970.5	7905.3
Ccdc127	575.3	624.9	708.1	632.5	829.4	729	710.2	606.1	795.8	566.1	459.2	698.8	813.2	517.9	460.2	490.8	736.6	739.2	636.1	473.3	650.1	610	899.1	937
Erap1	269.8	317.6	338.8	265.2	447.6	399.5	410.6	166.5	338.9	250.4	152.6	179.8	147.6	180.5	269.4	318.8	495.5	427.8	328.1	446.3	1832.5	1948.1	2080.7	2296.5
Cast	436.8	669.6	339.6	364	604.2	234.8	698.3	278.1	359.4	382.4	592.3	564.6	399	495.2	249	494.8	650.6	593.7	589.7	495.1	775.8	871.5	540.8	696.9
Rhobtb3	521.8	769.1	520.3	478.2	739.3	856.7	477.5	476.8	521.7	465.4	382.9	246	509.2	623.5	380.1	431.1	569.4	285.2	549.3	455.3	67.6	83	216.7	271.1
Glrx	519.7	389.3	655.1	648.8	531.9	863.6	739.2	654.1	488.8	907.7	470.4	471.5	438.9	765.9	658.3	487.8	575.5	624.3	412.6	333.5	424.9	445.5	1853.9	1738.7
Arsk	659.3	608.1	470.9	506.4	445.4	418.7	443.5	555.2	420	510.3	466.7	432.1	442.1	404.2	573.8	510	293.2	414.7	479.1	378.3	164.7	131.5	183.2	262.7
Srd5a1	138.6	139.8	128.5	63	110.8	96.1	224.8	69.5	87.3	147	128.6	33.1	42.3	59.4	69.9	164.9	145.4	14.6	58.3	89.8	53.3	76	104	168.9
Nsun2	1563.3	1545.5	1915.9	1762.7	2125.6	1109.3	1500.4	2094.4	1819.6	2342	2950.2	3101.9	2341.5	1470.1	2052.1	3469	1644	1654.5	2241.2	1875.1	3921.2	4033.2	5804.6	5905.8
Mctp1	946	1152.6	1054	1253	876.6	1134	830.1	749	557.6	619.2	501.8	504.6	1054.2	980.1	828.7	587.9	636	548.6	512.4	590	197.3	251.3	931.3	1088.4
Slf1	431.5	371	328.3	416.2	559.1	600	520.4	645.3	437.5	830.1	660.3	722	583.4	491.5	646.7	655.7	863.8	458.4	847.7	546.4	366	380.5	363	413.5
Med10	821	445.7	876.8	1018.3	372.5	571.1	1112.8	600.2	746.5	398.7	725.4	375.8	360.7	401.3	365.6	423	247.1	1024.4	532.6	371.9	0	0	0	0
Ndufs6	734.9	699.6	890.9	603.1	1423.5	1248	1008.9	779.4	1489	1423.4	1088.1	1576.5	987.2	1001.3	924.8	1158.7	856.5	784.3	1171.1	1354.4	590.4	571.6	763.6	763.5
Mrpl36	295	581.8	363.6	558.6	696.4	803.2	1180.7	531.7	670.6	953.9	823.4	986.9	733.4	557.5	990.4	934	482.2	801.8	693.2	697.7	993	964.7	1736.5	1599.6
Lpcat1	162.7	612.5	245	263	293.1	325.4	123.9	431.8	327.6	204.1	202.7	242.5	556.3	303.7	422.4	210.5	403.4	353.6	258	184.7	825.9	872.3	1101.7	1181.6
Clptm1l	551.2	575.2	619.8	670.5	1036.7	937.7	562.4	695.2	640.8	660	570.6	525.2	812.4	513.5	576.7	414.9	977.7	772.7	571.9	786.2	2182.6	2132.1	3694.4	3842.3
Xrcc4	128.1	215.1	117.2	122.8	140.1	254	72.9	192.9	34.9	137.4	52.3	59.9	122.9	76.3	131.1	110.3	117.5	171.7	178.3	134.7	146.4	144.1	98.6	93.8
Atg10	128.1	212.9	195.5	240.2	158.7	123.6	79.9	161.6	67.8	129.3	98	312.3	221.1	267.8	180.6	236.8	368.3	384.2	330.5	252.7	218	191.1	206.7	236.2
Zcchc9	855.7	793.3	808.3	986.7	1197.6	748.2	724.2	1112.3	887.2	1359.5	1429.1	1068.3	990.4	1164.2	1188.4	801.5	991	1033.2	896.5	618.2	246.7	216.9	215.4	197.4
Cd180	45.1	109.8	81.2	89.1	221.6	167.5	193.8	196.8	272.1	529.4	786.7	419.6	221.9	174.6	259.2	203.4	289.5	413.3	716.9	343.7	339	307.7	38.2	53.1
Slc30a5	601.6	473.5	481.4	591.2	297.4	531.3	880.1	563	744.5	766.1	364.9	320.3	249	627.9	1015.1	560.6	731.7	817.8	334.1	511.7	2519.2	2486.8	3172.4	3151.9
Rad17	425.2	798.4	440.5	372.7	747.9	402.3	547.4	733.4	458	827.4	814.4	835.7	668.8	727.7	648.1	895.6	849.2	800.3	625.4	683.6	346.1	337.5	542.8	614.1
Marveld2	181.6	193.2	293	165.2	203.8	254	231.8	194.8	108.8	161.9	216.9	57.3	59.1	106.4	99	91.1	196.3	112	147.4	129.5	54.9	62.6	10.1	10.4
Gtf2h2	352.8	505.7	501.2	448.8	1048.9	590.4	530.4	675.6	771.2	572.9	452.4	536.8	466.1	484.9	693.3	683.1	628.8	755.2	644.4	478.4	374	371.1	580.4	458.8
Serf1	628.9	470.5	738.4	768.3	829.4	597.2	1122.8	647.2	926.3	574.3	689.5	1079.9	531.5	663.9	868	791.3	734.2	697	1192.5	725.9	82	83.8	125.5	157.2
Smn1	774.8	677.6	713	469.5	424.7	475	629.3	612.9	990.9	651.8	934.8	1860.1	667.2	580.3	801	794.4	551.2	410.4	681.3	938.8	554.6	522.3	858.2	717.6
Mccc2	74.5	93.7	31.8	169.5	120.8	155.1	139.9	129.2	183.8	115.7	72.5	0	292.9	205.4	101.9	169	139.3	52.4	79.7	60.3	315.1	403.2	395.9	430.3
Ptcd2	599.5	499.8	307.1	440.1	366.8	318.5	240.7	464.1	287.5	349.7	514.5	754.2	491.6	482.7	416.5	598.1	262.9	474.4	539.8	686.2	658	709.4	1146	1205.5
Btf3	3625.3	3282.8	4933.1	4323	4593	3976	5477.2	4977.9	4311.9	6104.6	2349	2352.2	4296	4489.5	6567	3194.7	4361.3	5896.3	3392.1	5781.6	1110.8	1092.3	1716.4	1480.5
Ankra2	773.8	524.7	533	767.2	532.7	512.1	722.2	644.3	604.8	767.5	967	757.8	470.1	505.4	554.9	794.4	410.7	608.3	721.7	469.4	144	151.1	163.7	162.4
Arhgef28	157.5	109.8	177.2	196.7	108.7	212.8	163.8	272.2	125.3	51.7	59.1	99.3	31.9	86.6	131.1	102.2	71.5	78.6	67.8	29.5	11.1	11	46.3	60.8
Hexb	403.2	266.4	295.1	336.9	257.4	418.7	647.3	380.9	388.2	254.5	249	253.2	309.6	393.9	211.2	377.5	313.8	234.3	196.2	430.9	762.3	754	1156.8	1070.3
Gfm2	242.5	357.1	342.4	246.7	159.4	361.1	338.6	349.6	368.7	247.7	318.6	221	193.9	215.7	192.2	466.5	328.3	420.5	271.1	311.7	471.9	462.8	560.9	559.1
Polk	497.6	423.7	484.3	659.6	362.5	446.2	334.6	425.9	198.2	370.1	399.3	270.2	150.8	655.8	324.8	345.1	393.7	720.3	381.7	266.8	141.6	97.9	140.9	125.5
Col4a3bp	1458.3	1129.1	1333.5	1087.8	840.1	1157.4	830.1	1300.3	941.7	1105	760.6	465.2	863.5	967.6	949.6	849	941.3	1148.1	848.9	956.8	159.9	186.4	330.8	289.2
Hmgcr	1446.7	1318.7	1193.7	1313.8	918.7	1228.8	1289.6	1589.1	851.3	1326.8	1043.2	1469.1	1446.1	747.5	1080.7	1143.5	1430.8	1456.6	1005.8	1153	1935.9	1706.2	1681.5	2040.2
Poc5	190	219.5	273.2	223.9	268.1	130.4	203.8	157.6	308.1	159.2	239.3	256.8	55.1	345.5	142.7	152.8	238.7	193.5	285.3	206.5	376.4	392.3	307.3	304.8
F2rl2	21	41.7	43.1	42.4	145.1	129.1	137.9	77.4	427.2	307.5	68.1	92.2	0	0	18.9	27.3	8.5	16	28.5	14.1	6.4	16.4	12.1	7.8
Iqgap2	3974.9	4620.5	3248	3361.2	4489.3	5204.8	2874	3786.3	3897	2961.1	2914.3	2997.3	4182.7	4175.6	3141.5	3514.5	4137.2	3461.8	3267.2	3751.4	2459.5	2557.3	1370.1	1400.9
Aggf1	1263	1031.1	1054.7	1062.8	923	1289.2	971	1060.4	1324.7	909	1167.4	1534.4	1249.8	967.6	1185.5	1135.4	969.2	717.4	1213.9	1221	1034.4	920	1295	1501.2
Ap3b1	2219.5	2312.4	2482.8	2744	1948.3	1815	2591.3	2212.8	1302.1	2027.6	2482.1	2896.2	2476.4	2269	2401.6	2814.2	1818.4	2204.6	2326.8	1781.4	1847.6	1681.9	1971.3	1890.1
Scamp1	1528.6	1563.8	1444.3	1822.4	730.7	1106.6	1198.7	899.8	1109	910.4	1324.4	1225.7	834	613.3	686	843	633.6	487.5	447	609.2	198.1	172.3	1093.7	1026.3
Jmy	845.2	960.1	632.5	821.6	1074.6	723.5	490.5	560.1	839	351.1	672.3	432.1	932.9	567.8	399.1	598.1	616.6	743.6	551.7	502.8	175.9	137	70.5	161.1
Dimt1	91.3	191	216	78.2	55.8	244.4	358.6	168.4	134.5	119.8	22.4	69.8	113.3	129.8	53.9	69.8	115.1	61.1	25	121.8	125.7	125.3	135.5	179.2
Kif2a	1302.9	1927.5	1361	1579	1975.5	1636.5	1760.1	1446.2	1854.6	1722.8	2094.7	1929	1511.5	1911.7	1399.6	1725.4	1857.2	1386.8	1540.9	1603.2	153.6	165.2	188.5	115.2
Ercc8	274	285.4	241.4	151.1	212.3	241.6	394.6	273.2	203.3	391.9	457.7	363.2	85.4	323.5	369.9	283.3	346.5	264.8	328.1	173.1	207.7	214.5	437.5	301.5
Elovl7	93.4	248.8	359.3	238	267.4	71.4	147.8	275.1	181.8	123.8	86.7	72.5	151.6	47.7	161.7	29.3	26.7	184.8	83.2	44.9	23.1	27.4	196.6	265.9
Depdc1b	8.4	27.1	27.5	39.1	37.2	19.2	27	49	77	147	144.3	112.7	81.4	151.9	118	44.5	159.9	58.2	82	37.2	665.2	686.7	478.4	545.5
Pde4d	261.4	157.3	235.1	181.5	270.3	149.6	194.8	134.1	219.8	212.3	317.8	276.5	110.9	143	171.9	147.7	157.5	256.1	386.4	214.2	156.8	157.4	170.4	138.5
Plk2	144.9	172.7	124.2	142.4	0	0	0	17.6	0	0	0	0	0	0	0	37.4	0	0	0	0	471.1	447.1	0	0
Serinc5	187.9	296.4	289.4	131.5	193	271.8	397.6	439.6	145.8	328	86	92.2	418.2	220.1	285.5	156.9	132.1	264.8	266.3	197.5	1353.5	1400.8	206	190.2
Mtx3	371.7	411.3	548.5	700.9	319.6	271.8	505.5	257.5	257.7	270.8	213.9	150.3	231.4	260.4	368.5	217.6	358.6	331.8	436.3	300.1	4.8	11	2	16.8
Zfyve16	491.3	213.7	278.8	369.5	220.2	130.4	375.6	278.1	230	181	136.1	159.3	304.1	58.7	134	124.5	260.5	337.6	124.8	260.4	128.9	140.2	36.2	100.3
Dhfr	190	458.1	368.5	315.1	1116.8	1037.9	658.3	713.8	782.5	1461.5	717.9	799.9	1065.4	985.9	1204.5	625.4	972.8	1292.2	840.6	841.3	860.2	849.6	817.3	876.8
Erbb2ip	1740.7	1961.9	1738	1536.6	1726.7	1941.3	2066.8	2002.3	2811.6	1901.1	2177	2274.3	1878.6	1908.8	1922.5	1706.2	1954.1	1778.2	1581.3	1468.5	1433.9	1440.7	1050.8	1047
Nln	270.9	311	206.1	104.3	119.4	314.4	196.8	178.2	357.4	276.2	264.7	76	194.7	421.8	179.1	267.2	253.2	132.4	124.8	227	349.3	320.2	651.5	706.6
Trappc13	426.3	407.6	538.6	721.6	725	671.4	1095.8	913.5	668.5	1023.3	718.7	603.9	587.4	488.6	709.3	674	819	1223.8	790.6	797.7	839.5	866.8	1429.9	1338.8
Trim23	234.1	182.9	259.8	274.9	371.1	339.1	336.6	374	218.7	246.3	262.5	109.2	470.1	402	139.8	112.3	355	406	161.7	138.5	283.3	250.6	224.8	259.5
Ppwd1	406.3	464	220.3	413	659.2	372.1	393.6	469	278.3	453.2	301.4	544	457.3	294.2	329.2	403.8	391.3	429.3	306.7	496.3	152	161.3	216.1	333.2
Cenpk	98.7	403.2	293	179.3	469.7	619.2	449.5	411.2	908.8	1076.4	873.5	847.3	835.6	834.8	728.2	557.6	695.4	785.8	741.9	724.6	327.8	313.2	344.9	310.6
Cwc27	758	494.7	483.6	467.3	628.5	381.7	259.7	343.7	880	302.1	762.8	717.6	455.7	581	479.2	837.9	1039.4	523.9	607.6	395	354.1	331.2	420	381.1
Srek1ip1	1587.4	1357.5	1268.6	823.7	1603	1261.7	1142.8	1242.5	1594.8	1062.8	786	778.4	661.6	946.3	875.3	883.4	951	1056.4	958.3	1101.7	128.9	138.6	144.3	163.1
Rgs7bp	202.6	437.6	258.4	601	388.9	141.4	137.9	523.8	209.5	106.1	176.5	168.2	182	226.7	131.1	262.1	106.6	225.5	85.6	53.9	45.4	64.2	2	9.1
Parp8	238.3	106.1	115.1	202.1	276.7	104.3	333.6	152.7	24.6	298	68.8	93.9	193.1	462.9	302.9	331.9	436.1	563.1	401.9	542.5	760.7	741.5	1294.3	876.1
Emb	904	1335.5	2015.4	1873.5	1076	1278.2	2723.1	1889.7	851.3	1284.6	1420.9	2010.4	3668.7	3773.6	5285.4	4721.8	8607.6	12160.7	12308	7287.3	2653.7	2782.8	13453.1	13566.5
Mrps30	427.3	387.8	526.6	599.9	396.8	457.2	403.6	608	588.4	578.3	649.9	559.2	222.7	590.5	627.7	773.1	588.8	372.5	593.3	709.2	601.6	617.8	885.7	839.3
Slc4a7	1189.5	1096.2	1421	1118.2	853	821	1359.6	1161.3	894.4	1529.6	1227.2	1521.9	1294.5	1253.7	1469.5	1227.5	1705.8	1833.5	1551.6	1374.9	864.1	879.3	219.4	280.8
Psmd6	1056.2	810.8	764.5	758.5	1170.4	1515.7	1462.5	983.1	1021.8	1374.4	813.7	961.8	1091	1238.3	1264.2	851.1	1017.6	896.4	907.2	1288.9	1577.1	1626.3	3042.9	3001.8
Atxn7	1274.6	1661.2	1564.3	1769.2	1098.9	1315.3	1500.4	1137.8	1348.3	1129.5	789.7	430.4	1495.6	1308.7	865.1	789.3	1533.7	961.9	653.9	781.1	307.9	243.5	104.7	169.5
Pdhb	1020.5	1604.8	1824.8	2178.9	1924.7	1592.6	1804.1	1948.5	1739.5	2003.1	2615.2	2522.2	2162.8	1792.1	2235.6	2309.3	1955.3	1811.7	2332.7	1513.4	1101.3	1176.1	1350	1393.1
Kctd6	72.4	133.9	144.7	67.4	0	218.3	65.9	117.5	121.2	102.1	57.6	0	103	42.5	87.4	59.7	38.8	196.4	30.9	137.2	97.1	78.3	51	94.5
Map3k1	829.4	824	641.7	380.4	574.8	726.3	954	636.4	664.4	521.2	303.6	290.8	1204.3	1021.9	1137.5	433.1	1362.9	2374.8	772.8	1530.1	714.5	643.6	304.6	306.1
Il6st	268.8	243	316.3	249.9	206.6	350.1	143.8	220.3	88.3	81.6	107.7	185.2	121.3	166.5	164.6	197.3	413.1	170.3	325.8	398.9	1044.8	1006.9	784.4	844.4
Ddx4	4.2	16.8	15.5	9.8	3.6	0	0	0	16.4	17.7	33.7	4.5	122.9	40.3	55.3	56.7	753.5	1089.9	1093.8	768.2	59.7	69.7	2.7	1.3
Ndufs4	638.3	886.9	763.1	494.5	936.6	1331.7	850.1	674.6	1414	824.7	906.4	1035.2	910.6	1168.6	639.4	811.6	997	685.4	564.7	919.6	717.7	674.9	875	867.1
Kat6b	727.6	990.1	413.7	536.8	700	458.6	325.7	457.3	397.4	183.7	445.7	313.1	591.4	234.7	313.1	333.9	619.1	359.4	523.1	248.8	208.5	275.6	30.2	53.1
Samd8	406.3	436.9	148.2	236.9	80.8	104.3	115.9	285.9	333.7	216.4	85.3	134.2	114.9	35.2	252	177.1	258	394.3	116.5	209.1	130.5	83.8	100.6	117.1
Vdac2	2681.4	1956.8	2759.5	2160.4	3025.1	3201.7	2904.9	2731.8	3420.6	3129.9	3194.8	3443.7	3414.9	3221.9	3204.1	3614.7	2548.9	3066	2537.2	3661.6	2115	2078.1	3589.1	3463.1
Nkiras1	226.8	407.6	439.8	390.1	278.1	112.6	423.6	344.7	119.1	277.6	316.3	140.5	221.9	28.6	100.5	120.4	121.1	147	166.5	261.6	86.7	57.9	52.3	42.1
Comtd1	110.2	164.7	159.5	216.3	101.5	248.5	131.9	231.1	104.7	179.6	222.9	139.6	163.6	159.2	131.1	211.5	182.9	40.7	64.2	119.3	47.7	49.3	120.1	113.2
Ube2e1	1751.2	1410.2	1266.4	1163.9	1664.5	1613.2	1718.2	1318.9	1933.6	1435.7	1043.2	982.4	1440.5	1346.1	1721.5	1421.8	1905.7	1232.5	1418.4	1209.4	482.2	485.5	442.8	382.4
Nr1d2	1085.6	1079.4	1153.5	1180.2	381.1	742.8	412.6	608	472.4	420.5	444.2	521.6	750.2	597.9	502.5	470.6	814.1	273.6	778.8	401.4	216.4	256.8	90.6	115.8
Thrb	154.3	84.9	190.6	94.5	72.9	67.3	52.9	28.4	0	35.4	0	146.7	68.6	27.1	8.7	22.3	0	14.6	0	1.3	144.8	170.7	10.1	0
Ngly1	495.5	414.2	652.3	541.2	657.1	443.5	932	261.4	408.7	424.6	333.5	379.4	334.4	234	451.5	391.6	225.3	497.7	277	286	1042.4	956	601.2	686.5
Oxsm	159.6	156.6	227.3	94.5	114.4	135.9	95.9	118.5	103.7	186.4	130.1	27.7	237	199.5	195.2	44.5	254.4	125.1	180.7	141.1	135.3	99.4	323.4	311.2
Fam213a	1011	711.3	864.8	868.3	286	595.9	133.9	473.9	282.4	362	211.6	273.8	153.2	213.5	206.8	321.8	201.1	238.6	202.1	382.2	202.9	187.9	145.6	149.5
Glud1	2962.8	2727.4	3025.6	2771.1	2907.1	2923	3630.2	3357.5	3262.4	2791	2906.9	3294.3	3394.2	3815.4	4094	3467	3658.7	3265.4	3870	3557.7	2022.7	2013.9	3839.3	3974.3
2700060E02Rik	1612.6	1079.4	1764.1	1080.2	1347.7	1584.4	1452.5	1282.7	1811.4	1075	1204	1315.2	1393.4	1967.5	1564.2	1019	1475.6	1706.9	1511.1	1722.4	1006.6	1021.8	1238.6	1229.4
Nudt13	437.8	836.4	614.2	471.6	338.9	547.8	426.5	437.7	574	262.6	321.6	511.8	550.7	411.5	253.4	321.8	338	534	318.6	248.8	96.3	77.5	145.6	97.7
Ecd	1058.3	971.1	1177.5	1207.3	1241.9	1020.1	1086.8	1226.9	1586.5	1541.8	1444.1	2074.8	1000.8	1137.8	1213.2	1594.8	942.5	1408.6	1229.4	1658.3	1904.1	1957.5	2353.1	2174.2
Dnajc9	1853.1	1825.1	2464.4	2212.6	3794.4	3046.5	3447.3	3777.5	4316	4449.9	5611.8	6222.7	3270.5	3956.9	3753.2	4792.6	3739.8	3381.8	4721.3	3291	2833.5	2858	1715.7	1627.4
Anxa7	1088.7	666.7	959.4	965	410.4	800.4	602.4	787.2	696.2	439.5	500.3	709.5	374.3	558.3	850.5	637.5	520.9	954.6	495.8	618.2	768.6	738.4	1071.6	1059.9
Ppp3cb	1185.3	1311.4	1620.1	2209.3	1437.8	1797.2	2131.7	1849.6	2001.4	2442.7	2047.6	1396.6	1959.3	1376.2	1615.2	1825.6	2000.2	1478.4	1972.5	1440.3	486.2	482.3	325.4	311.9
Zswim8	128.1	178.6	157.4	158.7	248.1	243	137.9	121.4	84.2	96.6	69.5	158.4	208.3	132	142.7	209.5	256.8	235.7	172.4	186	261	319.5	85.9	56.3
Camk2g	529.1	634.5	557	771.6	516.2	676.9	892.1	727.5	475.4	643.7	388.9	526.1	988	655.1	704.9	773.1	660.3	523.9	898.8	709.2	88.3	75.2	63.1	20.7
Vcl	469.3	598.6	928.3	909.6	743.6	528.6	951	774.5	689	885.9	771.8	737.2	342.4	368.3	445.7	336	550	653.4	348.4	305.2	646.1	647.5	549.5	627.7
Ap3m1	721.3	526.9	847.8	628.1	878	399.5	689.3	750	525.8	1064.2	1178.6	888.4	489.2	599.3	796.7	972.5	546.4	1027.3	1060.5	649	587.2	531.7	889.7	878.7
Txndc16	231	131	173	180.4	453.3	151	160.8	200.7	188.9	132	145.8	203.1	130.9	240.6	151.5	187.2	356.2	213.9	305.6	130.8	669.2	662.4	415.3	505.4
Ero1l	274	232.7	273.9	410.8	390.4	319.9	186.8	283	242.3	194.6	373.9	221	325.6	380.7	406.3	371.4	268.9	192.1	206.9	268	368.4	447.1	2701.4	2788.9
Psmc6	845.2	1093.3	1149.3	1029.1	1268.4	1068.1	1821.1	1061.4	631.5	1228.8	1092.6	1244.5	1046.3	1577.9	1450.6	1206.2	1434.4	1314	1112.9	1344.1	1188.8	1320.9	2294.7	2217.5
Mapk1ip1l	2149.1	2131.7	2360.6	2276.7	2232.9	2150	2201.7	2009.2	2259.2	2268.5	2089.5	2134.8	2399.8	2309.3	2378.3	1904.5	1488.9	2580	1757.3	1648	1053.5	984.2	1239.3	1047.6
Ktn1	4066.2	4899.3	2641.6	3585.1	3084.4	4006.2	1860	3035.3	2771.6	2071.2	2544.9	2610.7	2404.6	2496.4	2317.2	2649.3	2838.5	2511.6	2698.9	2191.8	712.9	683.6	155.7	144.9
Peli2	407.4	378.3	274.6	293.4	380.4	245.8	212.8	268.3	293.7	170.1	123.4	223.7	448.5	327.9	265.1	219.6	493.1	798.9	517.2	386	202.1	187.9	83.9	207.1
Anxa11	0	0	0	0	0	0	0	0	0	0	0	0	0	0	0	0	0	8.7	0	0	191.8	205.1	112.7	97.7
Ppif	805.3	639.6	573.9	678.1	819.4	852.6	877.1	869.5	1332.9	1211.1	813.7	463.5	875.5	669	834.5	710.4	527	1226.7	334.1	655.4	1337.6	1438.4	1400.3	1176.4
Slmap	1111.8	975.5	536.5	808.5	1011.7	826.5	980	694.2	1424.3	921.3	503.3	588.7	928.9	1228.8	865.1	626.4	995.8	980.8	684.8	1005.5	886.4	916.9	1110.5	1020.4
Pnp	1908.7	1937	2410.8	2437.5	2143.5	1832.9	2519.3	2081.6	1626.6	1848	2362.4	2182.2	1948.9	2227.2	2107.4	1852.9	1492.5	2008.1	2200.7	2616.4	1775.2	1744.5	1891.5	1901.1
Rnase4	37.8	26.3	93.2	16.3	28.6	0	78.9	2.9	0	0	0	57.3	65.4	0	42.2	55.7	52.1	136.8	28.5	59	89.1	99.4	69.1	84.1
Arf4	2021	2236.3	2136.2	1869.1	2344.4	2692.3	2070.8	2013.1	2750	2152.8	1227.2	1393.1	2371.1	1593.3	1650.1	1485.5	2122.5	2025.6	1474.3	1677.5	3116.8	3008.3	6058.3	5953
Rnase6	202.6	116.4	352.3	158.7	228.8	448.9	555.4	428.9	289.6	419.1	290.9	297	284.9	333.8	150	244.9	296.8	433.6	145.1	350.1	2885.2	2811.8	81.2	85.4
Hacl1	276.1	253.2	391.1	522.7	195.9	94.7	310.7	200.7	224.9	319.8	185.5	81.4	79	135	168.9	206.4	167.2	244.5	181.9	148.8	205.3	202.8	299.9	269.8
Gpr65	288.7	271.5	223.8	140.2	484	303.4	150.8	499.4	143.8	190.5	388.1	434.8	439.7	512	710.7	689.1	1016.4	729	867.9	905.5	211.7	221.6	746.1	676.8
Eaf1	458.8	463.2	729.9	605.3	582.7	604.1	700.3	759.8	524.7	630.1	284.2	192.4	607.3	489.3	662.7	624.4	573	823.6	590.9	461.7	977.1	1048.4	615.3	851.5
Mettl6	196.3	169	158.1	176	248.8	292.4	255.7	249.7	252.6	246.3	157	222.8	487.6	394.7	222.8	452.3	245.9	218.3	285.3	196.2	471.1	491.7	1019.2	1079.3
Sh3bp5	1390.1	1048.6	1044.1	1406.2	612.7	977.5	724.2	722.6	258.8	391.9	355.2	253.2	815.6	521.6	815.6	614.3	1188.5	995.3	1311.4	1103	1352.7	1439.2	151	141.7
Capn7	941.8	837.2	782.9	870.5	755.7	160.6	512.5	579.6	888.3	718.5	655.9	169.1	723	855.4	694.7	568.7	603.3	579.2	447	555.3	876.1	801	946.7	1041.1
Arhgef3	330.7	373.2	239.3	323.8	148	225.2	129.9	161.6	15.4	141.5	84.5	88.6	182.8	150.4	281.1	191.3	636	417.6	209.3	610.5	1090.1	1016.3	470.4	392.8
Btd	14.7	110.5	96	207.6	132.3	107.1	57.9	98.9	39	35.4	54.6	132.4	70.2	23.5	96.1	41.5	115.1	34.9	101.1	169.3	359.7	468.2	370.4	497
Bap1	256.2	225.4	469.4	321.7	318.2	377.6	537.4	313.3	250.6	318.4	617.7	309.6	152.4	260.4	364.1	423	394.9	398.7	579	411.7	2518.4	2682.6	1665.4	1796.9
Phf7	339.1	164.7	183.5	139.1	42.2	182.6	134.9	104.8	95.5	70.8	120.4	271.1	106.1	99	182.1	154.8	164.8	46.6	170	164.2	315.1	285.8	235.5	304.1
Dph3	193.2	371.7	483.6	316.2	368.2	267.7	430.5	395.6	622.3	507.6	362.7	468.8	467.7	439.4	463.1	652.7	471.3	414.7	410.2	586.1	479	458.1	731.4	737
Oxnad1	281.4	376.1	192	361.9	421.1	416	447.5	251.6	212.6	454.5	297.6	193.3	205.9	481.2	485	395.7	191.4	203.7	313.9	234.7	222	203.6	340.2	352
Gm6768	150.1	185.1	105.2	38	78.6	92	342.6	145.9	110.9	272.2	83	10.7	222.7	107.8	145.6	14.2	126	120.8	30.9	87.2	19.1	20.4	29.5	27.8
Nisch	2557.5	2707.6	2220.9	2495.1	3193.8	2802.2	2497.4	2543.8	2150.3	1954.1	2737.9	1885.1	2829.1	2315.9	1626.8	2564.3	2590.1	2016.8	2251.9	1886.6	2781.8	2903.4	2969.7	2803.8
Parg	787.4	742.8	447.6	422.7	514.1	325.4	322.7	452.4	559.7	628.7	605	340.9	919.4	696.9	687.4	607.2	603.3	288.1	461.3	563	1079.8	1125.2	1146.7	1195.8
Glt8d1	433.6	404.7	449	471.6	288.9	263.6	117.9	268.3	132.5	307.5	264.7	308.7	402.2	407.1	297.1	299.5	330.7	339.1	357.9	375.8	311.1	364.9	397.9	475.6
Spcs1	1700.8	1670.7	2445.4	2213.6	1970.5	1837	2422.4	1984.7	2277.6	1937.8	2245.8	2496.2	1815.6	1676.2	2199.2	2373	2366	2160.9	2425.4	2172.6	1114	1135.4	1810.3	1609.9
Nek4	58.8	9.5	14.1	20.6	195.9	53.5	27	52.9	73.9	42.2	39.6	45.6	141.3	101.2	62.6	36.4	0	126.6	78.5	41	154.4	170.7	231.5	258.2
Ebpl	346.5	196.1	352.3	360.8	185.2	233.4	224.8	262.4	203.3	235.4	222.1	229.9	166.8	238.4	230.1	303.6	252	257.6	327	265.5	246.7	256	193.2	201.2
Kpna3	256.2	658.6	542.9	482.5	536.9	679.6	772.2	619.8	949.9	945.8	777	628.1	593	724	1102.5	805.5	1138.8	707.2	869.1	1013.2	2199.3	1924.6	1988.8	1762
Spryd7	258.3	267.8	497	224.9	302.4	458.6	512.5	258.5	155.1	326.6	291.7	100.2	84.6	102.7	284	240.8	167.2	416.2	253.2	198.8	159.1	156.6	225.4	199.3
Rnaseh2b	647.8	624.9	431.3	474.9	840.8	539.6	560.4	699.1	903.7	977.1	931.1	373.1	691.1	1008.7	1344.3	659.8	814.1	1081.2	982.1	696.4	1012.1	1024.2	1298.3	1160.8
Mapk8	1026.8	894.2	857	986.7	999.5	1400.4	926	1209.2	739.4	933.5	993.9	1087.1	1059	1272	939.4	1454.2	1217.5	1161.2	1485	850.3	85.1	79.1	41.6	31.1
Pspc1	892.4	814.5	841.5	683.5	1052.4	796.3	715.2	713.8	670.6	679	931.1	783.8	931.3	955.1	927.7	500.9	680.9	666.5	743.1	799	833.9	750.9	534.1	689.8
Ctsb	841	1017.2	1487.4	1460.5	526.2	1167	1518.4	947.8	1021.8	1291.4	1111.3	1472.7	1098.1	830.4	1153.5	1088.9	1022.5	1514.8	1122.4	1406.9	22800.8	22862.9	8307.4	8541.3
Zmym2	918.7	815.9	708.8	773.7	965.2	998.1	971	924.3	593.5	826	656.6	621.8	1092.6	677.8	821.4	848	901.3	752.3	930.9	513	545.1	566.1	313.3	466.5
Cryl1	127	170.5	201.9	90.2	161.6	26.1	250.7	219.3	97.6	183.7	370.2	230.8	128.5	124	302.9	238.8	233.8	149.9	255.6	270.6	444	408.7	318.7	327.4
Prkcd	1834.2	1312.8	1147.8	805.3	910.2	1036.6	1397.5	1482.4	578.1	1348.6	1098.6	751.5	1175.6	1066.6	1552.5	962.4	1331.4	1692.3	1380.4	1442.8	4061.3	4039.5	3679	3614.5
N6amt2	257.2	122.9	126.4	76.1	192.3	81	330.6	161.6	214.6	230	163	155.7	157.2	226.7	317.5	188.2	233.8	360.9	168.8	242.4	231.5	271.7	640.8	605
Xpo4	173.2	345.4	161	264.1	199.5	396.8	295.7	315.3	492.9	495.3	329.8	351.6	659.2	430.6	467.5	358.2	467.6	260.5	313.9	315.5	613.5	685.1	923.9	757.7
Tkt	296.1	268.6	151.8	126.1	229.5	181.2	276.7	124.4	273.2	292.6	263.2	262.1	269.7	521.6	192.2	344.1	180.5	116.4	164.1	144.9	7752.5	7997.6	12707.6	13083.1
Pinx1	279.3	222.5	124.2	177.1	150.9	208.7	121.9	283.9	361.5	225.9	144.3	174.5	236.2	216.4	333.5	232.7	338	352.1	128.4	401.4	187	189.5	224.1	234.9
Lats2	635.2	511.5	629.7	769.4	556.3	421.5	295.7	387.7	153	201.4	169.8	170	555.5	170.9	286.9	323.8	197.5	551.5	611.1	637.4	654.9	667.9	275.1	260.8
Dcp1a	496.6	418.6	408	457.5	380.4	606.8	685.3	343.7	403.6	334.8	107.7	64.4	502	290.5	487.9	141.7	473.7	583.5	272.3	265.5	701.8	666.3	496.5	647.1
Sap18	613.1	564.2	413.7	322.8	612.7	749.6	611.4	592.4	501.1	513	513.8	756.9	714.3	347.7	642.3	372.4	649.4	254.7	416.1	600.2	428.9	364.9	530.1	566.8
Ska3	49.3	38.1	38.1	69.5	286.7	355.6	97.9	180.2	495	300.7	222.9	187.9	327.2	347.7	269.4	235.8	192.6	292.5	230.7	202.6	621.4	575.5	417.3	417.4
Mrpl57	352.8	468.3	303.6	459.7	376.8	289.7	347.6	321.2	280.3	464	298.4	493.9	257.8	345.5	345.2	407.8	512.5	292.5	269.9	375.8	620.6	579.4	760.2	602.4
Zdhhc20	1994.8	1795.1	1388.6	1619.2	1065.3	1539.1	963	1054.5	1612.2	987.9	1001.4	1703.5	1983.2	1973.3	1427.3	1643.4	2374.5	2005.2	1984.3	1240.2	1173.7	1183.1	1342	1243.7
Hmbox1	646.7	645.4	977	1108.4	553.4	716.7	648.3	806.8	813.3	870.9	521.2	575.3	639.3	1095.2	658.3	694.2	1020.1	910.9	965.4	572	156.8	164.4	60.4	51.8
Micu2	944.9	930.8	1006	1069.3	637	779.8	900	893	820.5	1076.4	1020.8	1591.7	798.1	721.8	715.1	1061.5	703.9	394.3	808.5	774.6	1361.4	1350.7	1531.8	1463.7
Ints9	218.4	359.3	321.2	399.9	311.7	385.8	390.6	439.6	230	311.6	151.8	331	505.2	306.6	332.1	296.5	405.8	317.2	253.2	579.7	966.8	923.2	1042.7	903.3
Extl3	590	438.3	546.4	509.7	389.7	367.9	513.5	420	397.4	302.1	329.8	299.7	355.9	401.3	329.2	507	378	275	533.8	464.3	621.4	646.8	304	319
Cab39l	221.5	502	674.2	379.3	303.1	296.6	626.3	573.8	669.5	620.5	394.1	890.2	247.4	252.4	517	389.6	307.7	282.3	155.8	229.6	848.2	851.9	1172.2	1476
Cdadc1	145.9	174.2	204.7	290.2	83.7	207.3	202.8	288.8	132.5	170.1	278.2	445.6	335.2	162.9	244.7	182.2	93.3	106.2	280.6	151.3	302.4	295.2	762.9	858
Mtmr6	1214.7	825.5	1420.3	1167.1	303.9	652.1	1595.3	940.9	548.4	1091.4	1195.8	1302.7	818	1053.4	1648.7	1058.5	1235.7	1241.2	1177.1	781.1	842.6	858.2	1354.7	1276
Spata13	1607.4	1471.6	1766.2	1862.6	1039.6	1032.4	847.1	1229.8	596.6	608.3	408.3	427.7	1008	519.4	655.4	937.1	838.3	1069.5	1259.1	1056.8	1188	1339.7	1009.1	1360.8
Mipep	98.7	97.3	160.2	121.7	3.6	162	131.9	123.4	188.9	134.7	222.1	162.8	107.7	106.4	161.7	90.1	98.1	138.2	164.1	139.8	525.2	541.8	1083	1208.1
Esd	1091.9	1072.8	1302.4	1128	1430	1422.4	1425.5	1016.3	1214.8	1604.4	1358.8	1250.8	1176.3	1424.6	1197.2	1208.3	1301.1	1258.7	1106.9	1339	1007.4	979.5	1533.9	1443.6
Lcp1	3180.1	3650.1	3093.4	3297.1	3311.8	3400.8	3294.5	3109.7	2616.5	2041.2	2172.5	2264.5	5725.3	4332.5	4903.8	4400	6339.7	5750.8	4864	6081.8	17952.6	18048.2	15959.9	17047.7
Zc3h13	2137.6	2673.9	1082.2	1609.4	2250.7	1658.5	899	1454	2171.9	1411.2	1790.3	2015.8	1536.3	1644.7	1342.8	1722.3	1726.4	1257.3	1772.7	1294.1	755.1	777.5	710.6	632.2
Gpalpp1	548	614	702.4	476	685.7	708.4	499.5	567.9	757.8	838.3	515.3	684.4	705.5	643.4	399.1	301.6	542.7	755.2	561.2	838.8	533.1	578.6	749.5	704
Nufip1	429.4	215.9	182.8	240.2	344.6	174.4	296.7	226.2	399.5	336.1	90.5	325.7	369.5	650.7	193.7	157.9	408.3	132.4	198.6	277	533.1	523	683.1	698.2
Tsc22d1	3375.4	3155.5	3806.4	3281.9	2037.7	2921.6	2359.5	2298	1333.9	1322.7	1121	1283.9	1594.5	2021	1698.2	1963.2	3771.3	3099.5	3174.5	2468.9	4024.7	4547.7	194.6	176.7
Dnajc15	134.4	100.3	324	113	384.7	282.8	439.5	196.8	387.1	411	246.8	226.4	352.7	655.8	396.1	207.5	367.1	224.1	271.1	388.6	390.7	390.7	691.1	658.7
Epsti1	776.9	906.7	705.2	582.5	471.2	696.1	645.3	619.8	359.4	494	192.2	318.5	945.7	392.5	725.3	466.5	921.9	704.3	565.9	733.6	927.8	919.2	231.5	223.2
Tnfsf11	0	17.6	26.1	0	0	0	42	0	0	0	0	0	0	0	0	0	0	1.5	0	23.1	126.5	85.3	0	0
Akap11	1490.8	1455.5	1043.4	1345.4	1710.9	1543.2	724.2	1348.3	1006.3	786.5	959.5	978.8	1187.5	1255.9	866.6	1094.9	1326.6	1098.6	976.1	688.7	664.4	626.4	322.1	531.9
Rgcc	242.5	245.1	391.1	365.1	263.1	205.9	335.6	310.4	223.9	299.4	77.8	90.4	346.4	500.3	364.1	287.4	21.8	94.6	82	518.1	400.2	388.4	2993.2	2691.8
Tdrd3	154.3	243	149	134.8	410.4	171.6	272.7	140	240.3	317.1	261.7	206.7	99.8	202.5	170.4	175.1	201.1	219.7	135.5	201.4	372.4	400.1	483.8	552.6
Naa16	374.8	710.6	466.6	528.1	261.7	694.7	542.4	796	1282.6	615.1	596.8	779.3	1164.4	832.6	739.9	622.4	450.7	480.2	869.1	596.4	385.1	345.3	355.6	425.1
Diaph3	895.6	1039.9	818.9	757.4	1154.7	816.9	698.3	875.3	970.4	1227.5	1118	1258	924.2	858.3	735.5	726.6	1038.2	878.9	724.1	577.1	234.7	227.9	71.1	121.6
Mtrf1	185.8	64.4	76.2	33.7	147.3	53.5	175.8	132.2	129.4	168.7	114.4	49.2	141.3	305.2	30.6	209.5	253.2	61.1	48.7	107.7	96.3	116.7	228.8	202.5
Wbp4	996.3	1047.9	850.7	843.3	817.9	830.6	1179.8	1037.9	960.1	1017.9	919.1	969	769.3	900.1	939.4	1087.9	1037	1319.8	1121.2	755.4	551.4	563	424.1	422.5
Sugt1	1545.4	1285.7	860.5	895.5	1043.9	1134	804.1	822.5	1070	766.1	949	906.3	1137.2	1374.7	889.9	696.2	1073.4	685.4	894.1	1127.3	378	413.4	544.2	638.7
Elp3	1263	1439.4	1326.5	1101.9	693.5	1160.1	1490.4	1162.2	1131.6	1679.2	892.2	1331.3	1040.7	1109.2	860.7	1231.5	1120.6	1267.4	1168.7	1056.8	1143.4	1212.9	1664.7	1652.6
Pbk	281.4	227.6	333.2	565.1	1332.7	1213.7	1356.6	995.8	2066.1	1741.8	2133.6	2860.4	763	1326.3	891.3	1413.7	1504.7	1220.9	1658.6	1282.5	2239.1	2158	1158.1	1178.3
Esco2	0	99.5	84	145.6	378.2	286.9	222.8	164.5	782.5	364.7	426.3	392.8	223.5	369.7	276.7	247.9	460.4	756.7	267.5	384.8	908.7	859.7	474.4	419.9
Ccdc25	476.6	472	307.8	381.4	424.7	698.8	404.6	335.8	568.9	621.9	513	555.6	450.9	314.7	505.4	413.9	397.4	640.3	312.7	346.3	480.6	461.2	677.7	501.5
Clu	157.5	45.4	132.7	76.1	7.9	52.2	34	22.5	20.5	29.9	8.2	24.2	0	10.3	5.8	0	0	5.8	4.8	47.5	26.3	37.6	50.3	38.2
Trim35	1362.8	1073.5	1411.9	1133.4	1598	1598.1	1553.4	1617.5	1924.4	2027.6	1833	1759.9	1777.3	2121.5	1988	1915.6	1837.8	1527.9	2131.8	1682.7	2225.6	2100.8	2147.1	2503.5
Dpysl2	671.9	715	540	548.8	412.5	542.3	438.5	569.9	586.4	612.4	510.8	416.9	711.9	705.7	741.3	521.2	862.6	435.1	851.3	683.6	408.2	355.5	117.4	102.2
Bnip3l	1722.9	1526.5	1358.9	1275.8	2011.2	1949.6	1560.3	1252.3	2424.5	1343.1	1061.2	1008.3	923.4	1689.4	1198.6	801.5	1228.4	1212.1	772.8	1199.2	517.2	496.4	897.1	818.5
Ppp2r2a	1567.5	1993.4	1861.5	2319	1288.4	1918	2064.8	1730.1	1502.3	1483.3	1944.4	1807.3	1681.5	1107.7	1634.1	1750.7	1136.4	2107.1	1609.8	1760.9	1229.4	1317.8	1287.6	1449.4
Pibf1	243.6	282.5	213.9	152.1	148.7	229.3	244.7	148.8	261.9	262.6	222.1	192.4	323.2	495.9	168.9	192.3	176.9	161.5	217.6	333.5	188.6	184.8	138.9	165.7
Bora	655.1	496.2	532.3	573.8	853.7	597.2	726.2	567.9	1028.9	937.6	910.1	465.2	811.6	697.6	519.9	450.3	315	758.1	448.2	532.2	730.5	675.7	717.3	656.8
Rhobtb2	476.6	290.5	148.2	210.8	248.1	322.6	112.9	245.8	180.7	273.5	357.5	336.4	133.3	290.5	180.6	255	299.2	251.7	303.2	262.9	847.4	850.3	293.9	335.2
Bin3	308.7	218.1	319.1	284.7	198.8	221	384.6	228.1	300.9	503.5	308.1	314.9	198.7	332.3	319	245.9	487	237.2	321	200.1	1083	1136.9	1254.1	1058
Pdlim2	668.8	749.3	501.9	715.1	480.5	227.9	722.2	438.7	286.5	402.8	392.6	1006.5	566.6	225.2	351	564.7	527	462.7	636.1	468.1	483.8	519.9	212	149.5
Sorbs3	39.9	63.7	49.4	30.4	55.1	17.8	14	47	17.5	36.7	23.9	20.6	68.6	14.7	32	49.6	33.9	0	58.3	35.9	193.4	181.7	151	103.5
Ppp3cc	77.7	10.2	65.7	50	97.2	0	56.9	32.3	21.6	134.7	59.1	48.3	20.7	52.8	58.3	36.4	218.1	45.1	170	124.4	626.2	682	38.9	40.1
Slc39a14	66.1	171.2	149.7	128.2	120.8	159.3	196.8	112.6	194.1	228.6	35.9	80.5	239.4	211.3	160.2	76.9	201.1	186.3	189	177	557	489.4	99.3	150.1
Fam160b2	1017.3	902.3	561.2	842.2	392.5	561.5	562.4	452.4	246.5	457.2	421.8	748	355.9	506.2	455.9	671.9	371.9	487.5	451.8	346.3	388.3	439.3	267.7	101.6
Bmp1	118.6	232.7	305.7	274.9	133.7	85.1	460.5	252.6	66.7	153.8	144.3	176.3	243.4	66.8	93.2	144.7	90.9	260.5	135.5	98.8	71.6	39.2	28.2	82.8
Xpo7	1813.2	1915.8	1301.7	1526.8	1390.6	1165.6	1129.8	1355.1	997.1	1081.8	1202.5	952.9	1530.7	1497.2	1318.1	2209.1	1430.8	1290.7	1704.9	1483.9	1512.6	1482.2	974.3	1037.9
Dok2	529.1	305.2	464.5	733.5	454	970.7	504.5	546.4	805.1	691.3	1115	484.9	527.5	411.5	573.8	442.2	835.9	547.1	1184.2	913.2	731.3	765	96.6	102.2
Gfra2	1	11	0	2.2	0	0	0	8.8	19.5	24.5	33.7	0	0	0	17.5	11.1	50.9	0	0	6.4	1118.8	1242.6	0	0
Rb1	122.8	279.5	403.1	455.3	288.9	374.8	341.6	351.5	667.5	689.9	492.1	443.8	382.3	457	514.1	268.2	663.9	109.1	250.9	365.5	744.8	803.4	364.3	549.4
Rcbtb2	802.1	426.6	513.9	668.3	713.5	487.4	402.6	468	541.2	661.4	328.3	214.7	344.8	577.3	407.8	177.1	508.8	823.6	447	534.8	818	866	758.9	791.4
Itm2b	9021.7	8872.2	11837.8	10924.7	7477.9	8812.9	11083.3	9234.2	7891.6	9309.3	7155.4	7572.8	8880.1	8552.8	9728.9	8502.4	8341	11890	11149.9	10598.8	13161.7	12820.9	24184	24197.2
Med4	626.8	673.2	343.8	472.7	386.8	608.2	371.6	402.4	605.9	396	605.8	614.7	682.3	592	448.6	472.6	448.2	663.5	554	572	423.3	416.6	461.6	487.2
Sucla2	904	534.2	571.8	679.2	544.1	606.8	1220.7	756.9	1534.2	860	572.8	749.8	1055	975.7	611.7	903.7	752.3	643.2	614.7	793.9	982.7	1010.9	1615	1576.3
Uchl3	516.5	349.1	485.7	659.6	854.4	716.7	426.5	578.7	826.6	987.9	863.8	633.4	626.5	827.5	557.8	599.1	646.9	277.9	524.3	767	528.3	553.6	667.6	617.3
Spry2	141.7	287.6	166.6	139.1	108	179.9	410.6	157.6	208.5	246.3	86.7	59.1	190.7	275.1	217	216.6	216.9	704.3	279.4	312.9	79.6	62.6	45.6	60.2
Rbm26	2374.8	2770.5	2174.3	2902.6	2241.5	2658	2100.8	2480.2	1870	2404.6	2417.8	2392.4	2889.8	2577.1	2455.5	2051.2	3074.7	2178.4	2569.3	2207.2	643.7	718	661.6	710.5
Rnf219	535.4	577.4	540.7	449.9	647.1	907.5	645.3	746.1	679.8	841	756.1	646.9	1321.6	678.6	825.8	968.4	995.8	440.9	994	897.8	430.5	364.9	697.8	750
Fbxl3	1384.8	1012.8	1266.4	766.1	900.9	1329	1145.8	608	1231.2	1013.8	382.9	63.5	700.7	695.4	785	554.6	977.7	611.2	511.2	647.7	535.5	461.2	550.2	536.4
Cln5	119.7	147.1	176.5	431.4	235.2	347.4	340.6	321.2	125.3	221.8	387.4	191.5	265	327.9	501	169	356.2	264.8	246.1	221.9	710.6	706.3	1340.6	1369.2
Tgds	246.7	172.7	217.4	119.5	273.8	157.9	132.9	202.7	23.6	300.7	52.3	49.2	237.8	76.3	212.6	72.9	138.1	359.4	93.9	266.8	147.2	172.3	295.2	245.9
Gpr180	290.8	189.5	127.1	39.1	286	152.4	348.6	129.2	119.1	39.5	106.2	59.1	19.2	393.9	263.6	134.6	192.6	241.6	133.2	155.2	351.7	343	741.4	861.9
Dnajc3	1457.2	1198.7	874.7	1194.3	1250.5	1323.5	1424.5	1479.5	1504.4	1899.7	1024.5	1612.3	1376.7	1131.2	1653	915.8	1457.4	1913.5	1081.9	1858.4	2494.5	2425.7	5345.7	5989.9
Mbnl2	1062.5	1079.4	943.1	913.9	888	924	958	1022.2	1171.7	655.9	1171.1	1191.7	1379.1	1016	716.6	918.9	1438	1092.8	821.6	764.4	794.1	857.4	1524.5	1104.5
Nipbl	3852	4603.7	2675.5	4070.8	3629.2	3123.4	2258.6	3079.4	4146.6	3715	3900.7	4526.3	4339.1	3719.3	3581.3	4362.5	4809.6	3490.9	4260	4222.1	737.6	827.6	428.8	451.7
Nup155	455.7	477.1	571.8	562.9	746.4	654.9	912	861.6	927.3	1013.8	1148.7	900.1	541.1	894.2	1124.4	1111.1	534.3	601	711	731	920.6	986.6	1346.7	1459.1
Fyb	642.5	924.2	665.7	717.2	908	631.5	1008.9	762.7	1648.2	1450.6	1784.4	1957.6	1002.4	1002.8	1053	831.8	1069.7	1107.4	881	1100.4	1846	1768.8	206.7	117.8
Dab2	0	0	15.5	0	0	0	68.9	0	0	13.6	0	0	0	27.9	36.4	0	0	7.3	17.8	6.4	3.2	13.3	72.5	72.5
Ttc33	871.4	1136.5	1387.2	920.4	970.2	881.4	1001.9	1091.7	824.6	1023.3	860.8	1072.7	1233.8	958.1	870.9	1007.9	1054	1309.6	1007	867	474.2	498.8	689.8	614.1
Mcpt8	0	0	4.2	14.1	5	0	54.9	3.9	72.9	9.5	56.1	119.9	71.8	32.3	32	40.5	55.7	23.3	9.5	152.6	3395.3	3527.4	1062.2	1136.9
Rab2b	276.1	341	396.7	641.2	406.8	249.9	570.4	336.8	686	338.8	361.2	299.7	320	624.3	438.4	522.2	408.3	529.7	557.6	352.7	54.9	45.4	4.7	16.8
Mettl3	292.9	297.1	287.3	200	469.7	200.4	207.8	472.9	440.5	187.8	290.2	167.3	330.4	319.8	256.3	288.4	488.2	199.4	197.4	248.8	295.2	307.7	301.9	407
Dad1	1209.5	1000.4	1246	1076.9	1924	1073.6	1645.3	1314	1467.4	1314.5	2005.7	1663.3	1022.3	1754	1549.6	1392.4	1576.1	1057.9	1564.7	1537.8	1907.3	2042.9	2781.9	2559.2
Lrp10	634.1	573.7	702.4	581.4	494.8	556	565.4	526.8	488.8	423.2	446.5	448.2	387.9	597.9	342.3	384.5	437.3	764	420.9	746.4	4222.8	4430.2	2770.5	2871.1
Haus4	347.5	308.1	585.9	714	827.2	833.4	846.1	1026.1	873.9	842.3	863	1041.4	750.2	855.4	658.3	901.7	645.7	814.9	765.7	968.3	1850	1979.4	1550	1578.2
4931414P19Rik	244.6	110.5	293.7	296.7	126.6	156.5	120.9	223.2	31.8	200	213.1	139.6	288.1	351.4	112.1	320.8	193.8	81.5	265.1	161.6	99.5	70.5	94.6	62.8
Slc7a8	64	303.7	71.3	184.7	195.2	208.7	276.7	156.7	132.5	292.6	213.1	175.4	502.8	452.6	384.5	223.6	83.6	1.5	41.6	57.7	167.9	157.4	337.5	400.5
Fbxo4	430.5	281.7	298.6	232.6	168.7	392.7	279.7	223.2	146.8	103.4	64.3	64.4	95.8	256.8	158.7	155.8	164.8	269.2	160.5	155.2	131.3	140.2	180.5	216.1
Acin1	6039	4903.7	3599.6	3484	4124	3625.9	3113.7	3584.6	3693.7	3493.2	2707.2	2761.1	4224.2	4753.6	3488.1	4113.6	4464.3	3878	3304.1	3983.5	791.7	860.5	281.1	363
Oxct1	2099.8	1722.6	1522.7	1246.5	2619.7	3197.6	1877	2713.2	3974.1	2763.8	3096.1	3982.3	2163.6	3203.6	3003.1	2192.9	2866.4	2473.8	2294.7	2259.8	1959.8	2027.2	2055.9	2093.9
Drosha	642.5	413.5	404.5	411.9	401.8	464.1	151.8	396.5	340.9	273.5	360.5	693.4	390.3	378.5	480.6	485.7	644.5	136.8	407.8	450.2	723.3	824.5	593.8	595.3
Psmb5	579.5	485.9	657.9	906.3	998.8	1191.7	956	810.7	1219.9	1450.6	1615.3	1790.3	1604.9	1348.3	1360.3	1526	886.8	1114.6	1320.9	1467.2	666	683.6	999.8	1006.8
Pabpn1	247.8	251	195.5	189.1	281	405	354.6	227.2	339.9	302.1	113.7	67.1	268.9	257.5	201	94.1	508.8	382.7	184.3	130.8	239.5	260	172.4	143.6
6030458C11Rik	536.5	491.8	518.2	560.7	457.6	433.8	405.6	539.5	499.1	639.6	351.5	427.7	346.4	617.7	489.4	374.4	556.1	440.9	407.8	373.2	444.8	440	652.9	711.8
Pdzd2	237.3	308.1	144.7	111.9	62.9	127.7	51.9	54.8	75	0	61.3	91.3	21.5	33	67	36.4	60.6	29.1	16.6	16.7	34.2	21.9	3.4	1.3
Slc22a17	175.3	131	149.7	328.2	173.7	163.4	188.8	103.8	85.2	58.5	33.7	13.4	44.7	85.8	65.5	87	157.5	46.6	88	56.4	32.6	19.6	19.5	11
Golph3	725.5	437.6	788.5	367.3	535.5	454.4	525.4	562	691.1	1012.4	601.3	778.4	673.6	567.8	643.7	311.7	556.1	569	366.2	713.1	1500.7	1605.2	2618.8	2257
Zfr	1798.5	2053.4	1655.4	2039.8	1618.7	1835.6	1716.2	1667.5	1417.1	1811.2	1569.7	1515.6	1499.6	1134.9	1120	1679.8	1543.4	1778.2	1597.9	1735.3	1355.1	1237.9	1572.1	1522.6
Ngdn	810.5	771.3	619.8	652	420.4	503.9	672.3	708.9	602.8	643.7	753.1	894.7	605.7	566.3	538.9	925.9	524.6	734.9	683.6	1106.8	775	891.1	992.4	904
Sub1	7518.3	8818	5497.8	7049.5	8614.7	7383.6	5873.8	6258.6	8163.7	7509	7260.1	7812.5	8592.8	8910.1	7238.4	8813.1	8562.7	6367.7	7623.5	7256.5	3197.9	3312.9	4795.5	4801.9
Dhrs4	696.1	628.6	468	457.5	440.4	678.2	1150.8	724.6	757.8	753.9	1113.5	989.5	761.4	779.1	652.5	906.7	703.9	670.8	669.4	627.2	507.7	527.7	524	617.3
Dcaf11	481.9	475.7	336.7	409.7	266	448.9	271.7	324.1	313.2	289.9	370.2	601.2	600.9	459.2	345.2	410.9	237.4	291	222.3	369.4	1334.4	1333.5	1635.2	1612.5
Psme1	3621.1	3623.8	3968.1	4860.9	3367.5	3459.8	4538.2	4064.4	3590	3708.2	4359.9	4792.9	3723	3039.2	4447.9	5087.1	4750.2	4113.7	5015	5450.7	3069	3035.7	2602.7	2577.3
Ripk3	244.6	144.9	186.4	196.7	547.7	406.4	107.9	230.1	474.4	461.3	362.7	268.4	391.1	652.9	131.1	421	491.9	171.7	422.1	429.6	1067.8	1128.3	1749.9	1973.6
Sdr39u1	342.3	228.3	360.7	349.9	180.9	230.7	225.8	234	206.4	164.7	226.6	336.4	327.2	203.2	219.9	327.9	184.1	235.7	280.6	239.8	676.3	630.3	237.5	239.4
Zscan26	468.3	438.3	1134.4	568.4	519.1	442.1	664.3	466.1	352.2	450.4	246.8	58.2	470.9	292.7	680.1	364.3	370.7	685.4	442.3	451.5	26.3	32.9	40.9	41.4
Cct5	1689.3	1632.6	2021.8	1948.5	1913.3	2195.3	2102.8	2269.6	2600.1	2799.2	2851.5	3418.7	1943.3	2142.1	2886.6	2735.3	2259.4	1775.3	2909.3	3487.2	8892	8757.1	11327.4	11889.3
Ankrd33b	231	169.8	210.4	168.4	271	63.2	211.8	102.8	1	23.1	113.7	0	128.5	28.6	53.9	30.4	26.7	43.7	0	20.5	122.5	119.8	4.7	3.9
Ctnnd2	0	35.9	7.8	0	0	0	0	2	0	0	0	0	0	0	33.5	0	134.5	211	104.6	112.9	390.7	441.6	0	0
Tars	1612.6	1590.9	1588.4	1523.6	1561.5	1544.6	2656.2	2136.5	1454.1	1999	2076.8	1659.7	2003.1	1649.8	2020.1	1971.3	1051.6	1933.9	1871.4	1807.1	1617.7	1546.4	2394.7	2309.4
Amacr	87.1	52.7	156	52.2	8.6	109.8	106.9	40.1	0	38.1	85.3	17.9	30.3	65.3	45.1	30.4	15.7	7.3	2.4	91.1	83.5	60.3	98.6	66
Rai14	608.9	452.2	336	408.6	587	300.7	293.7	403.4	433.3	160.6	235.6	255.9	237.8	153.3	208.3	198.3	215.6	99	181.9	200.1	99.5	89.3	57.7	54.4
Brix1	1086.6	848.1	643.8	624.9	1053.2	741.4	826.1	784.3	1017.6	672.2	623	873.2	1007.2	716	722.4	554.6	573	823.6	555.2	1020.9	1495.1	1559.7	1692.9	1766.5
Rad1	174.3	239.3	285.2	242.3	663.5	225.2	490.5	347.6	239.3	450.4	364.9	363.2	701.5	464.4	327.7	399.7	253.2	391.4	535	457.9	426.5	462.8	390.5	390.8
Nadk2	1069.8	987.9	1862.3	1796.3	925.2	815.5	1697.2	1308.1	1036.1	1418	1189.8	1101.4	715.9	749	747.1	725.6	471.3	603.9	410.2	479.7	702.6	754	1579.5	2005.3
Mtdh	8939.8	8127.2	6400	6287.7	7141.2	7162.6	4984.7	5335.3	5181.7	4602.3	5420.4	5737.7	7600.8	7156.1	4816.4	6134.5	9455.6	8163.4	8753	6549.9	3850.4	3882.1	3149.6	3295.5
Laptm4b	632	429.6	375.6	209.7	318.9	396.8	121.9	206.6	19.5	61.2	92.7	281.8	375.1	465.8	432.6	252	625.1	318.7	434	183.4	265	263.9	344.9	367.5
Sdc2	240.4	340.3	288	277.1	123	159.3	171.8	97.9	23.6	51.7	67.3	92.2	86.2	159.2	32	88	24.2	14.6	39.2	7.7	119.4	109.6	47.6	69.9
Trio	426.3	653.5	496.3	706.4	298.1	536.8	748.2	460.2	230	555.2	162.3	142.3	906.6	520.8	365.6	355.2	657.8	921.1	552.9	413	154.4	166	100.6	79.6
Ank	450.4	524	842.2	526	766.5	627.4	739.2	326.1	974.5	880.4	819.6	845.5	809.2	398.3	865.1	449.3	473.7	467.1	283	395	202.1	187.9	343.5	272.4
Fam134b	1633.6	1462.1	1752.1	1738.7	795.8	1460.8	1476.4	1355.1	597.6	729.4	605	745.3	1474	1061.5	1090.9	923.9	1588.2	1616.7	1703.8	1015.8	611.9	641.3	470.4	484.7
Myo10	255.1	278.1	317	189.1	234.5	140	52.9	229.1	296.8	247.7	221.4	195	237	17.6	195.2	144.7	95.7	289.6	103.4	168	321.5	361.7	62.4	170.2
Rnf19a	155.4	183.7	99.5	163	153	211.4	87.9	104.8	378.9	142.9	237.1	238	261	456.3	51	194.3	287.1	163	165.3	157.8	292	362.5	330.8	385.7
Pabpc1	21952.1	27100.2	23051.6	19920.6	22676.9	22462.6	20097.7	22410.5	30033.3	27683	16550.5	14756.3	26056.8	28250.3	25745.1	20642.9	28942.2	25839.1	19275.2	32713.5	4015.1	4189.1	5450.3	5524
Ywhaz	2929.2	4983.5	3488	3561.2	5701.2	6069.7	4028.7	4653.8	5062.6	4128.7	3975.5	5136.5	5003.1	5637.6	4679.5	4340.3	4614.5	5168.7	3987.7	4567.1	5419.5	5290.7	7086.9	7392.1
Rrm2b	382.2	342.5	261.9	231.5	226.6	333.6	235.8	204.6	235.2	147	104.7	36.7	430.2	182.7	30.6	204.4	245.9	129.5	231.8	241.1	241.1	297.5	63.1	128.1
Atp6v1c1	438.9	347.6	642.4	615.1	651.3	545.1	533.4	476.8	745.5	534.8	614	496.6	774.1	443.8	655.4	317.8	493.1	606.8	573.1	665.6	1164.9	1063.3	2129.7	2142.5
Fzd6	574.3	439.8	770.2	634.6	218.1	263.6	469.5	396.5	196.1	167.4	353.7	59.9	539.5	137.9	302.9	410.9	378	612.6	430.4	306.5	150.4	152.7	13.4	59.5
Slc25a32	150.1	153.7	245	155.4	155.9	167.5	302.7	128.3	483.7	164.7	90.5	233.5	160.4	201.7	164.6	104.2	93.3	119.3	99.9	96.2	303.2	251.3	347.6	438.1
Dcaf13	658.3	744.2	638.9	808.5	466.2	550.5	559.4	1005.6	724	966.2	759.8	841.9	344.8	1084.2	833.1	693.2	433.7	749.4	672.9	1251.7	901.5	925.5	1572.8	1699.9
Lrp12	524.9	317.6	302.8	238	443.3	606.8	484.5	415.2	215.6	259.9	163	217.4	122.1	214.2	87.4	241.9	241.1	196.4	189	106.4	171.9	164.4	147.6	145.6
Oxr1	551.2	414.2	989	1088.9	510.5	884.2	655.3	816.6	787.6	751.2	560.1	425.9	816.4	712.3	932.1	1055.5	669.9	960.4	730	601.5	1460.1	1436.8	2985.8	2977.2
Angpt1	16088.5	15107	9861.9	10215.1	13308.6	14954	9794.6	9734.6	10094.3	8009.7	8217.3	7478.8	9433.9	8701	6820.4	8456.9	6734.6	4815.1	4610.7	3609	358.1	328.9	383.1	291.8
Eif3h	3457.3	2292	2424.9	2265.8	2068.4	2089.6	2008.9	1793.8	2696.6	2597.8	3186.6	3349.8	2088.5	2147.2	2091.4	3339.4	2522.3	1775.3	2744.1	4196.4	1756.1	1805.6	2233.7	2015
Utp23	175.3	313.9	304.3	342.3	451.1	346	331.6	271.2	370.7	405.5	498.8	135.1	94.2	393.2	319	395.7	220.5	163	266.3	320.6	259.4	226.3	244.9	291.8
Rad21	3004.8	2769.8	3457	3369.9	4350.6	3535.3	3540.2	3466.1	5784.5	4781.9	5695.6	6579.6	4221.8	4368.5	3690.6	4770.4	4553.9	4688.5	5079.2	4541.4	1472.8	1550.3	565.6	703.4
Shcbp1	43	53.4	58.6	95.6	294.6	227.9	331.6	133.2	354.3	606.9	398.6	816.9	385.5	531.8	527.2	290.4	232.6	490.4	529.1	392.5	1122.7	1129.1	952.1	586.2
Hrsp12	920.8	890.6	1073	734.6	721.4	665.9	636.3	507.2	580.2	389.2	338.8	80.5	367.9	366.1	450	251	541.5	410.4	332.9	377.1	129.7	129.2	370.4	341
Matn2	0	0	0	0	22.2	0	1	30.4	0	0	12.7	0	0	1.5	0	14.2	0	0	17.8	0	208.5	187.1	276.4	192.8
Pop1	124.9	77.6	108	167.4	84.4	114	145.8	181.1	194.1	186.4	245.3	401.7	224.3	211.3	346.6	203.4	98.1	133.9	234.2	196.2	259.4	231	395.9	519
Stk3	551.2	601.5	389.7	503.1	557.7	512.1	312.7	351.5	244.4	421.9	448.7	490.3	406.2	341.8	340.8	289.4	323.5	392.9	328.1	645.1	292.8	389.9	365.7	320.9
Khdrbs3	147	204.9	135.5	138	235.2	57.7	222.8	58.7	116	57.2	112.2	46.5	128.5	170.9	119.4	121.4	75.1	85.9	130.8	114.1	348.5	342.2	97.3	172.8
Zfat	0	0	6.4	29.3	42.2	9.6	88.9	36.2	11.3	44.9	12	42.9	1.6	45.5	21.8	26.3	88.4	117.9	21.4	12.8	127.3	112.8	126.8	58.9
Eif3e	7695.7	7223.5	6366.8	5503.1	7349.2	7886.1	6728.9	5441.1	7133.8	5394.3	4074.2	3752.4	5728.5	7061.5	6887.4	4497.1	7803.1	6062.2	5094.6	5893.2	1899.3	1811.1	3126.8	3234.7
Emc2	464.1	1031.8	988.3	829.2	1388.5	1132.7	1195.7	863.6	877	960.7	1247.4	1134.5	1482.8	930.2	637.9	806.5	439.8	650.5	1053.4	559.2	431.3	464.3	867.6	851.5
Eny2	1755.4	1739.5	1925.1	1669.2	2008.4	1952.3	1347.6	1530.4	2388.5	1619.4	2019.2	1268.7	1576.2	2202.2	1795.8	1448.1	1915.3	1466.8	1627.7	1439	458.3	498	642.1	548.1
Ebag9	438.9	549.6	882.4	391.2	1156.1	818.3	688.3	723.6	701.4	996.1	606.5	416.9	767.7	578.8	540.3	606.2	648.1	697	399.5	492.5	284.1	271.7	260.3	316.4
Myc	1149.6	679.1	557.7	408.6	760.7	880.1	1159.8	1101.5	1424.3	1209.8	171.3	59.1	921	1798	2363.8	400.7	1112.1	2403.9	567.1	1313.3	5098.1	4943.1	9101.8	9181.3
E430025E21Rik	361.2	433.2	691.1	772.7	242.4	376.2	689.3	896.9	562.7	722.6	630.4	1292	539.5	386.6	662.7	735.7	565.8	816.3	835.8	573.3	1040.8	1121.3	1174.9	1010.7
Sqle	548	651.3	572.5	277.1	554.8	639.8	531.4	461.2	451.8	363.3	262.5	245.1	262.6	132.8	403.4	355.2	299.2	107.7	211.6	352.7	1157	1136.9	995.1	761.6
Mtss1	342.3	477.1	422.1	443.4	456.9	383	422.6	353.5	544.2	349.7	689.5	599.5	612.1	331.6	476.2	343.1	686.9	800.3	844.2	732.3	681.1	550.5	42.3	75.7
Ndufb9	1391.1	1544.1	1205	1056.3	1096.8	1795.8	1229.7	1157.3	1563.9	1438.4	1386.5	2422	1349.5	1368.9	1685.1	1452.2	1154.5	1340.2	1256.7	2090.5	1419.5	1464.2	1857.9	1712.1
Fbxo32	628.9	417.1	374.9	384.7	243.8	383	338.6	168.4	159.2	159.2	209.4	205.8	197.9	267	164.6	275.3	471.3	471.5	409	245	231.5	230.2	53.7	13.6
Wdyhv1	417.9	420.8	449	647.7	827.9	628.8	562.4	793.1	541.2	801.5	596	627.2	560.2	764.4	664.1	512	660.3	761	604	604.1	263.4	274.8	343.5	335.2
Atad2	1126.5	1080.8	1775.4	1867	3675.7	2728	3439.4	3426	3417.5	5035	5077.8	4355.4	3030.3	3582.1	3642.5	3773.6	3181.3	3627.7	3321.9	2762.6	2649.7	2692.7	2942.9	3191.4
Zhx1	1666.2	2150	1130.2	1519.2	1390.6	1452.6	1509.4	1411.9	2221.2	1667	1383.5	1123.7	2326.4	1715.9	1897.7	1548.3	1657.3	1501.7	1496.9	1245.3	1164.1	1107.2	1518.4	1324.6
Tbc1d31	253	105.4	123.5	270.6	263.8	438	345.6	350.5	383	466.8	259.5	374	284.1	352.9	339.3	182.2	365.9	569	472	474.5	474.2	428.3	674.3	577.8
Derl1	1073	970.3	1515.6	1374.7	1181.9	1388	1470.4	1228.8	2496.4	2314.7	1471.8	1406.5	1695.9	1432	1864.2	1287.2	1502.2	1103	1474.3	1228.7	1619.3	1673.3	2992.6	2747.5
Mtbp	291.9	165.4	136.2	120.6	288.1	399.5	408.6	262.4	195.1	357.9	58.3	35.8	299.3	336.7	342.3	162.9	157.5	430.7	64.2	206.5	308.7	328.9	317.4	355.9
Mrpl13	509.2	699.6	547.8	624.9	1090.3	864.9	1582.3	804.8	1195.3	1046.5	1038.8	884	1055	1066.6	808.3	599.1	984.9	660.6	818	941.4	787.7	805.7	901.1	833.4
Sla	940.7	1164.3	1419.6	1266	1538.6	1227.4	1788.1	1636.1	2108.2	2567.9	2941.3	4179.2	1536.3	982.3	1339.9	1742.6	1480.4	1594.8	1913	1768.6	1384.5	1290.4	2216.2	2499
Asap1	925	1108.7	1040.5	899.8	1417.1	1324.9	1325.6	1263.1	1702.6	1995	2380.4	1618.5	1782.9	1681.4	1554	1460.2	673.6	889.1	800.2	982.4	686.7	672.6	1796.2	1853.9
Fam49b	1189.5	848.9	1111.1	739	734.3	1003.6	1433.5	1152.4	1210.7	1442.5	1228.7	1879.8	1242.6	1723.9	1701.1	1886.3	1423.5	1110.3	1722.8	2348.3	2873.3	2825.1	6715.8	6724.4
Gtse1	34.6	0.7	75.5	48.9	189.5	192.2	411.6	206.6	300.9	387.8	399.3	163.7	86.2	433.5	337.9	198.3	261.7	656.3	309.1	350.1	1226.2	1218.4	461.6	449.1
Trmu	138.6	78.3	93.9	46.7	81.5	123.6	99.9	104.8	159.2	40.8	46.4	46.5	47.9	132.8	141.3	52.6	186.6	58.2	59.4	88.5	132.1	167.6	169.1	220.7
Brd1	968	1405.8	746.9	1022.6	1532.9	1396.3	1069.9	1123.1	1135.7	977.1	905.6	1266.9	1620.9	1097.4	919	1175.9	1384.7	1379.5	1084.3	849	1459.3	1423.5	903.8	869
Tef	364.3	359.3	93.9	240.2	446.9	185.3	100.9	314.3	116	157.9	106.9	63.5	214.7	220.8	138.4	146.7	212	371.1	250.9	201.4	527.6	595.9	267	221.9
Zc3h7b	2325.5	2608.1	3701.9	3540.5	1475.7	1588.5	2699.1	2495.8	1440.7	1639.8	1843.4	1670.4	1874.7	1087.2	1663.2	2524.8	1604	2105.6	2564.6	1886.6	86.7	74.4	35.6	23.9
Rangap1	1432	1326	1354	1293.2	2412.3	2233.8	1913	2445.9	3468.8	3181.6	4220.8	5263.5	2367.1	2954.9	2126.4	2923.5	2340.6	2849.2	2967.6	3301.2	3038.8	3239.3	3021.4	3195.9
L3mbtl2	80.8	92.9	133.4	222.8	76.5	64.5	12	157.6	255.7	300.7	207.9	280.9	237	93.9	214.1	213.5	116.3	227	110.6	232.1	917.4	874.6	1126.6	1100.7
Rbx1	1153.8	1339.2	1759.9	1767	2297.2	2000.4	2044.8	1559.8	2704.8	2004.5	1664.7	1988	1978.4	2272.6	2139.5	1572.6	2009.8	2088.1	1870.2	1830.2	1231.7	1209	1141.3	1111
Xpnpep3	71.4	257.6	53.7	98.9	346.8	289.7	2	188	137.6	125.2	142.1	85	259.4	33.7	129.6	88	243.5	107.7	82	102.6	167.9	251.3	238.9	236.8
St13	3185.4	3612.8	3827.6	3471	3144.5	3238.8	4179.6	4125.1	3585.9	4319.2	3684.6	3010.7	3750.9	3546.1	4440.6	3674.4	2593.8	3055.8	3582.3	3874.5	2624.2	2725.6	3705.1	3512.3
Slc25a17	715	660.1	707.3	437.9	634.9	917.1	925	759.8	521.7	1134.9	348.5	263.9	582.6	856.1	1628.3	572.8	795.9	762.5	538.6	627.2	821.2	830.8	1170.9	1089.7
Adsl	776.9	611.8	600	407.5	856.5	523.1	670.3	634.5	667.5	710.3	457.7	616.4	607.3	723.3	592.8	456.4	678.4	516.6	556.4	1312	2154.8	2143.9	3150.9	3333.1
Fam83f	0	0	0	0	0	0	24	2	0	0	0	0	0	0	0	0	0	0	0	19.2	194.9	209.8	20.1	3.9
Mief1	475.6	363	449	311.9	624.2	586.2	523.4	305.5	636.7	440.9	270	553.8	391.1	346.3	321.9	436.2	451.9	385.6	321	446.3	719.3	653.8	534.1	568.1
Tab1	120.7	111.2	144.7	290.2	40.8	76.9	238.7	170.4	162.2	246.3	137.6	204	90.2	166.5	134	174.1	60.6	82.9	98.7	184.7	553	660.1	447.5	484
Syngr1	184.8	152.9	51.5	145.6	13.6	138.7	35	52.9	40	55.8	78.5	48.3	21.5	33.7	24.8	21.3	37.6	21.8	26.2	53.9	8	18	65.8	51.1
Deptor	1115	762.5	1056.1	1322.5	797.9	675.5	990	773.5	1200.4	1310.5	754.6	1003.9	1656.8	987.4	911.7	1040.3	192.6	94.6	158.1	325.8	69.2	51.7	415.3	352
Dnal4	353.8	293.4	278.8	328.2	276.7	277.3	500.5	415.2	302.9	321.2	482.4	428.6	499.6	239.9	273.8	367.3	318.6	471.5	472	430.9	407.4	434.6	323.4	313.8
Nptxr	145.9	196.9	114.4	70.6	87.2	155.1	4	41.1	11.3	31.3	12.7	34.9	0	14.7	49.5	107.3	66.6	33.5	34.5	53.9	9.5	18	2.7	9.7
Dscc1	54.6	73.2	102.4	181.5	175.9	311.7	428.5	390.7	463.1	525.3	286.4	127.9	233.8	625	541.8	241.9	323.5	682.5	302	474.5	368.4	356.3	297.9	364.3
Josd1	478.7	624.9	659.3	534.7	1219.7	545.1	623.3	635.5	436.4	389.2	465.2	745.3	445.3	533.3	579.7	711.4	573	478.7	535	564.3	698.6	724.3	903.8	966.1
Tomm22	426.3	533.5	427.1	298.8	404.7	444.8	426.5	381.9	676.7	417.8	537	229	498.8	1037.3	533	226.7	617.9	649	293.7	637.4	1288.2	1270.8	1645.9	1527.1
Cby1	42	76.1	22.6	48.9	40.8	75.5	35	34.3	123.2	77.6	160	334.6	112.5	102.7	53.9	77.9	94.5	61.1	82	82.1	391.5	386	413.3	453.6
Csnk1e	1604.2	1646.5	1349	1492.1	1632.3	1714.8	1145.8	1626.3	1754.9	1141.7	1574.2	1285.7	2059.8	1637.4	1545.3	1748.7	1376.2	1180.1	1102.2	847.8	620.6	614.7	403.9	431.6
Fam118a	183.7	213.7	48.7	138	83.7	247.1	215.8	214.4	16.4	141.5	264	7.2	108.5	104.9	45.1	71.8	235	85.9	142.7	107.7	215.6	228.6	333.5	392.8
Sh3bp1	875.6	861.3	1502.9	977	1033.1	763.4	915	940.9	639.8	958	814.4	1096	857.1	748.3	639.4	870.3	686.9	820.7	1021.3	968.3	1518.2	1569.1	1646.6	1784
Samm50	1327.1	1156.2	1276.3	1482.3	1211.2	936.3	1141.8	1174	1562.9	1238.3	1297.5	2295.8	1520.3	1373.3	1235	1407.6	1246.6	1380.9	1225.8	1344.1	2494.5	2663	4153.3	3817.7
Parvb	52.5	2.2	69.2	13	13.6	98.9	237.7	82.2	221.8	200	97.2	263	71	0	88.8	20.2	9.7	91.7	25	120.6	9.5	7	12.1	5.8
Parvg	930.2	1409.4	1455.6	1411.6	1979.8	1824.6	2166.7	1957.3	1553.7	1909.2	1848.7	2325.3	3115.6	2247	3284.2	3191.7	2825.2	3170.8	3975.8	2822.8	6731.6	6727.6	6682.9	6870.6
C1qtnf6	145.9	120.7	152.5	50	49.3	33	129.9	120.4	10.3	118.4	78.5	127.9	61.5	93.2	52.4	78.9	35.1	16	121.3	46.2	29.4	28.2	63.7	64.1
Ttll1	50.4	35.1	59.3	38	5.7	71.4	77.9	6.9	35.9	29.9	95	114.5	31.1	32.3	112.1	61.7	90.9	45.1	63	10.3	178.2	172.3	151.6	181.8
Myh9	4534.5	4825.4	2838.6	2880.9	5383.1	4065.3	2901.9	3868.6	5127.2	4011.7	5163.1	5365.5	5026.2	5738.8	3578.4	3616.7	4910.1	3186.8	3765.4	4714.6	4185.4	4343.3	1201.7	1348.5
Ndufa6	2828.4	2602.2	2842.8	2705.9	1942.6	2604.5	2108.8	1623.4	3283	2167.8	2811.1	3677.2	2965.6	2370.9	1979.3	2242.5	2622.8	1912.1	2060.4	2801	553	572.4	924.6	785.5
Twf1	235.2	266.4	217.4	315.1	399	477.8	113.9	325.1	170.5	197.3	249.8	186.1	149.2	233.3	221.4	191.3	477.3	221.2	256.8	319.3	205.3	203.6	175.1	211.6
Smdt1	541.7	392.2	396.7	330.4	465.4	465.4	622.3	341.7	934.5	726.7	886.9	862.5	474.8	557.5	643.7	696.2	516.1	330.3	661.1	677.2	985.1	974.1	1142.7	1026.9
Naga	169	106.8	139.8	107.6	67.9	160.6	146.8	174.3	32.9	91.2	50.1	93.9	238.6	104.2	107.8	66.8	82.4	229.9	91.5	139.8	984.3	1106.4	1230.6	1268.3
Slc38a2	3461.5	4284.6	4217.3	5121.7	4457.9	4446.9	4532.2	4726.3	3915.5	3908.3	4835.5	4854.7	6016.6	4860	4577.5	4735.9	3716.8	4794.7	4809.3	3596.2	3939.5	3954.2	4697.5	4716.5
Srebf2	427.3	315.4	362.1	344.5	508.3	270.5	253.7	274.2	106.8	243.6	332	301.5	144.4	398.3	211.2	267.2	227.8	190.6	268.7	200.1	4905.5	4759.9	1199.7	1279.3
Rpap3	260.4	761.8	262.6	313	835.8	459.9	238.7	414.2	605.9	704.9	521.2	722	882.7	201	399.1	511	531.8	411.8	375.7	749	581.7	588	619.3	619.2
Endou	10.5	0	0	1.1	0	2.7	14	3.9	4.1	10.9	8.2	0	16.8	0	42.2	0	0	0	0	0	128.1	144.9	18.8	33.6
Rapgef3	464.1	180	251.3	245.6	100.1	140	153.8	182.1	233.1	123.8	183.2	509.1	225.9	269.2	85.9	103.2	3.6	75.7	73.7	44.9	75.6	76.7	218.7	267.2
Xrcc6	696.1	575.9	413	427.1	838.7	295.2	632.3	665.8	969.4	832.8	722.4	1077.2	956.1	993.3	642.3	666.9	1564	1548.3	1081.9	1288.9	3507.5	3450.7	1631.8	1554.9
Desi1	436.8	385.7	338.8	503.1	491.2	447.6	467.5	354.4	268	404.2	703	461.7	410.2	560.5	651	462.5	891.6	449.6	677.7	718.2	1382.9	1338.9	832.7	704.7
Pmm1	193.2	169	102.4	105.4	161.6	53.5	171.8	96.9	161.2	272.2	195.2	258.6	260.2	207.6	193.7	38.5	96.9	103.3	122.5	193.7	240.3	249	400.6	298.9
Hdac7	2635.2	1473.8	1618	1516	1047.4	1116.2	1478.4	1345.3	2408	2038.5	2105.9	2446.1	1408.6	1327.1	1274.4	1634.3	1499.8	1532.3	1997.4	2168.8	1939.1	1997.4	314.7	315.1
Polr3h	454.6	581	376.3	420.6	337.5	619.2	722.2	452.4	783.5	446.3	482.4	863.4	491.6	734.3	444.2	657.8	499.1	333.2	430.4	686.2	963.6	918.5	1007.1	903.3
Aco2	954.3	874.5	1318.7	1054.1	1101.8	954.2	1234.7	1082.9	1500.3	1072.3	1201.8	1491.5	1062.2	1375.5	1256.9	1290.2	1121.8	1431.9	1181.8	1750.7	3547.2	3650.4	3705.8	3718.1
Vdr	831.5	816.7	651.6	678.1	344.6	226.5	440.5	201.7	96.5	121.1	85.3	75.2	367.1	179	80.1	162.9	134.5	66.9	78.5	180.8	30.2	37.6	169.1	134.6
Nckap1l	1538.1	1843.4	1438	1197.6	1245.5	1466.3	1666.2	1193.6	1424.3	1060.1	1047.7	1767	1596.9	1258.1	1076.3	1286.2	1501	1536.6	1489.7	1690.4	3484.4	3449.9	3275.7	3375.1
Pde1b	211	318.3	285.9	403.2	44.3	28.8	142.8	117.5	0	57.2	0	58.2	26.3	34.5	18.9	64.8	0	68.4	42.8	28.2	17.5	11	2.7	0
Txndc11	516.5	447.9	555.6	314.1	333.2	196.3	402.6	472.9	486.7	443.6	240.8	422.3	148.4	462.2	592.8	293.5	225.3	574.8	287.7	561.7	1287.4	1133	2683.2	2411
Litaf	172.2	210	264	223.9	345.3	501.1	440.5	352.5	166.4	293.9	261	415.1	339.2	471	435.5	243.9	546.4	344.9	472	466.8	2686.3	2594.9	1456	1532.9
Nubp1	237.3	182.2	121.4	75	243.1	211.4	243.7	179.2	392.3	137.4	351.5	219.2	240.2	542.9	252	212.5	301.7	240.1	240.2	524.6	513.2	591.2	582.4	552.6
Ciita	45.1	46.1	38.8	0	56.5	9.6	26	2.9	0	0	4.5	0	13.6	0	11.7	6.1	17	50.9	26.2	19.2	381.9	339	19.5	0
1810013L24Rik	589	582.5	838.6	785.7	516.2	663.1	633.3	679.5	710.6	553.9	419.5	593.2	296.9	435	699.1	457.4	605.7	609.7	659.9	538.7	469.5	348.4	391.9	422.5
Bcl6	69.3	71	98.8	101.1	32.2	120.8	141.8	39.2	48.3	89.8	24.7	121.7	155.6	42.5	157.3	170	241.1	107.7	293.7	168	71.6	87.7	49.7	30.4
Il1rap	155.4	120.7	176.5	102.2	202.3	129.1	75.9	123.4	164.3	70.8	94.2	54.6	43.1	191.5	74.3	98.2	104.2	157.2	110.6	168	196.5	216.9	390.5	452.3
Anks3	310.8	267.1	200.5	321.7	82.9	335	196.8	246.7	232.1	240.9	201.9	255	260.2	263.4	176.2	325.8	321	206.6	204.5	429.6	379.5	418.1	134.9	106.1
Nudt16l1	1126.5	1195.7	1550.2	2068	1137.5	1040.7	1049.9	1148.5	524.7	902.2	1303.5	1923.6	1026.3	903	881.1	1485.5	695.4	721.8	1169.9	1206.9	1085.3	1081.3	1294.3	1113.6
Mgrn1	636.2	710.6	740.5	820.5	730.7	459.9	828.1	641.3	296.8	389.2	581.1	414.2	427	367.5	346.6	531.3	657.8	451.1	516	410.4	1157.7	1151.8	954.8	962.2
Srl	112.3	106.1	70.6	39.1	135.8	93.4	42	41.1	196.1	114.3	189.2	204	189.1	178.3	119.4	143.7	192.6	61.1	186.7	115.4	471.1	511.3	196.6	143
Crebbp	3919.2	4031.4	3086.3	3694.8	2567.5	2607.2	2783.1	2945.2	2594.9	2150.1	2792.4	2853.2	2827.5	2781.7	3065.8	2854.7	3558.1	4137	3840.3	3942.5	1157.7	1241.1	509.9	463.9
Zfp251	252	243	94.6	329.3	95.8	151	135.9	191.9	169.4	196	359	220.1	201.9	296.4	282.5	98.2	210.8	94.6	265.1	23.1	315.9	349.2	266.4	410.9
Hes1	40.9	98.8	214.6	5.4	152.3	135.9	167.8	130.2	21.6	47.6	0	30.4	66.2	67.5	68.5	0	17	37.8	19	134.7	243.5	262.3	0	0
Zfp263	1073	1167.2	722.9	724.8	1218.3	1005	568.4	929.2	801	766.1	502.5	460.8	1112.5	760	1281.7	527.2	940.1	734.9	771.6	607.9	830.7	930.2	823.3	593.4
Atp13a3	404.2	822.5	536.5	413	570.6	465.4	841.1	620.8	1726.2	1296.9	722.4	839.2	887.4	1771.6	1456.4	926.9	1121.8	1191.8	1065.3	1135	1816.6	1648.2	1093	1400.3
Mefv	0	0	20.5	7.6	0	0	19	9.8	0	35.4	12.7	83.2	0	43.3	27.7	30.4	0	40.7	0	44.9	8	25.1	631.4	845.7
Glyr1	3292.5	2634.4	2622.5	2429.9	2433.1	2416.4	2635.2	2144.3	3128.9	2550.2	2011.7	1716.9	2552.2	2823.6	2336.1	1918.7	2826.4	2847.7	2366	2684.3	3829.7	3746.7	3296.5	3659.2
Lsg1	716	599.3	630.4	689	711.4	385.8	255.7	593.4	517.6	681.8	502.5	589.6	733.4	573.7	745.7	853.1	573	487.5	813.2	1035	785.4	906.7	1191.7	1228.8
Rogdi	21	115.6	31.8	38	98.7	1.4	49.9	108.7	0	96.6	0.7	68.9	51.9	12.5	141.3	53.6	49.7	7.3	57.1	88.5	1061.5	1039.8	726.7	784.9
Eef2kmt	1280.9	1187.7	841.5	1543.1	663.5	862.2	648.3	932.1	537.1	751.2	639.4	759.6	656	440.9	646.7	647.7	706.3	654.8	519.6	983.7	215.6	236.5	330.1	223.9
Ercc4	229.9	325.6	249.2	338	245.2	241.6	228.8	289.8	186.9	292.6	378.4	412.5	249.8	223	205.4	148.8	317.4	113.5	231.8	153.9	350.9	368.8	412.7	403.8
Adck5	254.1	101	110.1	113	50.8	166.1	98.9	127.3	104.7	292.6	285.7	281.8	130.1	152.6	198.1	106.3	242.3	145.5	206.9	171.9	165.5	168.3	238.2	190.9
Cyc1	544.9	415.7	437.7	416.2	898	567	538.4	534.6	1023.8	639.6	633.4	532.3	482	1191.3	594.2	479.7	1024.9	490.4	620.6	551.5	3024.5	3103	3751.4	3619.1
Sharpin	269.8	471.3	611.3	641.2	617.7	391.3	704.3	653.1	298.8	683.1	926.6	867.9	542.7	560.5	653.9	668.9	299.2	464.2	637.3	607.9	721.7	754.8	889.7	781
Maf1	880.9	678.4	1087.1	796.6	982.4	1132.7	745.2	796	809.2	910.4	887.7	928.7	1098.9	1058.6	693.3	715.5	838.3	873.1	820.4	987.5	2980.7	3262.8	2366.5	2464
Hgh1	519.7	196.9	782.9	621.6	528.4	805.9	595.4	657	594.6	793.4	916.9	445.6	600.1	658	718	401.7	454.3	801.8	544.5	742.6	585.6	596.6	660.2	726
Dgat1	182.7	228.3	205.4	278.2	208.1	181.2	147.8	219.3	120.1	209.6	367.2	213.8	277.7	311	150	376.4	215.6	221.2	366.2	247.5	190.2	252.9	706.5	640.6
Hsf1	339.1	141.2	131.3	188	180.9	141.4	230.8	197.8	254.7	111.6	122.6	36.7	268.2	143.8	129.6	85	225.3	273.6	203.3	196.2	709	667.9	755.5	768.1
Bop1	177.4	300.8	415.1	269.5	461.9	425.6	685.3	654.1	508.3	483.1	581.8	796.3	387.9	389.5	755.9	512	124.8	560.2	355.5	697.7	2055.3	2010	3001.3	3163.5
Mroh1	99.7	108.3	116.5	168.4	170.9	112.6	27	107.7	132.5	133.4	84.5	273.8	4	58	135.4	62.7	127.2	87.3	91.5	71.8	619.9	691.4	501.2	559.1
Fbxl6	675.1	507.9	787.1	798.7	424.7	538.2	554.4	648.2	472.4	519.8	525.7	635.2	792.5	583.2	738.4	715.5	583.9	982.2	623	678.5	756.7	860.5	1187	1173.1
Slc52a2	34.6	62.2	68.5	55.4	113.7	118.1	197.8	90.1	70.9	53.1	79.3	206.7	107.7	89.5	78.6	126.5	24.2	104.8	74.9	144.9	419.3	383.7	640.1	564.2
Gpaa1	585.8	524.7	532.3	813.9	544.1	779.8	683.3	974.2	790.7	851.9	1408.2	1602.4	577.8	1071.8	924.8	1109.1	751.1	775.6	1114	1104.3	1226.2	1359.3	1927.7	1836.4
Grina	872.5	545.9	581	580.3	309.6	112.6	174.8	374	162.2	231.3	225.1	387.4	176.4	259	285.5	332.9	204.7	238.6	434	493.8	744	718	495.2	516.4
Plec	1244.1	1377.2	1182.4	1057.4	1011	1184.8	961	1205.3	656.2	1121.3	1013.3	1670.4	1280.1	711.6	801	1089.9	519.7	1367.8	1155.7	1644.2	845	919.2	619.3	799.8
Scrib	413.7	393.7	403.8	485.8	561.3	459.9	869.1	471.9	338.9	702.2	750.1	417.8	578.6	311.8	518.5	661.8	198.7	398.7	476.8	524.6	498.9	532.4	215.4	286.7
Tsta3	247.8	191.7	213.2	233.6	249.5	365.2	162.8	205.6	309.1	269.4	292.4	252.3	322.4	247.2	219.9	274.2	339.2	173.2	255.6	260.4	747.2	775.2	1195	1355.6
Pycrl	537.5	300.8	450.4	453.2	778.6	617.8	237.7	421	266	469.5	474.9	532.3	333.6	348.5	428.2	403.8	426.4	567.5	472	572	562.6	677.3	1199.7	1204.2
Naprt	287.7	113.4	118.6	128.2	65.1	173	144.8	83.2	11.3	46.3	76.3	108.3	170	64.6	112.1	155.8	99.3	49.5	7.1	121.8	17.5	22.7	16.8	82.8
Gsdmd	527	303	537.2	317.3	375.4	127.7	364.6	398.5	504.2	201.4	417.3	493.9	268.9	247.2	263.6	377.5	224.1	256.1	405.4	383.5	661.2	698.4	1198.4	1289.6
Ly6c2	0	18.3	561.2	118.5	185.9	0	1258.7	1294.4	271.1	1061.4	536.2	2118.7	257.8	1929.3	1270	1190.1	10.9	314.3	173.6	2938.3	2234.3	2227.6	26519.7	24810.6
Ly6e	3975.9	3135	4427.6	4134.9	3895.9	3205.8	4221.5	4472.7	3974.1	4517.9	4362.2	6440.1	4684.6	5825.4	5898.5	5677.1	5093.1	4297.1	5355	7642.6	37146.5	37714.8	28339.4	27628
Lynx1	0	0	10.6	17.4	0	0	24	15.7	12.3	0	0	0	19.2	0	27.7	0	9.7	0	0	38.5	537.9	530.9	3.4	5.2
Zbtb11	521.8	873.8	612	590.1	746.4	557.4	410.6	783.3	566.8	909	531.7	354.3	595.4	635.3	728.2	592	508.8	679.6	564.7	498.9	425.7	461.2	589.1	748
Cep97	847.3	623.5	655.1	609.6	703.5	1129.9	473.5	703	1130.6	774.3	696.2	372.2	770.9	783.5	621.9	878.4	932.8	804.7	1048.6	696.4	371.6	324.9	255	246.5
Ptk2	159.6	199	229.4	189.1	341	195	199.8	165.5	26.7	89.8	40.4	58.2	4	0	48.1	0	30.3	18.9	85.6	35.9	242.7	237.2	51	12.3
Mapk12	163.8	146.4	107.3	179.3	50	27.5	51.9	26.4	0	0	7.5	0.9	0	0	52.4	7.1	8.5	0	21.4	52.6	9.5	25.8	0.7	0
Lmf2	204.7	155.1	140.5	126.1	108	105.7	59.9	116.5	197.2	244.9	189.2	325.7	198.7	96.8	91.8	61.7	207.2	209.5	151	328.3	1647.1	1848.7	777	636.7
Chkb	646.7	783	474.4	464	371.1	403.6	432.5	411.2	405.6	332	534	388.3	560.2	446.8	330.6	753.9	431.3	420.5	453	460.4	240.3	241.2	209.3	205.1
Arsa	133.3	190.3	209.7	336.9	115.8	149.6	164.8	143.9	224.9	115.7	237.8	70.7	208.3	139.4	240.3	202.4	192.6	512.2	105.8	271.9	393.9	303.8	476.4	510.5
Rabl2	160.6	239.3	222.4	234.7	259.5	124.9	215.8	296.7	345	171.5	306.6	237.1	138.1	129.1	164.6	307.6	273.8	200.8	290.1	327	171.9	191.8	142.9	146.2
Shank3	141.7	54.2	118.6	63	109.4	65.9	159.8	93	40	111.6	1.5	15.2	15.2	8.1	11.7	0	0	0	0	10.3	0.8	0	0	0
Kif21a	231	353.5	97.4	257.6	170.2	276	167.8	105.7	2.1	9.5	52.3	2.7	46.3	14.7	75.7	37.4	121.1	23.3	32.1	50	7.2	2.3	1.3	0
Yaf2	309.7	365.2	440.5	437.9	527.7	615.1	561.4	403.4	361.5	492.6	499.6	167.3	371.9	319.8	423.8	210.5	304.1	288.1	262.8	337.3	383.5	392.3	948.8	1038.5
Zcrb1	1336.5	1220.6	1033.5	1087.8	1149	1355.1	1171.8	983.1	1565	1173	1453.8	1198	1393.4	1362.3	1350.1	1129.3	1534.9	932.8	1297.1	1240.2	374.8	424.4	379.1	369.5
Alcam	950.1	1506.7	871.8	1333.4	659.9	1184.8	678.3	636.4	197.2	129.3	169.8	273.8	774.1	674.2	399.1	710.4	1766.3	1225.2	1099.8	728.5	479	366.4	359.6	319
Cblb	300.3	244.4	343.1	270.6	510.5	297.9	436.5	373.1	468.3	379.7	345.5	127.9	399	355.8	316	328.9	250.8	614.1	325.8	253.9	662.8	794.7	183.8	209
Dubr	458.8	206.4	223.1	290.2	158	207.3	75.9	108.7	138.6	85.7	195.2	349.8	155.6	100.5	94.7	277.3	201.1	187.7	148.6	69.3	31.8	27.4	26.8	42.1
Bbx	1879.3	2659.3	1320.8	2025.6	1754.6	2447.9	1481.4	1874.1	2054.8	1469.7	1441.8	1800.1	2417.3	2022.5	1657.4	1853.9	2366	2725.5	2531.3	1662.2	777.4	730.5	383.1	438.7
Retnlg	0	17.6	17.6	25	0	0	21	61.7	0	1.4	0	0	0	0	2.9	0	18.2	0	21.4	118	251.4	237.2	4.7	5.8
Cd96	64	110.5	172.2	47.8	37.2	195	172.8	57.8	199.2	80.3	56.8	180.7	109.3	73.4	51	156.9	352.5	144.1	303.2	177	265.8	260.7	14.1	10.4
Cd200	85	73.2	204	152.1	0.7	133.2	246.7	153.7	15.4	54.4	17.9	24.2	8	1.5	48.1	95.1	71.5	157.2	102.2	47.5	369.2	314.8	0	0
Atg3	1102.4	721.5	626.9	800.9	772.9	1250.7	669.3	611	866.7	732.1	631.2	253.2	895.4	788.6	655.4	866.2	961.9	683.9	531.5	725.9	860.9	903.6	1529.2	1382.8
Slc35a5	338.1	281	307.8	505.3	114.4	429.7	252.7	254.6	173.5	330.7	151.8	161.9	265.8	335.2	508.3	268.2	141.7	461.3	225.9	256.5	296.8	274.1	311.3	361.1
Cd200r1	58.8	192.5	100.9	218.4	90.1	247.1	66.9	14.7	121.2	24.5	23.2	33.1	129.3	9.5	163.1	31.4	66.6	0	36.9	32.1	123.3	122.9	129.5	63.4
Gtpbp8	235.2	196.1	185	158.7	185.9	216.9	201.8	156.7	105.8	277.6	210.9	152.1	233.8	109.3	222.8	173	233.8	101.9	170	123.1	254.6	240.4	424.7	440
Mzt2	128.1	169	48.7	78.2	145.1	76.9	59.9	57.8	174.6	115.7	84.5	100.2	197.1	138.6	101.9	69.8	76.3	120.8	111.8	110.3	187.8	184.8	332.8	330.7
Prkdc	190	323.4	124.2	106.5	414	322.6	205.8	303.5	144.8	427.3	395.6	191.5	585.8	305.9	192.2	265.1	296.8	480.2	235.4	234.7	615.1	526.2	423.4	537.1
Mcm4	1726	2158.8	3696.3	4365.3	4050.3	4191.6	6394.2	7168.3	4292.4	8596.2	6547.4	5318.1	5197.8	4850.5	8322	6077.8	4270.5	5325.9	6656.9	5993.3	5325.6	4956.4	6546.1	7035
Ube2v2	157.5	184.4	208.3	83.7	544.8	227.9	333.6	212.5	153	205.5	214.6	73.4	237	213.5	128.2	159.9	169.6	158.6	267.5	128.3	103.4	119	153	234.2
Fopnl	499.7	403.2	515.3	577	815.1	575.3	670.3	369.1	575.1	454.5	537.7	606.6	789.3	520.1	483.5	566.7	732.9	577.7	413.8	524.6	982.7	943.5	950.8	792.7
Nde1	355.9	225.4	377.7	457.5	728.6	608.2	552.4	539.5	445.7	873.6	326.8	294.4	695.1	449	473.3	422	759.6	899.3	579	774.6	2067.2	2078.1	1107.1	908.5
Pdxdc1	549.1	884.7	669.9	520.5	422.6	763.4	581.4	587.5	431.3	461.3	497.3	727.4	594.6	589.8	508.3	590	640.9	571.9	390	615.6	884.8	851.9	1116.5	1016.5
Ntan1	457.8	308.8	401	479.2	337.5	413.3	685.3	367.2	636.7	356.5	223.6	88.6	398.2	93.9	381.6	229.7	490.6	299.8	322.2	265.5	502.1	505	614.6	592.7
Rrn3	367.5	359.3	497.7	328.2	439	777.1	674.3	492.5	464.2	451.8	695.5	856.2	335.2	512	553.4	410.9	212	324.5	535	534.8	938.9	926.3	1310.4	1391.8
Bfar	2322.4	1341.4	1639.2	1435.5	1249.8	1372.9	1766.1	1411.9	1004.3	1560.9	1009.6	1339.4	1390.2	607.4	1485.5	1029.2	1207.8	1248.5	1279.3	1140.2	708.2	746.2	1125.2	1012.7
Parn	990	1329.7	1055.4	1092.1	1283.4	1171.1	1492.4	1154.4	1554.7	937.6	1409.7	1583.6	1007.2	1033.6	1517.6	1063.6	1101.2	838.2	1153.3	865.7	1307.3	1310.7	1265.5	1322
B3gnt5	298.2	166.1	218.1	143.4	73.6	429.7	261.7	171.3	141.7	127.9	34.4	53.7	299.3	544.3	464.6	310.7	690.5	491.8	311.5	371.9	539.5	509.7	615.3	544.2
Naa50	2747.6	2110.5	2290.1	1732.2	2651.1	2998.5	3040.8	3469.1	4228.7	3223.8	3050.4	3826.6	2885.8	2985.7	3515.8	2872.9	3218.9	2472.3	2425.4	2966.5	3489.2	3453	5740.2	5989.9
Ccdc191	697.1	769.8	427.8	360.8	502.6	406.4	451.5	530.7	292.7	423.2	419.5	405.3	291.3	277.3	533	313.7	603.3	564.6	546.9	514.3	87.5	89.3	26.2	43.4
Hira	74.5	414.2	88.2	208.6	228.8	335	145.8	217.4	253.6	295.3	201.9	392.8	246.6	173.9	201	323.8	386.5	190.6	155.8	157.8	101.8	92.4	53	110
Qtrtd1	506	467.6	756.8	524.9	445.4	558.8	623.3	932.1	412.8	843.7	270.7	134.2	798.9	575.9	940.8	532.3	483.4	638.8	530.3	520.7	239.5	252.9	334.1	276.3
Mrpl40	290.8	467.6	317.7	284.7	465.4	480.5	497.5	401.4	446.7	578.3	552.7	379.4	482.8	545.8	514.1	484.7	387.7	413.3	330.5	482.2	750.3	779.1	815.9	742.8
Gbe1	502.9	933.8	785.7	896.5	409.7	855.3	827.1	778.4	329.6	428.7	323.1	548.5	541.9	705	825.8	818.7	768.1	951.7	838.2	500.2	458.3	437.7	1049.4	1005.5
Zbtb20	5476.2	5507.4	4948.6	6788.7	4782.5	4313.8	3200.6	4007.6	1861.7	2471.2	2389.4	2269	3410.1	2448	2427.9	2405.4	3807.7	3444.3	3074.6	2198.3	499.7	485.5	40.3	49.2
Usp7	3716.6	4848.1	4064.8	3829.6	4139	3652	3825.9	4713.6	3878.6	3960	4152	4311.6	5354.2	4191	4024.1	3628.9	3990.6	4147.2	3854.6	5757.3	2533.5	2445.3	1635.2	1542.6
Pmm2	180.6	324.2	242.8	356.4	341	465.4	143.8	295.7	329.6	253.1	190.7	262.1	353.5	264.1	155.8	314.7	225.3	234.3	380.5	292.4	772.6	847.2	889.7	868.4
Dgcr8	602.6	1142.3	609.2	919.4	1074.6	917.1	847.1	1166.2	1625.6	1196.2	1791.8	1445.8	1079.8	1137.8	1045.7	1248.8	1140	1073.9	1555.1	745.1	585.6	560.6	467.7	538.4
Trmt2a	338.1	185.9	393.9	185.8	252.4	124.9	207.8	230.1	368.7	234.1	459.2	222.8	150.8	494.4	269.4	284.4	214.4	391.4	296	380.9	1544.5	1593.4	2352.4	2101
Arl6	371.7	132.5	116.5	151.1	273.8	189.5	94.9	102.8	91.4	159.2	62.1	97.5	34.3	223.7	259.2	171	136.9	72.8	77.3	182.1	156	134.7	134.2	183.1
Crybg3	133.3	152.2	92.5	100	140.9	6.9	47	53.9	48.3	64	103.2	112.7	20.7	134.2	29.1	101.2	115.1	0	112.9	166.7	160.7	140.9	72.5	52.4
Mina	890.3	463.2	478.6	646.6	817.9	1132.7	787.2	516	842	405.5	830.9	508.2	886.7	630.9	901.5	515.1	545.2	982.2	756.2	625.9	578.5	606.8	605.9	576.5
Cpox	761.2	850.3	1444.3	1157.4	930.2	881.4	1176.8	1178.9	748.6	1389.4	1144.2	507.3	651.2	583.9	1111.2	733.7	551.2	867.3	548.1	1065.8	672.4	699.2	1250.7	1091
Cldnd1	723.4	1058.2	1646.2	1600.7	1111.8	1484.1	1828.1	1627.3	1369.9	1750	621.5	400.8	780.5	710.8	1507.4	659.8	1229.7	1383.8	730	633.6	1230.2	1342.8	1615	1501.2
St3gal6	305.5	234.9	355.1	490.1	26.5	211.4	189.8	179.2	83.2	27.2	98	68.9	1.6	84.4	40.8	53.6	199.9	75.7	193.8	164.2	550.6	495.6	0	0
Cmss1	159.6	198.3	130.6	318.4	375.4	245.8	351.6	280	776.3	258.6	252	233.5	261.8	296.4	219.9	174.1	622.7	208.1	255.6	286	296	311.6	395.9	363.7
Tbc1d23	446.2	165.4	401	503.1	281.7	271.8	557.4	179.2	220.8	289.9	227.3	347.1	313.6	240.6	273.8	302.6	455.5	312.9	413.8	255.2	206.1	183.2	189.9	199.3
Klhl22	409.5	415.7	681.9	691.2	390.4	303.4	767.2	616.9	521.7	1053.3	1161.4	911.7	357.5	330.1	777.7	488.8	135.7	406	521.9	361.7	502.9	549.7	619.3	621.2
Nit2	421	306.6	247.8	231.5	240.2	483.3	226.8	352.5	498	315.7	193.7	163.7	119.7	175.3	302.9	323.8	510	256.1	359.1	318.1	304.8	287.4	467	445.2
Tomm70a	2241.5	2476.4	2338.1	2208.2	2536.7	1547.3	2408.4	2681.9	2262.2	2641.3	3103.5	3402.6	2329.6	2698.1	2473	2921.5	2169.8	2348.6	1901.1	2710	2278.9	2230	3915.8	3630.7
Adgrg7	12.6	46.8	70.6	43.5	62.2	148.3	115.9	100.9	61.6	40.8	62.1	8.1	121.3	74.8	4.4	69.8	10.9	59.7	49.9	20.5	23.9	27.4	81.2	97.1
Slc7a4	409.5	244.4	289.4	205.4	157.3	155.1	389.6	220.3	192	209.6	196.7	183.4	165.2	152.6	53.9	53.6	67.8	116.4	116.5	78.2	59.7	52.5	185.9	185.1
Tfg	804.2	701.1	971.4	934.6	1098.2	443.5	821.1	994.8	802	986.6	977.4	712.2	1166.8	856.1	1379.2	639.6	831.1	720.3	872.7	1101.7	1375.8	1301.3	2027.7	1976.8
Thap7	152.2	88.5	61.4	45.6	27.2	59	32	71.5	159.2	39.5	13.5	37.6	136.5	118.1	129.6	47.6	53.3	50.9	27.3	162.9	437.6	411.9	623.3	568.8
Lztr1	643.6	514.4	312.7	172.8	258.1	314.4	447.5	220.3	353.2	179.6	121.9	229	365.5	123.2	246.1	253	410.7	120.8	338.8	257.8	539.5	542.6	720	925.3
Ncam2	50.4	139	32.5	169.5	0	0	0	0	0	0	0	0	0	0	0	0	0	0	0	0	0	0	0	0
Snap29	412.6	272.2	326.8	254.3	466.2	685.1	369.6	403.4	375.8	348.4	506.3	621.8	202.7	324.2	368.5	284.4	450.7	555.9	348.4	309.1	604.7	557.5	307.3	355.2
Sdf2l1	56.7	58.5	72.7	46.7	286.7	168.9	187.8	236	362.5	334.8	249.8	156.6	182	396.9	292.7	405.8	77.5	66.9	84.4	250.1	1811.8	1965.3	7939	7405.1
Dlg1	971.1	1220.6	1523.4	880.2	1012.4	1146.4	1340.6	1123.1	1705.7	1109.1	1189.8	1113.9	1253.8	652.2	937.9	1065.6	1521.6	852.7	1023.7	856.7	448.8	494.1	330.8	213.5
Ppil2	543.8	676.2	331.8	574.9	735	406.4	423.6	447.5	687	694	475.6	914.4	589.8	465.1	480.6	493.8	546.4	407.4	516	475.8	1525.4	1439.9	1696.2	1851.9
Senp5	103.9	295.6	161.7	301	243.1	142.8	81.9	148.8	336.8	147	293.2	294.4	169.2	289.8	190.8	308.6	233.8	176.1	303.2	200.1	292.8	249.8	234.8	273.1
Ypel1	130.2	108.3	112.2	56.5	96.5	114	137.9	103.8	105.8	51.7	125.6	171.8	188.3	125.4	144.2	150.8	355	372.5	271.1	200.1	161.5	193.4	20.8	14.2
Ncbp2	608.9	1022.3	1013.7	866.1	1344.9	1600.8	1918	1303.2	1578.3	1641.1	909.4	715.8	1199.5	1690.9	1436	1191.1	1285.4	1104.5	992.8	927.3	807.6	766.6	1431.9	1401.6
Top3b	296.1	324.9	311.3	411.9	367.5	304.8	274.7	349.6	169.4	450.4	486.8	616.4	431	722.6	425.3	492.8	365.9	240.1	384	296.3	1381.3	1419.6	1776.1	1940.6
Pak2	2179.6	2278.8	2847	3353.6	2468.8	2371.1	3405.4	2998.1	2784.9	2884.9	3188.8	2069.4	2715.8	2891.1	2905.6	2965	2860.3	3453.1	3173.3	2890.8	2365.6	2250.3	2679.9	2293.9
Wdr53	228.9	89.3	105.2	253.2	5	195	157.8	95	146.8	129.3	117.4	138.7	110.1	186.3	185	74.9	206	139.7	237.8	209.1	128.1	123.7	240.9	206.4
Fgd4	220.5	402.5	242.8	559.7	256	376.2	255.7	156.7	144.8	166	150.3	35.8	398.2	348.5	345.2	279.3	474.9	342	450.6	310.4	58.1	52.5	423.4	451
Dnm1l	1070.9	1645.8	1008.1	1690.9	1211.9	988.5	1100.8	1128.9	906.7	1056	1619.8	1694.6	1325.6	1075.4	846.2	1429.9	1183.6	1105.9	1375.6	1035	959.6	919.2	963.5	1026.9
Tnk2	292.9	219.5	232.3	486.8	168.7	181.2	579.4	404.4	507.3	713.1	751.6	567.2	242.6	183.4	300	295.5	7.3	55.3	89.2	406.6	141.6	165.2	38.9	34.3
Yars2	127	204.9	201.2	176	224.5	251.2	198.8	142	350.2	272.2	210.1	144	238.6	220.1	361.2	86	118.7	138.2	294.9	227	474.2	492.5	952.8	1025.6
B4galt4	494.5	243	397.4	291.2	286	175.7	335.6	308.4	122.2	85.7	50.1	25.1	229	124	265.1	108.3	179.3	164.4	196.2	282.2	249.9	254.5	1409.7	1309.7
Tfrc	339.1	429.6	524.5	215.2	754.3	248.5	1408.5	809.7	819.5	894.1	822.6	638.8	622.5	1030.7	873.9	594	862.6	542.8	851.3	1095.3	2099.1	2104.7	2429.6	2632.9
Arhgap31	511.3	495.4	254.1	309.7	201.6	245.8	154.8	266.3	281.4	108.9	178	39.4	205.1	66.8	106.3	110.3	71.5	49.5	40.4	137.2	103.4	95.5	240.9	256.9
Fyttd1	679.3	985.7	1043.4	1304.1	1194	792.2	912	948.8	1022.8	1239.7	639.4	570.8	608.1	963.2	993.3	773.1	826.2	1372.2	870.3	1067.1	905.5	921.6	1257.4	1447.5
Lrch3	802.1	679.8	861.9	568.4	618.5	873.2	598.4	625.7	744.5	555.2	264.7	261.3	871.5	351.4	415.1	449.3	461.6	635.9	614.7	452.7	596	609.2	284.5	295.7
Osbpl11	194.2	376.1	375.6	384.7	347.5	285.6	328.7	303.5	434.4	300.7	471.9	309.6	415.8	142.3	330.6	350.1	421.6	504.9	428	363	750.3	651.5	479.7	571.4
Snx4	1474	1098.4	1346.2	1525.7	1387.8	1179.4	1084.9	1482.4	1312.4	1027.4	987.2	1475.4	1818.8	1305.8	1819.1	1375.2	1092.8	1605	1393.4	1206.9	1285.9	1274.7	2145.8	2114.6
Zfp148	1530.7	1951.7	1433	1996.3	1096.8	2351.8	1303.6	1496.1	1459.2	1781.3	1904.8	1120.2	1043.1	1693.1	1310.8	1489.6	1877.8	1724.4	1719.2	1457	1112.4	1112.6	1107.8	1059.9
Gsk3b	1803.7	2671.8	2094.5	1928.9	2698.3	2093.7	1191.7	2174.7	2630.9	1995	2056.6	2286.9	3116.4	2262.4	2065.2	2254.6	2115.2	2501.4	1773.9	1963.6	537.1	660.9	390.5	403.8
Umps	304.5	524.7	680.5	339.1	1032.4	869.1	969	1083.9	1432.5	832.8	1180.1	1691.9	1594.5	735.8	1026.8	1365.1	879.5	643.2	1061.7	1255.6	2188.2	2320.8	5071.9	4832.3
Fstl1	928.1	848.9	792.8	479.2	460.4	337.7	745.2	388.7	99.6	127.9	89.7	117.2	75.8	85.1	97.6	67.8	104.2	218.3	67.8	112.9	10.3	11	26.8	2.6
Itgb5	46.2	8.8	27.5	2.2	0	31.6	1	8.8	12.3	0	46.4	0	171.6	0.7	37.9	38.5	316.2	512.2	262.8	150.1	132.1	132.3	373.7	501.5
Ndufb4	999.5	774.2	748.3	809.6	487.6	661.8	1060.9	634.5	856.4	802.9	1041	736.3	803.7	1093	770.4	1038.3	898.9	535.5	800.2	1405.7	66.8	63.4	80.5	73.8
Abcc5	990	666.7	811.8	902	560.5	792.2	762.2	760.8	675.7	983.9	1215.2	725.6	600.9	512.8	455.9	543.4	542.7	455.5	722.9	597.7	237.1	217.7	216.1	223.9
Muc13	2240.5	2039.5	2428.4	1836.5	3501.2	3112.4	2627.2	3359.4	4423.8	4560.1	5113.7	5178.5	4343.1	3789	3588.6	4079.2	1591.9	1212.1	994	1633.9	126.5	122.1	648.8	693.7
Rabl3	93.4	161.7	178.6	76.1	309.6	134.5	130.9	179.2	139.7	166	131.6	178	75.8	198.1	151.5	72.9	226.5	219.7	105.8	88.5	302.4	268.6	344.9	487.2
Gtf2e1	354.9	286.1	342.4	291.2	479.7	286.9	408.6	332.9	468.3	518.5	244.5	257.7	554.7	514.2	720.9	378.5	408.3	308.5	341.2	451.5	444.8	454.9	640.1	764.2
Hcls1	1779.6	1708	3106.8	2227.8	1480.7	1550	2534.3	2120.8	1535.2	1456.1	1850.9	3620.9	2553.8	1356.4	1696.7	2322.4	2513.8	1861.1	2521.8	1596.7	2177	2150.1	617.3	662.6
Ccdc14	138.6	203.4	378.4	329.3	346.8	78.3	403.6	372.1	373.8	408.2	154.1	83.2	457.3	154.1	185	185.2	388.9	243	357.9	101.3	93.1	135.5	222.8	153.4
Mylk	1085.6	1487	1476.8	1579	540.5	359.7	594.4	479.8	203.3	136.1	323.1	563.7	204.3	292.7	257.8	151.8	258	493.3	284.2	248.8	87.5	59.5	4	8.4
Iqcb1	273	314.7	213.9	290.2	188	319.9	83.9	151.8	250.6	61.2	79.3	117.2	128.5	82.9	182.1	93.1	105.4	85.9	152.2	77	243.5	222.4	89.2	84.1
Ap2m1	628.9	806.4	947.4	1157.4	860.8	642.5	800.2	959.6	779.4	1271	1109.1	1321.5	807.6	707.9	900.1	896.6	414.3	1120.5	1013	902.9	623.8	622.5	675.7	702.7
Ece2	133.3	120	156	201	102.2	87.9	192.8	197.8	186.9	284.4	284.9	204	215.5	220.1	333.5	270.2	260.5	232.8	185.5	152.6	223.6	223.9	566.3	425.1
Pdia5	48.3	118.5	180	80.4	188	270.5	235.8	110.6	140.7	93.9	244.5	51	150.8	340.4	201	207.5	139.3	53.8	142.7	188.5	432.9	335.1	613.9	701.4
Dirc2	153.3	178.6	233	397.7	155.1	81	70.9	95	31.8	225.9	104.7	207.6	191.5	275.1	145.6	275.3	220.5	350.7	303.2	271.9	2092.7	1992	1433.9	1433.9
Hspbap1	29.4	11.7	0	0	11.4	11	96.9	16.6	10.3	17.7	52.3	18.8	0	23.5	17.5	22.3	9.7	23.3	9.5	61.6	140.8	158.9	202.6	175.4
Ehhadh	26.2	3.7	28.2	4.3	10	42.6	9	11.7	54.4	46.3	6	0	11.2	28.6	5.8	1	3.6	2.9	2.4	44.9	85.1	59.5	64.4	98.4
Senp2	290.8	678.4	364.3	456.4	670.6	262.2	452.5	587.5	507.3	357.9	694	748	524.3	742.4	410.7	434.1	519.7	752.3	626.6	537.4	615.1	613.1	1041.4	1052.8
Tmem41a	687.7	720.1	1259.4	1165	712.8	556	1101.8	1370.8	789.7	1170.3	1346.1	1792.1	408.6	564.1	1185.5	1273	616.6	1135	825.1	929.8	294.4	269.4	462.3	383.7
Tra2b	4991.2	4837.8	4123.4	4967.4	5501.7	6338.8	5046.7	5093.5	6089.4	5904.6	4804.1	4994.2	6528.2	4596.6	5658.2	4679.3	5142.7	4960.6	4759.3	5523.9	1332.8	1252.8	2380	2506.8
Dgkg	655.1	904.5	566.9	866.1	602	906.1	496.5	628.6	448.7	341.6	703.7	669.2	367.1	271.4	278.2	504	379.2	456.9	531.5	297.5	48.5	50.9	245.6	190.9
Btg3	108.1	221	175.8	105.4	242.4	89.2	102.9	119.5	196.1	119.8	96.5	168.2	51.9	58	132.5	146.7	26.7	311.4	141.5	186	15.9	18	14.8	8.4
D16Ertd472e	259.3	404.7	612	540.1	488.3	433.8	505.5	430.8	331.7	302.1	480.9	438.4	654.4	428.4	646.7	449.3	783.8	883.3	917.9	591.2	601.6	615.4	894.4	716.3
Usp25	1323.9	2119.3	1531.9	1576.8	1482.9	1253.5	1580.3	1635.2	1865.9	1662.9	1236.2	955.5	1514.7	2065.8	1804.5	1059.5	2116.5	1915	1336.4	1612.1	1967	1954.4	1826.4	2081
Samsn1	4370.7	3931.9	3758.4	3081.9	2681.9	3528.4	4038.7	3586.6	2684.3	4067.5	2936.8	2614.3	3549.8	2503	3773.6	3886.9	5125.8	5932.7	5886.5	4640.2	1208.7	1263	582.4	535.8
Rfc4	101.8	282.5	105.9	118.5	342.5	265	99.9	184.1	466.2	438.2	259.5	313.1	80.6	447.5	330.6	258	436.1	235.7	224.7	257.8	1048.7	993.6	1262.8	1235.3
Eif4a2	8775	5593.8	5979.3	4203.4	5023.4	5299.5	6458.2	3980.2	3570.5	3342.2	2353.5	946.6	4355	3338.5	4130.4	2378.1	4213.5	3483.6	2974.7	1725	730.5	652.2	290.5	330
St6gal1	17.8	27.8	11.3	0	0	0	65.9	34.3	0	42.2	15	0	0	0	5.8	6.1	33.9	24.7	3.6	12.8	1311.3	1205	16.8	12.9
Mrpl39	575.3	313.2	421.4	247.8	260.3	282.8	224.8	239.9	388.2	415	191.4	269.3	166	458.5	256.3	204.4	418	400.2	404.2	547.6	634.2	679.6	905.1	842.5
Atp5j	2314	2455.9	2299.2	2185.4	3592	3160.5	2952.9	2081.6	3556.1	2577.4	2613	2039.9	2683.9	3347.3	3546.4	2058.3	3447.9	3060.2	2634.7	2511.2	1462.5	1412.5	2363.2	2132.7
App	1178	1218.4	1116.8	928.1	1131.8	771.6	891.1	1173	381	413.7	335	431.2	643.2	773.2	514.1	395.7	184.1	221.2	148.6	424.5	220.4	188.7	2363.2	2591.5
Ets2	199.5	197.6	384	338	262.4	429.7	226.8	186	185.9	152.4	178	312.3	95.8	118.8	208.3	84	98.1	96	234.2	137.2	241.9	215.3	279.8	439.4
Dyrk1a	960.6	851.1	1075.8	1429	806.5	1106.6	1672.2	1084.9	848.2	1182.5	1545	1792.1	1154.8	1297	1111.2	1364.1	930.4	1364.9	1286.4	1104.3	1015.3	879.3	536.8	588.8
Dscr3	257.2	215.1	188.5	272.8	199.5	319.9	171.8	272.2	156.1	125.2	191.4	143.2	320	223	314.6	293.5	174.5	277.9	362.6	223.2	755.1	787.7	1271.5	1301.9
Slc15a2	341.2	388.6	246.4	991.1	188	770.2	254.7	595.3	287.5	273.5	212.4	120.8	162.8	387.3	257.8	125.5	590	500.6	208.1	271.9	18.3	26.6	0	0
Cd86	72.4	85.6	93.9	35.9	143.7	42.6	60.9	55.8	17.5	40.8	25.4	0	58.3	63.8	33.5	35.4	53.3	126.6	174.8	42.3	103.4	80.6	22.1	29.8
Kpna1	608.9	583.2	554.2	822.6	963.8	766.1	526.4	758.8	917	1190.7	1185.3	768.5	939.3	973.5	667	530.3	596	785.8	771.6	665.6	1252.4	1215.2	1847.2	1957.4
Parp9	568	494.7	683.3	618.3	612	738.6	842.1	478.8	218.7	668.2	222.9	173.6	309.6	620.6	278.2	222.6	689.3	638.8	473.2	573.3	764.7	639.7	455.6	585.6
Arl13b	509.2	446.4	246.4	382.5	296.7	369.3	224.8	272.2	487.8	225.9	155.6	23.3	286.5	161.4	209.7	266.1	290.8	61.1	189	230.9	124.1	142.5	83.9	165.7
Pros1	193.2	121.5	179.3	189.1	85.1	96.1	138.9	61.7	251.6	35.4	93.5	239.8	0	30.1	32	31.4	46	27.6	7.1	65.4	40.6	47.8	293.2	384.4
Psmg1	583.7	399.6	581	499.9	646.3	534.1	763.2	598.3	728.1	752.5	442	397.2	680.8	647.8	668.5	597.1	260.5	480.2	346	615.6	650.9	624.1	1295	1198.4
Brwd1	1656.7	1116.7	1094.9	1165	1334.1	1024.2	748.2	944.9	998.1	996.1	1025.3	506.4	788.5	1303.6	1013.7	1120.2	1167.9	854.2	1372	1245.3	556.2	659.3	479.1	583
Pigp	770.6	998.9	988.3	896.5	927.3	513.5	1192.7	768.6	420	473.6	572.8	447.4	693.5	608.1	388.9	500.9	1063.7	1040.4	709.8	395	133.7	153.5	128.8	135.9
Ripply3	68.2	209.3	81.2	172.8	12.9	33	184.8	60.7	0	15	0	0	0	0	10.2	0	21.8	20.4	7.1	0	0.8	2.3	0	0
Chaf1b	300.3	299.3	223.1	177.1	451.1	318.5	322.7	218.3	521.7	396	248.3	352.5	297.7	410.1	460.2	308.6	315	443.8	154.6	292.4	1488	1551.1	1566.1	1548.4
Dopey2	76.6	158.8	129.2	161.9	162.3	54.9	81.9	161.6	158.1	72.1	56.1	103.8	13.6	49.9	4.4	77.9	86	241.6	137.9	84.6	223.6	265.4	53	56.3
Cbr3	180.6	70.3	95.3	5.4	22.9	13.7	112.9	18.6	0	21.8	12.7	27.7	35.1	57.2	7.3	22.3	9.7	62.6	4.8	15.4	5.6	5.5	31.5	18.8
Setd4	136.5	55.6	144.7	67.4	83.7	39.8	95.9	61.7	85.2	102.1	157	131.5	43.9	81.4	33.5	73.9	107.8	164.4	154.6	88.5	97.1	104.1	49.7	44.6
Rcan1	60.9	8	100.2	58.7	152.3	179.9	30	145.9	202.3	115.7	74	93.9	119.7	0.7	166	108.3	163.5	93.1	91.5	59	253.8	265.4	350.9	375.9
Runx1	2509.2	2838.6	2028.1	2356	3253.9	2778.8	2504.3	2265.7	3070.4	3007.4	2130.6	1928.1	2580.1	2735.5	2739.5	1899.4	2295.8	1478.4	2077.1	1721.2	1884.2	1975.5	1635.2	1679.8
Atp5o	1806.9	802.8	1695.7	1146.5	1637.3	1679.1	1229.7	1308.1	2080.5	2014	2047.6	2303	1820.4	1926.4	2002.6	1375.2	1491.3	1247.1	1702.6	2910.1	1645.5	1578.5	2517.5	2027.3
Itsn1	4782.2	3085.2	4359.8	4236	1429.2	2283.2	2316.5	2122.8	402.5	453.2	491.3	381.1	502	504	656.8	504	271.4	312.9	310.3	314.2	528.3	528.5	93.9	128.8
Donson	70.3	67.3	110.8	75	124.4	57.7	120.9	94	149.9	223.2	233.3	202.2	38.3	89.5	90.3	169	69.1	117.9	165.3	162.9	463.9	413.4	392.5	372.7
Son	8056.8	8406	6879.3	7325.5	7465.1	8074.2	7097.5	6914.7	7317.6	6721.1	7898	6097.4	8153	7633.7	6561.2	7057.4	8315.6	5899.2	7447.5	5345.6	2581.3	2447.7	2032.4	1677.9
Gart	1111.8	775	1073	1304.1	1402.1	1596.7	1211.7	1389.4	2297.1	1814	1497.2	1512.9	1893	1875.8	1717.1	1680.9	1438	1693.8	1557.5	1817.3	3634	3496.1	6199.8	5987.3
Tmem50b	450.4	245.9	233.7	461.9	201.6	138.7	236.7	288.8	369.7	107.5	176.5	130.6	367.9	203.2	259.2	217.6	232.6	144.1	240.2	280.9	780.6	790	2416.2	2499
Ifngr2	82.9	109	125	193.4	77.2	190.8	141.8	122.4	38	61.2	38.9	99.3	415	303	148.6	70.8	232.6	78.6	208.1	221.9	674	794.7	1397	1293.5
Ifnar1	105	326.4	267.5	276	210.9	245.8	192.8	276.1	190	96.6	145.8	162.8	347.2	234.7	158.7	424	239.9	251.7	202.1	323.2	1995.6	1869.8	944.7	1144
Il10rb	405.3	210.8	212.5	221.7	250.2	310.3	269.7	199.7	331.7	318.4	195.9	358.8	669.6	380.7	450	417.9	609.4	605.3	636.1	601.5	876.1	862.1	543.5	575.2
Ifnar2	770.6	505.7	821.7	659.6	742.9	785.3	717.2	765.7	975.5	760.7	547.4	443.8	841.2	1170.1	777.7	956.3	1948.1	1580.3	1633.6	1576.2	2683.1	2652	2032.4	2047.3
1110004E09Rik	254.1	444.2	153.9	193.4	371.8	155.1	275.7	329	457	202.8	313.3	347.1	142.1	256	246.1	280.3	162.3	192.1	234.2	454	366	395.4	451.6	491.8
Synj1	1296.6	906	1122.4	1243.2	672.8	855.3	1069.9	1122.1	1141.9	1129.5	1302	962.7	1414.2	744.6	903	800.5	995.8	1105.9	1167.5	901.6	356.5	375.8	405.9	396.7
Paxbp1	1988.5	1512.6	1565.8	1569.2	1628.7	1401.8	890.1	1605.8	971.4	1423.4	1376.8	1268.7	1509.9	1115.8	1315.1	1647.5	1590.7	1356.2	1515.9	1187.6	327	367.2	346.2	359.1
Mis18a	816.8	766.2	1488.1	1318.2	1013.1	1075	1424.5	1608.7	1421.2	2131	2524.7	2588.4	1173.2	1158.3	1921	1947	1562.8	1765.1	2118.7	1716	912.7	966.2	796.4	759.7
Sod1	6264.7	4930	5383.5	5179.3	5866.4	5766.3	4859.9	4588.2	6562.8	5350.7	6298.3	9981.3	5707.8	6192.2	4260	6034.3	4992.5	5203.6	5073.2	6049.7	297.6	300.7	312.7	328.7
Scaf4	1112.9	1140.1	475.8	487.9	1008.8	762	541.4	638.4	1319.5	494	696.2	537.7	439.7	1104	556.4	666.9	747.5	704.3	713.4	573.3	1529.3	1425.8	817.3	1040.5
Kansl2	510.2	376.9	478.6	512.9	705.7	637	763.2	831.3	760.9	865.5	1041.7	1328.6	470.1	314	665.6	1163.7	734.2	774.1	871.5	632.3	338.2	324.2	341.5	383.1
Adcy6	556.4	362.2	360.7	336.9	256.7	392.7	301.7	200.7	588.4	363.3	320.1	177.2	348	132.8	167.5	63.8	174.5	167.3	146.2	65.4	41.4	21.1	0	10.4
Enah	105	203.4	210.4	171.7	124.4	167.5	30	114.6	0	17.7	12.7	56.4	42.3	44.7	80.1	39.5	0	4.4	0	26.9	1.6	2.3	10.1	5.8
Lmbr1l	34.6	71	88.9	100	87.9	24.7	57.9	50.9	93.4	69.4	112.2	70.7	64.6	99	56.8	163.9	83.6	106.2	128.4	59	224.4	205.9	54.3	39.5
Tuba1b	8740.3	9396.1	6289.9	6463.8	13691.1	14159.1	9937.5	7589.3	20348.8	12164.3	11830.1	18468.4	15819.3	17961.8	9446.3	10775.3	18083.7	10765.2	9729.1	11000.3	3953.8	4011.3	3031.5	2942.9
Prpf40b	176.4	181.5	170.1	254.3	188.8	240.3	200.8	168.4	55.5	76.2	188.5	96.6	328.8	77	107.8	110.3	64.2	20.4	117.7	83.4	97.1	114.3	53.7	84.8
Fmnl3	112.3	74.6	104.5	218.4	108.7	149.6	197.8	212.5	113	91.2	179.5	120.8	201.1	102	125.3	144.7	170.8	366.7	247.3	243.7	685.1	668.7	589.1	535.1
Nckap5l	34.6	82.7	12.7	17.4	62.2	13.7	27	46	0	38.1	1.5	0	53.5	46.9	51	11.1	48.5	43.7	38	56.4	148	148.8	28.9	49.8
Tmbim6	3148.6	2741.3	4919.7	4020.8	3101.6	3112.4	4215.5	3850	3631.1	4324.7	3839.4	3737.2	3093.3	3864.5	3796.9	4879.6	3040.8	3712.1	3858.1	3821.9	2035.4	2012.3	2163.2	2222
Racgap1	205.8	148.6	466.6	784.6	1195.4	1191.7	1356.6	1040.8	1964.4	1973.2	2808.1	2232.3	935.3	1131.9	876.8	1955.1	1488.9	1759.3	1823.8	1371	3661	3841.4	2165.9	2152.8
Smarcd1	349.6	508.6	488.5	574.9	457.6	613.7	394.6	471	607.9	420.5	579.6	617.3	724.6	636.8	313.1	661.8	615.4	759.6	731.2	489.9	1192.8	1262.2	350.3	366.9
Cox14	1136	971.8	1707.7	1353	1213.3	880.1	1241.7	1040.8	915	1309.1	1907	2023.8	936.1	1014.5	1339.9	1905.5	992.2	1136.5	1647.9	1363.3	616.7	623.3	612.6	485.9
Cers5	1232.6	952.8	649.5	699.8	823.7	864.9	645.3	370.1	677.7	337.5	517.5	286.3	494	685.9	524.3	625.4	812.9	502	713.4	380.9	742.4	720.4	698.5	740.2
Lima1	327.6	431	429.2	216.3	277.4	226.5	155.8	220.3	228	122.5	65.8	196.8	104.5	55.8	71.4	79.9	78.7	66.9	67.8	84.6	39.8	56.4	31.5	129.4
Larp4	653	640.3	770.2	792.2	1496.4	1228.8	1002.9	1212.2	1028.9	1081.8	638.7	465.2	890.6	1279.4	1109.8	708.4	1155.7	1376.6	746.7	1162	1163.3	1168.2	1539.2	1648.1
Dip2b	562.7	354.9	481.4	283.6	347.5	461.3	516.5	318.2	459	298	400.1	472.4	831.6	390.3	498.1	393.7	507.6	842.5	455.4	483.5	922.2	861.3	545.5	413.5
Atf1	970.1	972.5	876.1	746.6	775.7	921.2	1142.8	851.8	1592.7	820.6	579.6	697	534.7	1046.8	1163.7	656.8	834.7	893.5	882.2	504	561.8	546.5	768.9	709.8
Slc11a2	183.7	176.4	208.3	153.2	86.5	215.6	257.7	307.4	484.7	538.9	539.2	561.9	124.5	356.5	253.4	224.7	26.7	69.8	197.4	177	307.9	268.6	540.8	503.4
Cela1	140.7	76.1	112.2	86.9	84.4	90.6	71.9	87.1	116	38.1	199.7	170.9	39.1	162.9	62.6	278.3	117.5	55.3	198.6	85.9	15.9	22.7	23.5	22.6
Slc4a8	0	0	0	6.5	12.9	0	26	10.8	0	12.2	35.9	0.9	27.9	58	55.3	82	40	37.8	41.6	61.6	104.2	98.7	387.2	322.9
Nr4a1	95.5	182.2	155.3	159.7	58.6	76.9	90.9	106.7	24.6	83	53.1	15.2	69.4	0	35	51.6	2.4	68.4	25	71.8	566.5	520.7	17.4	12.9
Krt18	932.3	782.3	565.5	272.8	261.7	155.1	292.7	168.4	96.5	220.5	111.4	175.4	221.1	202.5	160.2	82	130.8	69.8	123.7	91.1	23.1	27.4	336.2	311.2
Csad	2799	1794.3	2154.5	2308.2	895.2	1351	957	1335.5	585.3	457.2	589.3	730.1	917	663.2	878.2	800.5	806.8	1057.9	1060.5	974.7	298.4	328.9	190.6	212.9
Prr13	2338.1	2131.7	1757.8	2015.9	1820.3	1577.5	1739.2	1659.6	1597.8	1276.4	1506.9	1711.6	2068.6	1887.5	2095.8	1628.2	1451.4	1268.9	1212.7	1294.1	1883.4	1908.2	1397	1415.1
Map3k12	92.4	187.3	68.5	65.2	37.2	98.9	14	59.7	19.5	80.3	53.8	1.8	38.3	0.7	2.9	38.5	12.1	125.1	7.1	50	45.4	32.1	2.7	10.4
Tarbp2	52.5	90	44.5	31.5	120.8	116.7	0	47	0	32.7	108.4	0	113.3	182.7	58.3	57.7	49.7	1.5	78.5	0	162.3	173	169.1	155.3
Calcoco1	220.5	76.8	90.4	129.3	54.3	52.2	86.9	61.7	54.4	47.6	109.2	160.2	116.5	74.8	26.2	93.1	90.9	33.5	84.4	78.2	1289.8	1298.2	110.7	109.4
Rttn	64	164.7	253.4	94.5	152.3	241.6	290.7	150.8	598.7	295.3	81.5	93.9	234.6	446.8	253.4	159.9	266.5	135.3	93.9	79.5	205.3	231.8	246.9	212.2
Cdkn1a	44.1	95.9	41.7	27.2	54.3	43.9	25	41.1	2.1	40.8	118.9	29.5	145.2	139.4	168.9	125.5	152.6	26.2	206.9	237.3	931.8	915.3	172.4	141.1
Nus1	778	1191.3	1176.8	1106.3	670.6	1058.5	994.9	1070.2	910.8	702.2	649.1	850.9	1336.8	747.5	892.8	688.1	815.3	989.5	733.6	613	416.9	399.3	756.9	815.3
Cep89	101.8	97.3	115.8	78.2	228.8	173	0	122.4	128.4	176.9	160.8	146.7	148.4	20.5	96.1	137.6	167.2	279.4	274.6	142.4	365.2	338.3	212	214.8
Mospd1	126	234.2	193.4	116.3	277.4	406.4	334.6	167.4	280.3	303.5	204.2	134.2	118.9	479.8	273.8	244.9	295.6	144.1	223.5	215.5	311.9	307.7	262.4	258.2
Akirin1	417.9	459.6	529.5	441.2	393.2	757.9	681.3	452.4	477.5	895.4	788.2	789.1	503.6	497.4	863.7	535.3	593.6	713	519.6	651.5	654.1	661.6	934.7	916.3
Gtf2ird1	538.6	442.7	682.6	820.5	735	508	543.4	669.7	403.6	741.6	706.7	299.7	671.2	706.4	630.6	915.8	559.7	814.9	743.1	547.6	434.5	440.8	315.4	385
Noct	25.2	62.2	39.5	14.1	55.8	199.1	86.9	81.3	183.8	181	177.2	28.6	35.9	108.6	291.3	130.5	55.7	30.6	82	87.2	163.1	177.7	475.7	634.8
Abcc1	915.5	1183.3	873.9	1053	1178.3	1003.6	882.1	1178.9	1360.6	934.9	817.4	757.8	862.7	828.9	605.9	829.8	858.9	1073.9	795.4	722.1	864.9	804.9	700.5	776.5
Ndufa5	1807.9	1801.7	1247.4	936.7	2440.2	1933.1	1562.3	1381.6	1416.1	1486	1711.1	1130.9	1414.2	2173.6	1203	1576.6	1468.3	1213.6	1394.6	1654.5	388.3	340.6	463	463.3
Fhl1	315	433.2	561.2	386.9	151.6	539.6	596.4	339.8	275.2	132	197.4	186.1	67	3.7	87.4	101.2	133.3	71.3	11.9	50	11.9	16.4	0	0
Msrb2	701.3	431	580.3	399.9	471.9	512.1	343.6	436.7	526.8	257.2	367.9	159.3	254.6	253.8	187.9	293.5	433.7	144.1	253.2	373.2	209.3	230.2	264.4	218.1
Rfc2	1549.6	1618.7	1742.2	1759.4	2523.2	1783.4	2949.9	3121.5	3488.3	3542.2	4740.6	5341.4	2956.8	3648.1	3006.1	4208.7	2895.4	2190	3533.5	3007.5	3581.5	3570.5	4369.4	4107.6
Denr	1624.2	3111.6	1494.5	2168	2552.5	2711.5	2278.6	2117.9	2432.7	3372.1	3063.2	3775.6	3139.6	2895.5	2711.9	2336.6	2711.3	2376.3	2468.2	1453.1	1105.2	1050	1028.6	1004.3
Prmt5	1287.2	1028.2	1212.8	1644.2	1588	1031.1	1424.5	1557.8	1358.6	1664.3	1831.5	1614.9	1453.3	1692.4	1856.9	1936.9	1140	1887.3	1664.5	1970	1807.8	1738.3	2494	2430.4
Sympk	177.4	152.9	118.6	138	268.1	137.3	165.8	124.4	49.3	145.6	204.9	89.5	163.6	291.2	104.9	147.7	189	81.5	126	92.3	677.1	680.4	421.4	453.6
Nagpa	134.4	106.8	169.4	172.8	353.2	293.8	250.7	215.4	406.6	168.7	279.7	469.7	261	460	276.7	288.4	136.9	23.3	161.7	539.9	672.4	669.5	1876.1	2170.9
Wrb	256.2	409.8	540.7	329.3	216.6	108.5	338.6	329	413.8	333.4	264.7	136.9	272.1	203.9	383	186.2	104.2	323	346	202.6	420.1	361	815.9	642.5
Ivns1abp	4540.8	4545.1	4809.5	4206.7	5321.6	5366.8	5802.9	5159.1	5041	5164.3	5316.4	4775.9	6138.7	5254.7	5123.7	4722.8	5853.9	4953.3	5450.1	4553	5164.9	5100.5	8182.6	8793
Rpp14	775.9	785.9	828.1	831.3	1113.2	794.9	537.4	869.5	755.8	888.6	720.2	785.5	1072.6	928.7	892.8	969.5	648.1	676.6	750.2	686.2	564.9	652.2	1036.7	1080.6
Slc38a1	2149.1	2666.6	2583.7	3541.6	2698.3	1964.7	3257.5	3549.4	2613.4	3334	3188.8	3475	3094.1	2492	3674.5	3941.6	2952.4	4573.5	4109	3355.1	4667.6	4701.1	2885.9	3297.5
Gps2	690.8	783.7	618.4	680.3	586.3	687.8	747.2	854.8	650	753.9	643.1	1136.3	860.3	630.1	732.6	561.6	674.8	785.8	606.4	711.8	870.5	857.4	534.1	513.1
Bsg	663.5	752.3	922.7	908.5	944.5	914.4	1120.8	656	1221	802.9	715.7	1076.3	798.1	809.1	626.3	655.7	707.5	1100.1	802.5	387.3	4704.2	4545.3	6796.3	6523.8
Vwa5a	721.3	600.1	652.3	830.2	617.7	520.3	447.5	564	377.9	587.9	472.6	461.7	532.3	679.3	501	431.1	585.1	582.1	469.6	442.5	744	628.8	1246.7	1102
P3h3	960.6	868.6	714.4	664	261.7	461.3	595.4	321.2	77	144.2	156.3	170	199.5	206.9	123.8	144.7	153.9	109.1	126	178.3	22.3	17.2	51.7	35.6
Il15ra	1152.8	874.5	962.9	1246.5	573.4	446.2	903	591.4	389.2	362	261	188.8	340.8	685.9	326.2	407.8	261.7	211	280.6	318.1	39	49.3	210.7	209.7
Ccl25	80.8	312.5	144	147.8	67.9	19.2	186.8	134.1	153	112.9	141.3	76	142.1	151.1	96.1	54.6	128.4	288.1	85.6	64.1	79.6	73.6	68.4	86.1
Kcnk5	822.1	600.1	628.3	474.9	519.8	425.6	337.6	209.5	143.8	179.6	228.8	136	280.9	105.6	81.6	175.1	56.9	88.8	74.9	71.8	296.8	238	20.1	36.2
Parp3	518.6	536.4	264	324.9	301	395.4	195.8	187	215.6	126.6	240.8	85.9	290.5	136.4	250.5	345.1	491.9	267.7	266.3	365.5	344.5	296	199.3	176
Slc26a6	25.2	11.7	7.1	12	7.9	11	5	18.6	0	0	55.3	0	0	5.9	0	91.1	32.7	0	13.1	0	62.1	68.1	84.5	183.8
Acy1	226.8	66.6	175.8	249.9	323.2	159.3	116.9	154.7	165.3	137.4	234.1	259.5	162	113	310.2	236.8	170.8	209.5	263.9	248.8	436	426	712.6	641.9
Creld2	92.4	68.8	74.1	161.9	191.6	189.5	125.9	200.7	327.6	349.7	169	88.6	204.3	191.5	182.1	87	118.7	107.7	165.3	178.3	1285.9	1351.5	2654.4	2654.9
Cd4	28.3	35.9	27.5	48.9	64.3	1.4	35	20.6	0	15	15.7	73.4	12.8	34.5	27.7	23.3	13.3	17.5	60.6	44.9	272.9	306.2	0	45.9
Twf2	359.1	271.5	390.4	231.5	311	211.4	321.7	250.7	208.5	461.3	441.2	329.3	343.2	336	543.2	257	449.5	791.6	518.4	288.6	1628.8	1643.5	3606.5	3225.6
Zfp605	133.3	164.7	62.8	113	50.8	164.8	80.9	120.4	133.5	54.4	96.5	16.1	73.4	100.5	84.5	96.1	134.5	272.1	146.2	106.4	33.4	33.7	28.2	84.1
Ube2j2	884	618.4	833.7	944.4	687.8	856.7	686.3	858.7	712.7	1026.1	881.7	727.4	629.7	1103.3	1312.2	1107.1	903.8	685.4	762.1	828.5	727.3	721.9	938.7	960.3
March5	688.7	505.7	781.5	631.4	770.7	838.9	1150.8	736.3	966.3	911.7	845.1	617.3	770.9	712.3	975.8	854.1	1075.8	912.4	700.3	832.4	962	912.2	1137.3	1041.1
Dtwd1	235.2	185.9	205.4	265.2	277.4	394	381.6	350.5	338.9	372.9	305.1	73.4	548.3	357.3	142.7	284.4	319.8	91.7	372.1	180.8	170.3	184.8	503.2	520.2
Poc1a	14.7	13.2	7.1	14.1	30	82.4	154.8	58.7	77	74.8	67.3	72.5	67.8	50.6	13.1	89.1	101.8	0	93.9	35.9	570.5	499.6	826.6	652.9
Trip6	606.8	921.3	780.1	710.7	508.3	1201.3	467.5	540.5	813.3	394.6	702.2	380.2	555.5	464.4	397.6	558.6	421.6	298.3	442.3	384.8	191.8	200.4	91.9	108.1
Agap3	304.5	298.6	238.6	177.1	168.7	171.6	171.8	218.3	241.3	193.2	234.8	406.2	242.6	330.1	167.5	365.3	373.1	154.2	250.9	194.9	720.9	694.5	613.9	575.2
Tmem176a	1398.5	1272.6	1277	1446.4	1249.1	904.8	1086.8	887.1	741.4	807	723.2	887.5	770.9	813.5	885.5	1024.1	988.6	1046.3	1111.7	1026	549	613.1	531.4	574
Slc17a9	107.1	169	326.1	231.5	309.6	153.8	232.8	127.3	10.3	134.7	115.9	81.4	127.7	118.1	138.4	276.3	88.4	197.9	115.3	132.1	211.7	245.1	277.1	271.8
Pisd	858.8	690.1	891.6	827	750	535.4	689.3	586.5	301.9	387.8	618.5	654.9	615.3	665.4	734	721.5	620.3	432.2	841.8	595.1	377.2	342.2	594.5	597.9
Tpi1	1199	1522.1	2009.1	2028.9	1690.9	2141.8	2863	1940.6	2197.5	2116.1	1993	2088.2	2292	2280	1894.8	2390.2	1673.1	2645.5	2130.6	2648.4	3541.7	3505.5	7455.2	7024.6
Rab12	599.5	925.7	712.3	987.8	969.5	697.5	866.1	639.4	428.2	748.4	821.1	656.7	495.6	1005	569.5	959.3	869.8	926.9	1187.8	643.8	191.8	227.1	195.3	221.9
Pcbp4	33.6	12.4	88.9	31.5	2.9	123.6	32	6.9	10.3	35.4	6	93	84.6	37.4	0	37.4	43.6	32	3.6	23.1	99.5	89.3	41.6	42.7
Cdca3	8.4	133.9	177.2	181.5	328.2	755.1	560.4	329	957.1	744.4	608.7	1054	539.5	545.1	648.1	447.3	634.8	631.5	602.8	637.4	2099.1	2075	1090.3	1185.4
Fam132a	764.3	570.1	948.8	855.2	1101.8	462.7	671.3	791.1	751.7	728	561.6	771.2	659.2	525.2	667	463.5	345.3	419.1	330.5	1160.7	159.9	162.1	369	287.9
Ccndbp1	755.9	555.4	1237.5	895.5	1234	672.7	1243.7	624.7	715.7	898.1	524.2	655.8	713.5	350.7	533	623.4	605.7	1369.3	724.1	527.1	645.3	614.7	351.6	490.5
Ogfod2	395.8	117.1	288	340.1	221.6	112.6	190.8	259.5	251.6	121.1	280.4	205.8	262.6	143	199.5	379.5	187.8	74.2	346	194.9	380.3	428.3	449.6	430.9
Mrps23	478.7	520.3	405.2	501	446.9	389.9	497.5	450.4	790.7	601.5	524.2	1050.4	429.4	630.9	326.2	528.2	588.8	467.1	592.1	561.7	712.2	678.9	1013.8	933.7
Rhebl1	527	407.6	354.4	404.3	479	322.6	358.6	422	498	367.4	515.3	387.4	347.2	319.1	305.8	541.4	348.9	375.4	463.7	347.6	87.5	86.1	67.8	35.6
Sfi1	806.3	625.7	740.5	645.5	465.4	641.2	334.6	387.7	121.2	281.7	278.2	383.8	304.9	417.4	263.6	484.7	456.7	638.8	456.6	406.6	236.3	218.5	136.9	133.9
Pigx	741.2	743.5	1145.7	1224.7	599.9	1077.8	1020.9	935.1	759.9	715.8	871.2	1215.9	839.6	1360.8	1181.2	1507.8	1067.3	1351.8	1656.2	1274.8	578.5	566.1	743.4	714.4
Tiam2	38.8	4.4	0	8.7	0	54.9	0	17.6	0	23.1	20.2	7.2	31.9	30.8	64.1	29.3	72.7	135.3	103.4	2.6	97.9	95.5	202	202.5
Synj2	110.2	119.3	78.4	64.1	42.9	19.2	135.9	81.3	1	32.7	80	65.3	122.1	131.3	97.6	167	176.9	78.6	105.8	83.4	159.9	153.5	148.3	199.3
Rsph3b	51.4	75.4	79.8	150	105.8	96.1	9	108.7	33.9	61.2	68.1	41.2	71.8	66	39.3	77.9	90.9	71.3	74.9	78.2	89.9	86.9	124.8	128.8
Rps6ka2	0	0	23.3	0	106.5	1.4	17	0	134.5	1.4	20.9	0	55.9	0	10.2	34.4	25.4	52.4	7.1	5.1	163.1	187.1	363.7	459.4
Agpat4	404.2	435.4	310.6	424.9	124.4	207.3	67.9	140	26.7	28.6	117.4	161	25.5	122.5	99	134.6	129.6	75.7	161.7	44.9	58.1	62.6	38.9	25.9
Slc22a3	639.4	556.2	852.1	1003	2037	2091	2404.5	2299	3890.9	4756	7683.3	8630.3	2775.7	3211.6	3089.1	5515.1	1280.5	1161.2	2306.6	1245.3	253.8	234.1	330.8	197.4
Igf2r	428.4	840.1	490.6	590.1	395.4	435.2	256.7	324.1	102.7	95.3	61.3	21.5	35.1	0.7	67	113.3	849.2	851.3	749	577.1	417.7	465.1	14.1	7.1
Acat2	545.9	679.8	579.6	918.3	516.2	384.4	843.1	572.8	455.9	496.7	798.7	1057.5	631.3	364.6	378.7	652.7	471.3	346.3	423.3	400.1	441.6	472.9	550.9	528
Lnpep	180.6	171.2	112.9	249.9	444.7	122.2	83.9	135.1	280.3	89.8	195.2	121.7	274.5	144.5	273.8	131.6	308.9	97.5	236.6	92.3	339.8	270.1	267.7	370.1
Chd1	2322.4	2332.9	2098	2438.6	2741.2	2534.4	1840.1	2489.9	2741.8	2060.3	2742.3	1924.5	2358.3	2574.1	2318.6	2434.8	2358.7	3211.5	2493.2	2290.6	1602.5	1610.6	1308.4	1272.1
Mpc1	208.9	142.7	488.5	293.4	444	292.4	435.5	360.3	139.7	342.9	150.3	228.1	309.6	471	158.7	232.7	537.9	414.7	375.7	463	27.1	25.1	43.6	41.4
Pde10a	25.2	55.6	82.6	33.7	42.2	68.6	61.9	55.8	165.3	153.8	124.1	162.8	0	0	0	0	0	0	0	16.7	1.6	3.1	0	11.6
Zfp54	17.8	0	39.5	0	0	39.8	0	27.4	17.5	0	11.2	0	0	16.1	32	0	4.8	59.7	1.2	51.3	72.4	79.1	84.5	122.3
Phf10	1433.1	1549.2	1440.8	1392.1	1504.3	1377.1	1732.2	2237.3	1473.6	2056.2	1948.1	2277	1692.7	1832.5	1964.7	2204	1007.9	1574.5	2035.5	1907.1	445.6	461.2	744.8	731.8
Zfp51	108.1	147.1	178.6	173.9	138	129.1	227.8	188	72.9	161.9	167.5	0	138.9	236.2	151.5	84	103	298.3	179.5	284.7	228.4	212.2	163.7	155.9
Hcfc1r1	275.1	421.5	494.9	446.6	135.8	133.2	285.7	339.8	257.7	430	248.3	243.4	233	37.4	367	357.2	124.8	531.1	405.4	259.1	232.3	230.2	179.8	177.9
Pkmyt1	56.7	87.8	103.8	111.9	254.5	223.8	116.9	240.9	367.6	374.2	553.4	300.6	441.3	380	170.4	348.1	209.6	161.5	325.8	274.5	1055.1	1090.7	866.2	933.1
Paqr4	61.9	52	14.8	59.8	47.9	49.4	5	54.8	86.3	74.8	50.1	7.2	77.4	32.3	35	19.2	19.4	1.5	9.5	25.7	97.1	83	142.2	99
Flywch2	310.8	335.9	169.4	167.4	133	103	52.9	71.5	21.6	10.9	75.5	29.5	65.4	0	74.3	75.9	20.6	52.4	20.2	82.1	12.7	12.5	26.2	22.6
Slc25a27	76.6	60	146.8	263	143	222.4	221.8	116.5	142.7	179.6	77.8	0.9	141.3	170.2	67	155.8	196.3	149.9	133.2	100	2.4	5.5	3.4	7.1
Tnfrsf21	535.4	522.5	704.5	508.6	511.2	546.4	624.3	616.9	568.9	604.2	433	556.5	617.7	834.8	981.6	544.4	364.7	590.8	424.5	660.5	830.7	849.6	2380	2141.8
Cenpq	339.1	478.6	625.5	403.2	572.7	580.8	1060.9	795.1	979.6	1654.7	878	562.8	989.6	725.5	961.2	777.2	575.5	1089.9	777.6	622	475	435.3	595.8	465.9
Mut	722.3	1099.1	984.8	609.6	648.5	1239.8	767.2	1133.8	703.4	1201.6	658.8	741.7	857.1	776.9	723.8	707.4	815.3	896.4	550.5	679.7	542.7	606	1078.3	1031.4
Tbc1d5	744.4	625.7	845.7	764	712.1	657.6	595.4	690.3	601.8	621.9	836.1	1270.5	656	550.2	930.7	1112.1	1090.3	1145.2	1511.1	842.6	1263.6	1107.2	536.1	594
Satb1	378	277.3	470.2	390.1	221.6	278.7	266.7	257.5	167.4	474.9	246	485.8	2144.4	1730.5	1478.3	1637.3	6847.3	6229.5	7101.6	5257.1	2753.1	2798.4	397.2	417.4
Cdc5l	1531.8	2125.1	2007	2176.7	2265.8	1883.7	2166.7	2308.8	2588.8	2678.1	3007.1	3271	2731	2676.8	2448.2	2970.1	2552.6	3290.1	3546.6	2953.7	1148.2	1112.6	854.8	793.3
Aars2	84	44.6	64.2	0	35	13.7	6	67.6	20.5	51.7	86	0	69.4	51.4	48.1	35.4	121.1	0	70.1	91.1	462.3	431.4	479.7	537.1
Mrpl14	328.6	376.1	348.7	266.2	365.4	395.4	311.7	339.8	733.2	548.4	412.8	935.9	294.5	642.6	351	409.8	322.3	136.8	478	451.5	375.6	357.8	589.8	451
Sgol1	300.3	197.6	210.4	227.1	983.8	604.1	272.7	552.2	1348.3	747.1	1066.4	930.5	672.8	801.1	655.4	873.3	1067.3	1098.6	1026.1	487.4	689.1	671.8	540.8	437.4
Slc29a1	413.7	353.5	653.7	574.9	831.5	638.4	487.5	638.4	758.9	655.9	806.9	566.3	711.1	915.5	1109.8	1015	958.3	806.2	1076	1274.8	3358.7	3359.9	1844.5	1911.4
Hsp90ab1	53112.8	45212.7	35674.4	34755.3	40378.3	40685.5	31928.2	36905.6	44938.6	38389.9	40853.1	57194.7	44813	50248.2	43528	44931.8	44951.9	40751.5	46538.8	55223.1	21598.5	22639.7	21675.2	21694.3
Nfkbie	109.2	103.9	72	23.9	132.3	85.1	28	82.2	88.3	59.9	7.5	82.3	13.6	17.6	118	52.6	87.2	32	73.7	101.3	1145.8	1208.2	214	303.5
Vegfa	204.7	269.3	188.5	245.6	213.8	19.2	197.8	154.7	142.7	161.9	142.1	60.8	25.5	13.9	74.3	87	135.7	328.9	114.1	215.5	473.4	498	396.5	386.9
Gtpbp2	1571.7	978.4	895.8	911.8	637.8	796.3	688.3	713.8	752.7	732.1	191.4	35.8	833.2	666.1	473.3	396.7	932.8	998.2	404.2	464.3	287.2	281.1	117.4	90.6
Polh	13.6	47.6	31.8	15.2	32.9	160.6	0	47	0	59.9	62.1	9.8	89.4	60.9	14.6	118.4	12.1	0	32.1	37.2	385.1	345.3	387.8	337.1
Clic5	77.7	174.9	273.9	81.5	136.6	244.4	226.8	77.4	162.2	0	94.2	215.6	394.2	306.6	87.4	268.2	322.3	149.9	288.9	259.1	91.5	75.2	14.1	22
Enpp5	368.5	341.7	376.3	338	153.7	407.8	240.7	239.9	87.3	78.9	127.9	196.8	67	135.7	99	75.9	272.6	142.6	121.3	93.6	132.9	104.1	138.9	165
Enpp4	711.8	1282.8	1108.3	1050.9	946.6	1385.3	748.2	851.8	786.6	616.4	783	1271.4	728.6	645.6	742.8	1100	562.1	823.6	577.8	600.2	274.5	268.6	339.5	420.6
Cyp39a1	11.5	0	0	0	0	13.7	0	0	0	0	0	32.2	0	0	0	0	0	0	0	0	43.8	38.4	140.2	179.2
Fbxl17	296.1	327.1	208.3	200	489	175.7	280.7	295.7	87.3	178.3	234.8	121.7	316	391	368.5	263.1	361	355.1	221.1	373.2	487	524.6	342.2	471.1
Rsph9	87.1	57.1	12	39.1	55.1	11	0	9.8	0	1.4	1.5	0	36.7	24.9	0	0	20.6	49.5	8.3	33.3	184.6	140.9	3.4	0.6
Mrps18a	163.8	168.3	168	100	230.2	60.4	111.9	149.8	270.1	302.1	277.4	233.5	165.2	303.7	180.6	146.7	176.9	240.1	200.9	229.6	861.7	884.8	1023.9	861.9
Rrp36	364.3	210	151.1	285.8	191.6	222.4	194.8	242.8	223.9	257.2	319.3	304.2	298.5	350.7	259.2	136.6	209.6	112	261.6	237.3	501.3	515.2	561.6	471.7
Ptk7	14.7	0	0	8.7	0	0	0	0	0	0	0	0	0	0	0	0	0	0	0	0	81.2	92.4	122.8	95.8
Cnpy3	610	590.6	610.6	682.5	717.8	418.7	456.5	616.9	874.9	537.5	596	944.8	889	1169.3	879.7	800.5	685.7	683.9	913.1	882.4	2213.6	2332.6	3055.6	2835.5
Ubr2	3426.8	3079.4	3058.1	3923	3030.8	2767.8	2547.3	3248.8	2981.1	2660.4	3745.9	4367.9	2950.4	2420.8	2790.5	3370.8	2487.2	2517.4	3447.9	2543.3	1077.4	1088.4	823.3	984.8
Taf8	290.8	304.4	377.7	347.7	333.2	115.3	511.5	309.4	113	356.5	332	118.1	377.5	148.9	189.3	338	255.6	467.1	307.9	115.4	603.9	599.8	463	551.3
Guca1a	226.8	194.7	182.8	195.6	107.2	225.2	115.9	125.3	64.7	80.3	68.8	202.2	44.7	242.1	157.3	106.3	163.5	20.4	132	116.7	20.7	14.9	138.2	106.1
Bysl	153.3	192.5	276	406.4	177.3	162	311.7	322.1	457	304.8	427.8	501.9	431.8	223	393.2	204.4	218.1	160.1	278.2	311.7	721.7	729	1207.1	1090.3
Tfeb	100.8	106.8	119.3	22.8	68.6	82.4	75.9	79.3	39	47.6	112.9	0.9	87.8	93.9	112.1	54.6	42.4	152.8	39.2	82.1	1264.4	1193.3	354.9	401.8
Foxp4	124.9	76.1	187.8	103.2	159.4	134.5	99.9	114.6	31.8	81.6	66.6	98.4	114.1	54.3	109.2	156.9	65.4	52.4	57.1	143.6	451.2	423.6	93.9	69.9
Trem2	0	0	22.6	0	0	0	0	7.8	0	0	0	0	0	0	0	0	0	2.9	1.2	0	14.3	8.6	74.5	82.8
Treml1	60.9	77.6	116.5	83.7	28.6	141.4	148.8	149.8	247.5	345.6	452.4	368.6	24.7	11	58.3	33.4	0	61.1	1.2	34.6	0.8	0.8	0	7.8
Nfya	299.2	316.1	317.7	181.5	408.3	238.9	468.5	424	416.9	479	537	144	461.3	374.9	330.6	464.5	322.3	589.3	279.4	392.5	116.2	140.9	159.7	99
Tspo2	17.8	0	25.4	0	2.9	0	0	25.5	84.2	64	152.6	126.2	0	80.7	75.7	24.3	0	0	0	84.6	11.9	5.5	11.4	7.1
Brd4	1927.6	2242.2	2110.7	2639.6	2419.5	1934.5	2323.5	2670.1	3021.1	3093.1	2944.3	3297	2534.7	2292.4	2550.2	2578.5	2340.6	2612	2658.5	2576.6	2634.6	2677.1	1607	1674.6
Stk38	1106.6	1197.2	705.9	943.3	1151.8	1151.9	747.2	851.8	1428.4	1058.7	1655.7	1252.6	1087	915.5	760.3	1473.4	1304.8	1021.5	1571.8	973.4	1437.8	1465	883	1089
Ppil1	596.3	443.5	329.7	533.6	405.4	546.4	229.8	483.7	498	508.9	639.4	517.1	462.9	545.1	381.6	521.2	598.5	583.5	475.6	819.5	1761.7	1771.9	1881.4	1769.7
Pi16	0	0	0	0	0	0	0	0	0	0	0	0	0	19.8	11.7	0	3.6	0	17.8	6.4	44.6	30.5	145.6	143
Mtch1	857.8	979.9	984.1	1211.7	840.1	996.7	1120.8	1124	770.2	1133.6	1397.7	1664.1	744.6	771.7	1201.5	1583.7	1060	865.8	1335.2	1609.6	4049.3	4017.6	3163	3320.8
Fgd2	353.8	341.7	189.9	407.5	138.7	267.7	100.9	115.5	155.1	88.5	87.5	0.9	403.8	197.3	116.5	126.5	455.5	518	458.9	573.3	1211.9	1278.6	497.9	783
Pim1	6900.9	8909.5	10223.3	10859.5	10090.5	7159.8	8503	10021.5	5412.7	6778.2	5464.5	4095.9	13938.2	8331.3	11001.8	9058	9203.6	12214.5	10016.9	8374.9	577.7	607.6	157.7	168.2
Ccdc167	17.8	164.7	76.9	224.9	362.5	52.2	193.8	215.4	269	168.7	290.2	246.9	70.2	93.9	246.1	204.4	192.6	219.7	331.7	156.5	85.1	54	18.8	21.4
Glo1	989	794.7	528	515.1	638.5	561.5	517.5	536.6	677.7	481.7	815.9	600.3	829.2	669.8	681.6	598.1	594.8	730.5	632.5	851.6	467.1	443.2	660.9	656.8
Abcg1	896.6	990.8	820.3	706.4	1049.6	974.8	784.2	1065.3	1281.6	918.5	323.8	267.5	862.7	705	892.8	487.8	1173.9	791.6	630.1	817	459.9	478.4	206.7	170.8
Tmprss3	4.2	0	1.4	0	7.1	2.7	0	26.4	17.5	36.7	17.2	16.1	75	78.5	168.9	104.2	112.7	171.7	156.9	165.4	48.5	32.9	0	0
Slc37a1	472.5	515.9	369.2	189.1	253.1	276	181.8	272.2	79.1	119.8	124.1	67.1	367.9	196.6	101.9	134.6	193.8	149.9	71.3	94.9	292.8	254.5	354.3	246.5
Wdr4	484	289.8	547.8	366.2	235.9	291.1	230.8	380.9	222.8	329.3	331.3	707.7	377.5	327.2	416.5	434.1	104.2	318.7	360.3	501.5	812.4	653	1197	950.5
Ndufv3	734.9	799.8	1226.2	985.7	758.6	918.5	1222.7	1162.2	801	1222	1384.3	2167.9	878.7	1012.3	972.9	948.2	961.9	807.6	1079.6	1353.1	728.1	729	932.7	814.7
Sik1	84	261.2	98.1	55.4	173	126.3	56.9	46	52.4	34	65.8	32.2	79	81.4	128.2	60.7	72.7	10.2	25	85.9	1717.9	1789.2	223.4	277.6
Arhgap28	268.8	207.1	271.1	278.2	139.4	278.7	222.8	283.9	2.1	70.8	46.4	103.8	249.8	41.8	179.1	269.2	141.7	23.3	136.7	87.2	12.7	15.7	33.5	34.9
Epb41l3	28.3	32.2	9.2	9.8	22.2	22	3	36.2	47.2	15	8.2	0	245.8	0	94.7	36.4	166	192.1	185.5	78.2	66	52.5	19.5	9.1
Akap8	2403.2	2796.9	2004.9	2101.7	2510.3	1473.2	2594.3	2086.5	2290	2414.1	2371.4	2946.3	1863.5	3084.7	1663.2	1989.5	2005	2249.7	1976	1945.6	1800.7	1923.1	899.8	944.7
Myl12a	1845.7	2206.3	1906.7	1867	3062.2	3613.6	2563.3	2296.1	3822.1	2584.2	2191.2	1426.2	2447.7	3501.4	2633.2	2243.5	2860.3	2855	1995	2590.7	2350.5	2167.3	2707.4	2488
Myom1	176.4	233.4	306.4	301	111.5	65.9	66.9	146.9	128.4	27.2	39.6	90.4	0	0	1.5	0	8.5	5.8	0	71.8	1.6	7	0	0
Wiz	509.2	577.4	549.2	360.8	521.9	396.8	511.5	552.2	707.5	364.7	538.4	523.4	368.7	666.8	691.8	460.4	479.7	378.3	435.2	682.3	803.7	892.6	308.6	251.1
Lpin2	786.4	985	883.8	739	740	572.5	526.4	767.6	1215.8	868.2	1026.8	863.4	722.2	746.1	713.6	620.3	1087.9	1164.1	1021.3	908	712.9	702.4	333.5	398.6
Emilin2	76.6	22.7	78.4	63	353.9	211.4	451.5	208.6	604.8	1030.1	1317.7	1376.1	671.2	309.6	1051.5	718.5	138.1	42.2	58.3	283.4	432.9	480	1088.3	1135
Smchd1	2184.8	2809.3	2340.2	2607	3316.8	2862.6	2126.7	3061.8	3495.5	3455.1	3745.2	4313.4	3191.5	3439	2853.1	3606.6	3428.5	3207.2	3675	3143.5	2029.8	1953.6	1258.8	1659.7
Cyp4f13	183.7	180	106.6	100	93.7	120.8	108.9	72.5	124.3	117	68.1	97.5	54.3	83.6	36.4	34.4	42.4	93.1	52.3	106.4	171.1	209.8	89.9	64.1
Ndc80	88.2	38.1	57.2	50	604.2	346	213.8	232.1	650	313	686.5	350.7	250.6	424	313.1	145.7	622.7	571.9	369.8	550.2	917.4	888.7	443.5	523.5
Lbh	404.2	317.6	737	609.6	119.4	133.2	752.2	398.5	224.9	255.8	316.3	348	431.8	268.5	482.1	463.5	775.3	764	1032	1341.5	223.6	216.9	52.3	55
Ehd3	237.3	392.2	486.4	514	315.3	282.8	233.8	195.8	344	298	373.9	580.7	0	25.7	68.5	13.2	0	33.5	15.5	61.6	62.9	92.4	28.9	8.4
Xdh	55.6	67.3	124.2	94.5	0	0	12	25.5	7.2	28.6	2.2	52.8	0	4.4	10.2	25.3	30.3	8.7	0	16.7	69.2	90	1038	1076.7
Dpy30	1021.5	885.5	775.1	910.7	1045.3	1622.8	1290.6	1146.6	1284.6	1769.1	1389.5	1011.9	1568.2	1515.6	1637	1052.4	1372.6	1338.7	1250.8	1822.5	884	839.4	1552	1369.8
Spast	530.2	647.6	833.7	798.7	966.6	841.6	1266.7	695.2	660.3	1088.6	677.5	803.4	784.5	972.7	1054.4	860.2	559.7	697	813.2	393.7	865.7	854.3	840.1	960.9
Slc30a6	111.3	137.6	189.9	247.8	20.7	229.3	250.7	147.8	374.8	201.4	218.4	184.3	118.1	122.5	249	153.8	146.6	101.9	108.2	209.1	222	238	626.7	504.7
Prkd3	920.8	1206	1229	1070.4	843	1389.4	1166.8	1235.7	1255.9	856	928.8	987.8	1068.6	1097.4	1278.7	1457.2	2515	1234	1915.4	1474.9	927.8	916.1	965.5	897.5
Yipf4	638.3	507.9	498.4	506.4	504.8	589	751.2	483.7	441.6	470.8	172.8	24.2	402.2	732.1	817.1	227.7	382.8	656.3	250.9	351.4	943.7	885.6	1261.4	1143.4
Birc6	2399	3195.7	2650.8	3337.3	3944.5	3330.7	2920.9	3377	2908.1	3042.8	3721.3	3871.4	4710.2	3381.8	3459	2926.6	3239.5	3243.5	3046.1	3361.5	845	839.4	549.5	555.2
Crim1	611	853.3	344.5	697.7	583.4	405	333.6	443.5	195.1	264	227.3	177.2	370.3	256.8	393.2	153.8	302.9	308.5	292.5	192.4	57.3	50.1	2	25.9
Strn	333.9	389.3	489.9	620.5	424.7	341.9	421.6	443.5	592.5	440.9	623.7	310.5	494	255.3	426.7	439.2	288.3	596.6	489.8	414.3	416.9	428.3	437.5	437.4
Ttc27	366.4	284.7	323.3	268.4	260.3	481.9	238.7	365.2	615.1	274.9	275.2	248.7	445.3	671.2	343.7	230.7	448.2	179	266.3	224.4	491.7	492.5	704.5	812.7
Eif2ak2	390.6	778.6	402.4	398.8	480.5	611	569.4	303.5	309.1	205.5	194.4	216.5	436.5	646.3	241.8	406.8	491.9	356.5	385.2	518.1	315.1	263.1	158.4	219.4
Cebpz	4455.7	4334.4	2464.4	3137.3	3651.4	2950.4	2909.9	3380	2658.6	3464.6	3127.5	3729.1	3378.2	3261.5	3310.4	3489.2	3594.5	3560.8	3316	4107.9	983.5	908.3	1132.6	1237.8
Ndufaf7	151.2	179.3	152.5	169.5	393.2	436.6	289.7	290.8	113	337.5	150.3	300.6	267.4	324.2	272.4	232.7	191.4	368.2	268.7	265.5	389.9	407.2	528.7	539.7
Pja2	533.3	1661.9	1169	1392.1	1247.6	1463.5	912	1025.2	1321.6	792	1310.2	1296.4	824.4	729.9	675.8	716.5	816.5	1143.7	1068.9	819.5	619.1	673.4	885	868.4
Man2a1	553.3	309.5	589.5	346.7	416.1	433.8	705.3	620.8	310.1	502.1	404.6	258.6	632.1	528.2	565.1	349.1	457.9	432.2	348.4	384.8	424.9	361	265.7	324.2
Vapa	1777.5	2747.1	3656.7	3181.9	2629.7	2772	3999.8	3788.3	2933.8	5172.4	3853.6	4052.1	2885	4036.9	4262.9	4320	2224.3	2731.3	3810.6	3778.3	3166.9	3341.1	7105.6	6985.1
Hnrnpll	375.9	754.5	849.9	923.7	973.1	989.9	1214.7	1183.8	1079.3	1658.8	1503.2	1020.9	764.5	1219.9	1166.6	1165.8	741.4	1097.2	746.7	752.8	265	229.4	2798	2623.2
Ralbp1	2601.6	2133.2	1951.9	1861.5	1995.5	1971.5	1596.3	2363.6	2697.6	2479.4	2411.8	2737.8	2219.4	2754.6	2898.3	2466.1	2702.8	3009.3	2935.5	2195.7	1002.6	1118.1	923.9	757.1
Srsf7	4126.1	4250.2	5124.4	4014.3	6018.7	5355.8	5845.8	5680.9	5432.2	7525.3	4710.7	5150.8	5244.9	5569.4	7663.7	5253.1	5017.9	5302.6	5528.6	5334	3812.2	3944	7759.2	7150.8
Twsg1	390.6	588.4	307.1	316.2	468.3	464.1	548.4	379.9	434.4	308.9	219.9	249.6	392.6	394.7	441.3	243.9	558.5	468.6	212.8	452.7	1295.4	1161.2	769.6	477.5
Ndufv2	824.2	689.3	918.4	803.1	1199.7	928.1	801.2	1094.7	1355.5	983.9	1151.7	1319.7	1253	947.1	1175.3	1313.5	1152.1	1194.7	903.6	1337.7	1857.2	1882.3	2993.9	2566.9
Wash1	557.5	280.3	434.1	389	402.5	297.9	602.4	476.8	372.8	250.4	441.2	150.3	387.1	272.9	212.6	365.3	252	320.1	325.8	377.1	126.5	126.1	78.5	62.8
Fam21	484	796.2	624	723.8	722.8	513.5	512.5	709.9	1060.8	488.5	720.9	587.8	561.8	606.7	653.9	720.5	746.3	471.5	758.5	963.2	1024.1	1010.9	944.7	968.7
Lhcgr	73.5	158.8	68.5	204.3	251	122.2	5	86.2	1	13.6	10.5	0	0	0	16	35.4	0	0	0	0	0	0	0	0
Nrxn1	1400.6	916.9	789.2	1178	899.4	915.7	773.2	838.1	512.4	381	669.3	514.5	743.8	796.7	683.1	800.5	955.9	1060.8	627.8	642.5	34.2	39.9	75.8	36.9
1600002H07Rik	264.6	202	134.1	213	262.4	87.9	60.9	109.7	348.1	155.1	159.3	260.4	245	346.3	351	186.2	157.5	152.8	278.2	187.2	109.8	87.7	72.5	91.2
Lrpprc	1846.8	1257.2	1267.2	1313.8	1437.8	1145	1117.8	1438.4	1506.4	1639.8	2156.8	2624.2	1674.3	1722.5	1795.8	2212.1	1227.2	972	1752.5	2072.6	1252.4	1263.8	2061.9	2318.5
Atp6v0c	0	10.2	7.1	0	0	0	0	0	3.1	17.7	0	0	12	0	0	14.2	21.8	5.8	0	5.1	66.8	83	107.4	95.8
Pdpk1	1220	918.4	1066.7	835.7	857.3	1414.1	773.2	849.9	1288.7	1057.4	628.2	735.4	1059.8	1082	1015.1	578.8	1015.2	1034.6	801.3	865.7	1266.8	1089.2	871.6	806.2
Prss30	0	0	0	0	0	0	0	0	0	0	32.2	0	0	0	0	0	0	0	0	0	239.5	285.8	0	0
Prepl	194.2	144.9	169.4	121.7	114.4	71.4	124.9	67.6	73.9	95.3	72.5	18.8	55.9	163.6	115.1	121.4	330.7	390	156.9	173.1	236.3	247.4	572.3	517.7
Abca3	169	203.4	145.4	274.9	37.2	227.9	14	134.1	287.5	236.8	111.4	45.6	152.4	60.2	87.4	60.7	187.8	99	164.1	74.4	531.5	613.9	400.6	331.9
Eci1	472.5	310.3	353	285.8	595.6	414.6	576.4	343.7	450.8	521.2	255	145.8	385.5	312.5	423.8	352.2	449.5	388.5	335.3	466.8	361.2	438.5	785.7	848.3
Srbd1	516.5	573.7	256.3	540.1	643.5	173	370.6	503.3	899.6	356.5	308.9	435.7	1120.5	482	365.6	380.5	462.8	695.6	565.9	484.8	411.4	418.9	397.2	388.9
E4f1	460.9	348.3	336	171.7	360.3	465.4	224.8	224.2	292.7	194.6	246.8	149.4	237.8	249.4	142.7	239.8	272.6	346.3	193.8	242.4	320.7	345.3	182.5	278.2
Epas1	67.2	56.3	146.8	120.6	133	43.9	134.9	27.4	0	34	23.9	11.6	0	0.7	35	0	0	0	0	97.5	7.2	1.6	2	0
Mlst8	303.4	559.1	388.3	395.6	363.9	311.7	494.5	465.1	369.7	356.5	522	483.1	427.8	276.6	416.5	435.1	477.3	232.8	592.1	552.8	279.3	263.9	262.4	265.3
Rhoq	362.2	556.2	478.6	765	395.4	273.2	347.6	646.2	409.7	208.2	235.6	257.7	521.9	265.6	431.1	269.2	471.3	964.8	657.5	692.6	376.4	362.5	80.5	38.2
Pigf	207.9	135.4	258.4	263	185.9	37.1	93.9	244.8	64.7	172.8	162.3	186.1	110.1	152.6	123.8	217.6	206	24.7	166.5	153.9	82.8	68.9	83.2	91.2
Cript	390.6	401	317	201	541.2	561.5	398.6	261.4	590.5	391.9	575.1	559.2	269.7	548.7	538.9	422	554.9	551.5	368.6	559.2	667.6	746.2	635.4	654.8
Mcfd2	1553.8	806.4	1329.3	1145.4	1031.7	1221.9	1572.3	963.5	662.3	970.3	865.3	832.1	692.7	1268.4	779.2	1097	482.2	1152.5	826.3	1022.2	732.8	656.9	2473.2	2441.4
Msh2	1308.2	1481.1	2207.5	1821.3	1171.1	1555.5	2290.6	2459.6	1501.3	1903.8	2405.1	2611.6	1241.8	1251.5	2183.2	2900.3	1447.7	1527.9	2488.5	1791.7	2498.5	2617.6	2932.8	2612.9
Hagh	159.6	27.1	68.5	58.7	133	56.3	117.9	56.8	23.6	76.2	53.1	161.9	160.4	14.7	109.2	24.3	50.9	90.2	41.6	64.1	243.5	226.3	513.3	392.8
Spsb3	155.4	135.4	176.5	56.5	191.6	343.2	121.9	142	135.5	72.1	133.1	246.9	111.7	195.9	96.1	121.4	431.3	135.3	109.4	169.3	78	70.5	83.2	82.8
Mapk8ip3	299.2	502.7	388.3	395.6	275.3	328.1	213.8	268.3	204.4	238.1	413.6	175.4	221.1	302.2	319	209.5	287.1	413.3	334.1	315.5	325.4	336.7	36.9	51.1
C3	0	0	32.5	45.6	77.9	0	84.9	77.4	14.4	47.6	23.2	83.2	6.4	200.3	122.3	17.2	10.9	56.8	0	309.1	187.8	165.2	2681.2	3184.2
Hn1l	205.8	549.6	638.2	633.6	762.9	735.9	658.3	632.5	846.2	738.9	873.5	950.2	835.6	726.2	987.5	641.6	477.3	764	831.1	767	2059.3	2024.8	4696.8	4240.3
Ift140	105	240.8	299.3	248.9	343.2	350.1	405.6	133.2	523.7	212.3	155.6	215.6	184.4	150.4	55.3	131.6	390.1	266.3	237.8	298.8	704.2	714.9	516.7	519.6
Telo2	520.7	603.7	577.5	669.4	677.1	554.7	223.8	475.9	453.9	435.5	818.9	340.9	454.1	517.9	464.6	574.8	432.5	474.4	494.6	400.1	612.7	521.5	647.5	569.4
Pot1b	67.2	218.8	99.5	204.3	129.4	157.9	134.9	69.5	106.8	87.1	80	74.3	26.3	138.6	65.5	147.7	134.5	138.2	159.3	96.2	60.5	53.2	57	65.4
Nme4	778	578.8	628.3	632.5	585.6	491.5	651.3	630.6	755.8	809.7	759.8	1027.1	586.6	1130.5	653.9	634.5	1004.3	797.4	1175.9	955.5	592	614.7	745.5	661.3
Tmem8	316	188.1	353.7	367.3	108.7	225.2	317.7	202.7	106.8	99.3	52.3	189.7	291.3	99	212.6	38.5	138.1	261.9	161.7	169.3	427.3	478.4	208	303.5
Mrpl28	244.6	141.2	145.4	153.2	431.8	226.5	172.8	212.5	151	274.9	214.6	203.1	320.8	248	253.4	184.2	232.6	152.8	272.3	319.3	1725.1	1802.5	2183.4	1835.7
Axin1	1360.7	1006.2	1276.3	1174.7	774.3	1125.8	1269.7	1131.9	1144	1186.6	1270.6	1627.5	901	1128.3	873.9	1317.6	949.8	1107.4	1349.5	846.5	1937.5	1940.3	1220.5	1237.8
Fam234a	26.2	191	167.3	66.3	41.5	50.8	47.9	29.4	0	51.7	38.1	49.2	33.5	0.7	96.1	70.8	126	129.5	99.9	165.4	339.8	294.4	584.4	775.8
Luc7l	2504	3044.2	2492.7	3031.9	2380.9	2296.9	2895.9	2862	2669.9	2957	3048.2	2363.8	3027.9	2084.1	2988.6	2883.1	2679.8	3301.7	3144.8	2680.5	1204.7	1086	1180.9	1349.8
Dusp1	470.4	1167.2	493.4	270.6	549.1	225.2	210.8	277.1	167.4	230	309.6	246.9	406.2	142.3	246.1	203.4	127.2	209.5	197.4	293.7	4275.3	4388.7	54.3	84.1
Bnip1	259.3	322	240.7	256.5	217.4	256.7	153.8	277.1	396.4	110.2	320.1	105.6	113.3	309.6	142.7	321.8	281.1	211	200.9	259.1	418.5	450.2	446.9	408.3
Phf1	315	144.9	338.8	119.5	20	141.4	88.9	76.4	104.7	89.8	31.4	22.4	150.8	116.6	29.1	54.6	87.2	78.6	72.5	29.5	154.4	167.6	3.4	7.1
Cuta	345.4	240	458.9	261.9	359.6	317.1	725.2	443.5	913.9	572.9	783	760.5	687.9	622.8	511.2	704.3	284.7	456.9	375.7	500.2	1157.7	1216.8	1369.5	1364
Plin3	643.6	559.1	588.7	601	353.2	357	406.6	386.8	219.8	257.2	261.7	192.4	128.5	390.3	378.7	298.5	381.6	403.1	350.7	501.5	987.5	986.6	2058.6	2105.6
Kdm4b	69.3	106.8	219.5	57.6	123	37.1	36	83.2	178.7	42.2	121.9	151.2	79.8	41.1	150	59.7	72.7	116.4	116.5	53.9	908.7	839.4	350.3	328.7
Rpl36-ps2	415.8	252.5	211.1	219.5	150.1	156.5	112.9	86.2	139.7	81.6	58.3	119.9	133.3	159.2	67	154.8	219.3	110.6	176	354	5.6	6.3	5.4	11.6
Rfx2	35.7	30	64.9	21.7	91.5	67.3	2	66.6	99.6	8.2	55.3	35.8	7.2	71.9	35	23.3	25.4	50.9	61.8	73.1	135.3	127.6	32.9	16.8
Uqcc2	344.4	410.5	483.6	430.3	419.7	598.6	666.3	360.3	552.5	601.5	623	949.3	628.9	831.1	703.5	430.1	371.9	451.1	558.8	492.5	535.5	521.5	709.2	652.9
Grm8	0	0	0	0	0	0	0	0	0	0	0	0	0	0	0	0	0	0	0	0	152	146.4	0	0
Mllt1	207.9	150.7	99.5	152.1	219.5	122.2	67.9	185.1	243.4	250.4	122.6	109.2	139.7	248.7	144.2	174.1	123.6	147	210.4	284.7	1734.6	1780.5	984.3	1136.3
Nudt3	2898.7	2735.4	2502.5	2804.8	2683.3	2696.4	2071.8	2586.9	2681.2	2925.7	3573.9	4052.1	2153.2	2588.8	2368.1	3294.9	2317.6	1692.3	3024.7	1810.9	2679.1	2702.1	2203.5	2007.2
Snrpc	744.4	813	923.4	1005.2	1271.2	924	1515.4	1067.3	1650.2	1294.1	1128.5	1900.3	927.4	1349.8	1315.1	1425.8	941.3	1076.8	1188.9	1259.4	479	501.9	472.4	405.1
Taf11	669.8	709.8	714.4	632.5	631.3	844.4	454.5	577.7	605.9	435.5	563.9	443.8	561	630.1	530.1	706.3	582.7	467.1	494.6	527.1	519.6	454.1	540.8	386.9
Anks1	2342.3	1427	1526.2	1376.9	2128.5	1742.3	1194.7	1548	1791.9	1174.4	1385.8	1212.3	2046.2	1552.3	1160.8	1556.4	1986.8	1861.1	1741.8	1453.1	1608.9	1750	775.6	776.5
Zfp523	517.6	275.9	338.8	297.8	209.5	232	267.7	319.2	239.3	291.2	244.5	304.2	245	376.3	265.1	499.9	181.7	269.2	379.3	319.3	501.3	674.9	592.5	419.3
Fkbp5	1039.4	821.1	687.6	761.8	854.4	1199.9	962	1174	1250.7	929.4	606.5	541.3	1047.9	1115	1463.7	943.1	1581	1332.9	1172.3	1544.2	2309.1	2399.1	2231.7	1834.4
Nudt12	123.9	87.8	237.9	65.2	100.8	192.2	61.9	71.5	120.1	137.4	115.9	81.4	120.5	21.3	134	81	82.4	36.4	107	50	56.5	38.4	82.5	102.9
Cul2	454.6	527.6	538.6	516.2	271	369.3	317.7	431.8	388.2	328	294.6	599.5	423	356.5	438.4	637.5	359.8	372.5	305.6	578.4	846.6	808.1	1278.9	1276.7
Bambi	147	134.6	58.6	83.7	30	78.3	104.9	86.2	1	24.5	4.5	0	0.8	143.8	129.6	0	61.8	110.6	8.3	41	132.9	133.1	305.3	268.5
Mtpap	385.3	510.1	580.3	959.6	557.7	492.9	280.7	737.3	617.2	466.8	597.5	673.7	602.5	590.5	697.6	705.3	404.6	985.1	581.4	628.4	539.5	634.2	948.1	898.1
Map3k8	284.5	278.8	119.3	301	124.4	109.8	169.8	113.6	51.3	1.4	13.5	7.2	23.1	65.3	218.5	146.7	90.9	32	122.5	92.3	176.6	178.5	5.4	27.2
Svil	726.5	979.1	829.5	1079.1	1038.9	720.8	1499.4	1258.2	703.4	1226.1	1313.2	1044.1	735	522.3	786.5	819.7	441	384.2	626.6	632.3	523.6	563.8	322.7	229.7
Zeb1	950.1	702.5	691.1	774.8	421.1	1238.4	456.5	985	575.1	579.7	940	569	790.1	733.6	547.6	594	776.6	785.8	885.8	568.2	369.2	428.3	65.1	84.8
Epc1	682.4	1015	1138.7	1367.1	989.5	1415.5	1122.8	904.7	832.8	695.4	947.5	1300	894.6	1238.3	1034.1	1112.1	1132.7	1248.5	1167.5	520.7	476.6	473.7	272.4	313.2
Sos1	834.7	945.5	811.8	994.3	729.3	978.9	643.3	760.8	1095.7	1139	1085.9	724.7	670.4	897.2	707.8	756.9	477.3	456.9	806.1	709.2	334.2	339	308	253.7
Map4k3	279.3	363.7	314.8	197.8	331	174.4	508.5	228.1	219.8	220.5	106.9	2.7	270.5	41.8	265.1	256	105.4	154.2	133.2	92.3	132.9	129.2	69.1	118.4
Tmem178	0	0	0	0	45	0	17	23.5	0	21.8	0	33.1	0	0	0	0	0	0	0	0	9.5	4.7	135.5	88.6
Thumpd2	281.4	312.5	241.4	278.2	400.4	324	274.7	265.3	151	342.9	67.3	54.6	87	221.5	106.3	114.4	204.7	256.1	192.6	356.5	162.3	170.7	216.7	238.1
Cox7a2l	6745.5	5128.4	6710.6	7551.6	3842.3	3930.7	5083.6	4206.4	3806.7	3808.9	4721.1	7042.2	4940	3824.9	4095.5	4617.5	4861.7	5832.2	6093.3	5413.6	552.2	585.7	620.7	574.6
Thada	187.9	324.9	271.8	291.2	411.1	527.2	432.5	429.8	410.8	500.8	582.6	423.2	476.4	486.4	321.9	398.7	339.2	254.7	443.5	343.7	387.5	440.8	307.3	344.9
Dync2li1	185.8	296.4	224.5	243.4	133	68.6	122.9	156.7	0	147	50.1	83.2	82.2	15.4	109.2	105.2	262.9	90.2	129.6	157.8	46.9	87.7	111.4	108.7
Polr2d	613.1	348.3	356.5	259.7	437.6	383	470.5	600.2	556.6	473.6	231.1	102	472.5	351.4	686	370.4	449.5	500.6	336.5	243.7	791.7	843.3	948.1	937
Slc25a46	710.8	730.3	839.4	703.1	725.7	1315.3	1030.9	839.1	1108	787.9	1023.8	842.8	764.5	1033.6	706.4	767.1	662.7	838.2	726.4	779.8	554.6	575.5	1144.7	1170.6
Sap130	387.4	290.5	318.4	260.8	123.7	363.8	379.6	249.7	192	159.2	265.5	360.6	293.7	210.5	268	179.1	236.2	299.8	233	255.2	438.4	413.4	192.6	236.2
Celf4	107.1	232.7	19.1	207.6	45.8	35.7	25	107.7	12.3	50.4	74	35.8	100.6	115.9	30.6	37.4	78.7	14.6	10.7	55.1	9.5	15.7	11.4	0
Tpgs2	74.5	80.5	175.1	185.8	104.4	251.2	127.9	179.2	205.4	247.7	204.9	389.2	83.8	108.6	215.6	268.2	219.3	197.9	259.2	256.5	317.5	327.3	422.7	423.8
Slc39a6	669.8	439.1	300	599.9	614.2	318.5	577.4	670.7	931.4	483.1	590	615.6	1195.5	1309.4	1134.6	1004.9	1434.4	1431.9	1240.1	828.5	1295.4	1349.1	1134	1210.7
Elp2	909.2	1445.3	1629.3	1730	1070.3	950.1	1996.9	1925	1558.8	1812.6	2187.4	2293.1	1585	1250	2053.6	2064.4	1216.3	1977.6	1652.6	1496.7	1741	1743.7	2539.6	2602.5
2700062C07Rik	133.3	49	125.7	140.2	173	184	74.9	128.3	30.8	93.9	81.5	73.4	16	83.6	154.4	174.1	134.5	269.2	97.5	144.9	168.7	165.2	212	209
Zfp397	586.9	827.6	418.6	530.3	619.2	642.5	434.5	751	850.3	428.7	598.3	696.1	627.3	303.7	469	542.4	574.2	401.6	425.6	420.7	385.9	385.2	391.9	480.1
Mapre2	553.3	594.9	786.4	671.6	847.2	735.9	981	713.8	677.7	1004.3	756.1	1109.4	1160.4	1139.3	1090.9	710.4	873.5	593.7	655.1	808	1585.8	1623.2	2334.3	2209.7
Wac	1223.1	1528.7	1231.9	1217.1	1473.6	1421	756.2	1166.2	1358.6	1119.9	1320.7	1272.3	1379.1	1267.6	958.3	1505.8	1404.1	1347.5	1022.5	728.5	1485.6	1295.9	1048.1	1098.7
Ccny	990	767.6	673.5	973.7	523.4	689.2	1224.7	564	1055.6	821.9	973.7	525.2	586.6	792.3	970	849	588.8	454	537.4	1060.7	366.8	384.5	595.8	697.5
Thoc1	514.4	639.6	589.5	445.6	519.8	926.7	451.5	456.3	1103.9	498.1	448.7	572.6	803.7	919.2	633.5	337	419.2	320.1	316.3	548.9	728.9	738.4	1232.6	1266.3
Rock1	5639	6093.6	3485.2	4501.2	3641.4	4138	3515.3	4382.6	4938.3	4331.5	4068.3	4783.1	4749.3	4085.3	3948.4	4541.7	5938.7	4887.9	5287.2	5963.8	1622.4	1763.3	983.7	992
Esco1	281.4	499.8	509.7	540.1	514.1	491.5	491.5	574.8	378.9	536.2	474.1	231.7	558.6	421.1	378.7	373.4	464	439.5	565.9	257.8	420.9	400.9	439.5	431.6
Mib1	1236.8	1342.1	1572.8	1410.6	1299.1	1235.6	1736.2	1284.6	1441.7	1241.1	753.1	544.9	1285.7	1525.1	1686.5	1012	1232.1	1325.6	986.8	883.7	665.2	580.2	711.9	909.1
Zfp871	724.4	1220.6	697.5	955.2	1093.2	1036.6	784.2	1072.2	1113.1	1095.5	1218.2	1353.7	1264.1	870.8	892.8	1319.6	1239.3	1137.9	1198.5	737.5	1177.6	1159.6	747.5	647.7
Adamts10	435.7	264.2	223.1	188	323.2	159.3	214.8	355.4	144.8	136.1	172.8	285.4	177.2	209.1	100.5	252	447	392.9	311.5	415.5	296.8	256	154.3	108.7
Myo1f	433.6	573	852.8	1174.7	509.8	464.1	1216.7	817.6	441.6	702.2	685.8	913.5	483.6	502.5	958.3	1362.1	749.9	1209.2	1280.5	1277.4	1758.5	1798.6	4631.8	4785.1
Tapbp	1505.5	1214.8	1530.5	1216	1231.2	1217.8	1749.1	1114.3	934.5	1136.3	1059.7	1469.1	1035.1	1404.8	1229.2	1495.7	1148.5	1305.3	1481.4	1919.9	7607.7	8121.3	5942.8	5978.3
Pfdn6	624.7	455.2	410.9	227.1	771.5	326.8	485.5	397.5	565.8	474.9	602	451.8	410.2	638.2	470.4	529.3	534.3	704.3	480.3	402.7	664.4	723.5	863.5	837.3
Wdr46	227.8	166.1	77.7	30.4	239.5	75.5	95.9	113.6	194.1	202.8	163	173.6	166	254.6	118	189.2	167.2	64	98.7	265.5	1337.6	1510.4	1807.6	1894.6
Rnf138	847.3	556.9	896.5	570.5	586.3	498.4	777.2	957.6	535	794.7	423.3	431.2	344	391.7	945.2	374.4	627.5	1095.7	488.7	706.7	677.9	664	718.6	770
Vps52	374.8	297.1	444	297.8	212.3	288.3	426.5	268.3	412.8	425.9	510.8	374.9	248.2	303	455.9	436.2	488.2	566.1	323.4	429.6	1456.1	1515.9	1786.8	1562
Ring1	360.1	111.2	125.7	117.4	194.5	103	21	58.7	125.3	175.5	79.3	139.6	193.1	121	42.2	35.4	162.3	69.8	140.3	148.8	448.8	470.6	373.7	322.9
Slc39a7	0	0	0	0	0	0	0	0	0	0	0	0	0	0	0	0	0	0	0	0	117	117.5	164.4	151.4
Col11a2	31.5	52.7	35.3	108.7	12.9	24.7	15	21.5	161.2	50.4	0.7	63.5	205.1	93.2	59.7	78.9	58.2	94.6	60.6	69.3	27.8	43.8	73.8	58.9
H2-Oa	174.3	21.2	108.7	120.6	22.2	63.2	132.9	102.8	23.6	114.3	136.9	148.5	140.5	185.6	52.4	197.3	193.8	229.9	193.8	151.3	383.5	389.9	86.6	107.4
Brd2	4772.8	5086.6	4907.7	3851.3	4293.4	5741.6	5328.4	4711.6	5294.6	5187.4	2885.2	2343.2	7205.7	4975.9	5171.7	3851.5	5492.8	5541.2	4143.5	4004.1	4076.4	3808.5	1954.6	2031.2
Psmb8	2829.5	2270	2330.3	2056.1	3341.1	2291.4	2305.6	2299	3396.9	2648.1	2143.3	2991	3295.2	3165.4	2952.2	2715.1	3372.8	3643.7	3214.9	3875.8	4290.4	4426.3	4932.4	4339.3
Tap2	758	471.3	506.2	435.8	1101.8	444.8	583.4	429.8	592.5	495.3	231.1	97.5	1004	690.3	524.3	719.5	747.5	666.5	316.3	479.7	3058.7	3027.9	2072.6	2370.2
Pfdn1	992.1	906	1015.1	1647.5	634.2	722.2	952	1345.3	632.6	1115.9	1494.2	2065	925	917.7	1274.4	1152.6	896.5	983.7	1389.9	1050.4	409	412.6	451.6	473
Tmem173	641.5	499.1	662.9	637.9	528.4	668.6	595.4	529.7	424.1	138.8	300.6	195	448.5	648.5	518.5	848	1169.1	1116.1	1646.7	1444.1	2416.5	2573.7	2050.5	1987.2
Dnajc18	304.5	337.4	343.8	249.9	150.9	315.8	258.7	127.3	211.5	49	78.5	143.2	249.8	195.1	163.1	210.5	110.2	315.8	272.3	115.4	160.7	172.3	189.9	163.1
Spata24	205.8	45.4	100.9	90.2	234.5	153.8	155.8	151.8	246.5	108.9	169	331	188.3	462.9	71.4	125.5	143	74.2	154.6	169.3	154.4	144.1	82.5	83.5
Mzb1	0	0	46.6	14.1	18.6	0	0	66.6	4.1	20.4	8.2	15.2	0	9.5	27.7	0	3.6	29.1	19	88.5	1934.4	1968.5	0	0
Sil1	198.4	276.6	273.9	247.8	236.7	219.7	245.7	212.5	304	235.4	216.9	277.4	189.9	267.8	180.6	306.6	346.5	197.9	283	311.7	1052.7	1096.2	1072.2	1075.4
Hspa9	3613.7	4192.4	4066.9	2962.4	4500.1	4482.6	4562.2	3730.5	4632.3	4581.9	5142.2	3756.9	4129.2	5749.1	4755.2	4709.6	5581.3	4740.9	4563.2	4877.5	6304.3	6204.5	6886.9	7202.5
Etf1	806.3	883.3	1078	965	1243.3	1528.1	1312.6	1225.9	1570.1	1313.2	1291.5	1411.8	1335.2	1124.6	1347.2	1066.6	1147.3	1095.7	1010.6	1431.3	2021.9	2028	3917.8	4189.1
Nelfe	265.6	187.3	307.8	320.6	564.1	384.4	566.4	314.3	553.5	489.9	530.2	503.7	240.2	317.6	563.6	437.2	388.9	248.8	581.4	539.9	1129.9	1146.3	1252	1194.5
Cdc23	1507.6	1579.2	1632.1	1426.9	1462.1	1552.8	1558.3	1708.6	1343.2	1711.9	1500.9	1285.7	1371.1	1644	1354.5	1308.5	1469.5	1322.7	1568.2	1580.1	1397.3	1367.9	1666.7	1751
Stard4	2961.7	3099.8	2950.8	2657	2397.3	2695.1	2857	2680.9	1691.3	2195	2112.7	1698.1	1748.6	1462.8	1827.8	1222.4	879.5	1356.2	1273.4	1095.3	292.8	256.8	223.4	299.6
Tslp	37.8	218.1	88.2	39.1	22.9	41.2	85.9	116.5	336.8	119.8	34.4	76	4	110	67	62.7	36.3	7.3	3.6	47.5	2.4	3.1	33.5	49.8
Bin1	0	6.6	18.4	28.3	77.9	50.8	150.8	106.7	180.7	341.6	376.9	658.5	309.6	350.7	368.5	609.2	547.6	576.2	362.6	529.7	3155.8	3170.4	801.1	777.1
Ercc3	478.7	460.3	503.3	566.2	475.5	245.8	375.6	433.8	467.2	521.2	839.8	491.2	723	605.9	595.7	776.2	442.2	391.4	680.1	520.7	511.6	464.3	629.4	489.8
Map3k2	305.5	728.9	405.2	570.5	360.3	388.5	212.8	331.9	436.4	235.4	329.8	259.5	623.3	272.9	222.8	415.9	575.5	474.4	455.4	246.2	211.7	270.1	140.2	179.9
Iws1	2277.2	1631.2	1545.3	1884.4	2067	1933.1	2117.8	1808.5	2150.3	2448.1	2421.5	1863.7	1743	1963.1	1807.4	1274.1	2401.1	2134.7	2078.3	1725	838.7	771.3	607.2	493.7
Csnk2b	548	362.2	600	699.8	816.5	464.1	543.4	719.7	698.3	726.7	954.2	779.3	397.4	868.6	503.9	1021.1	388.9	551.5	557.6	902.9	1366.2	1376.5	1483.5	1237.8
Bag6	843.1	496.2	714.4	655.3	795.8	539.6	390.6	644.3	581.2	483.1	626.7	671	676	482	546.2	863.2	558.5	497.7	668.2	1095.3	925.4	1019.5	370.4	360.4
Prrc2a	1312.4	1248.4	1039.8	1230.2	1615.1	837.5	717.2	1169.1	695.2	1100.9	1629.5	1805.5	1345.5	1079.1	920.5	1715.3	880.7	586.4	1643.1	1210.7	633.4	762.6	261.7	269.2
Aif1	33.6	0	13.4	12	91.5	0	26	37.2	76	40.8	74	24.2	56.7	0	29.1	70.8	4.8	120.8	32.1	155.2	23.1	29.8	63.1	69.9
Ltb	105	65.1	44.5	90.2	40	59	5	14.7	0	6.8	9	0.9	5.6	28.6	7.3	11.1	21.8	21.8	26.2	12.8	621.4	602.9	6.7	4.5
Wdr33	674	904.5	821	725.9	779.3	764.7	685.3	774.5	899.6	873.6	880.2	906.3	749.4	1145.9	786.5	572.8	912.2	656.3	903.6	722.1	1772.8	1729.7	1521.8	1570.4
Tnf	0	46.8	1.4	0	3.6	20.6	3	35.2	0	1.4	8.2	58.2	71.8	13.9	46.6	54.6	44.8	32	45.2	46.2	114.6	111.2	12.7	7.8
Atp6v1g2	401.1	332.2	424.3	386.9	191.6	436.6	358.6	132.2	122.2	100.7	179.5	391	271.3	401.3	221.4	415.9	364.7	158.6	272.3	142.4	54.9	43.8	31.5	45.3
Riok3	628.9	478.6	440.5	610.7	862.3	486	599.4	384.8	712.7	548.4	459.2	419.6	685.5	749	783.6	534.3	551.2	515.1	332.9	563	1055.1	1096.2	1651.3	1776.2
3110002H16Rik	196.3	60.7	125	229.3	84.4	119.4	112.9	114.6	200.2	190.5	36.6	11.6	113.3	0	163.1	129.5	163.5	165.9	98.7	169.3	437.6	478.4	452.9	421.2
Npc1	449.4	414.9	445.4	281.5	910.9	277.3	520.4	460.2	508.3	389.2	366.4	329.3	592.2	495.9	645.2	406.8	937.7	573.3	734.8	646.4	631	730.5	144.9	130.1
Mrpl27	478.7	416.4	364.3	295.6	469	407.8	498.5	218.3	583.3	197.3	208.6	104.7	336.8	460.7	270.9	273.2	359.8	382.7	258	434.8	321.5	326.5	363.7	305.4
Zfp521	157.5	326.4	367.8	308.6	289.6	267.7	224.8	261.4	204.4	181	73.3	146.7	188.3	213.5	246.1	211.5	152.6	193.5	199.7	87.2	153.6	214.5	62.4	114.5
Dhx16	386.4	515.2	399.6	382.5	284.6	389.9	482.5	390.7	184.8	449.1	246	559.2	257.8	418.1	546.2	394.7	585.1	259	460.1	325.8	1688.5	1616.9	1272.8	1437.1
Impact	1328.1	1075.7	876.1	760.7	1002.4	933.6	523.4	440.6	537.1	432.7	354.5	164.6	814	540.7	418	260.1	736.6	619.9	331.7	439.9	153.6	134.7	111.4	75.1
Ttc39c	26.2	0	2.1	40.2	0	0	84.9	17.6	0	5.4	12.7	0	23.1	82.2	32	94.1	25.4	23.3	73.7	65.4	31	11.7	414.7	489.2
Ndfip1	165.9	78.3	50.1	118.5	82.9	325.4	176.8	95	211.5	17.7	31.4	4.5	57.5	74.8	96.1	17.2	26.7	56.8	105.8	62.8	1300.2	1255.2	1372.1	995.2
Atat1	700.3	598.6	672	678.1	606.3	499.7	319.7	415.2	184.8	279	477.9	484	462.1	311.8	298.6	442.2	476.1	585	590.9	292.4	89.1	72	29.5	42.7
Gnl1	412.6	532	272.5	326	291.7	464.1	330.6	343.7	247.5	439.5	364.2	292.6	122.1	497.4	367	438.2	510	388.5	432.8	314.2	1169.7	1270.8	1038	1160.8
Nr3c1	1730.2	1638.5	1585.5	1150.8	1333.4	2232.4	1639.3	1424.6	1699.5	1517.3	1211.5	1499.5	1983.2	1640.3	1741.9	1050.4	1877.8	1900.4	1720.4	1975.1	1806.2	1757.8	1199	1258.6
Mrps18b	67.2	145.6	102.4	143.4	192.3	26.1	33	138.1	158.1	125.2	238.6	81.4	158.8	103.4	103.4	174.1	133.3	78.6	155.8	241.1	142.4	154.3	332.1	256.9
0610009O20Rik	114.4	163.9	96	230.4	233.8	292.4	131.9	138.1	315.3	161.9	230.3	124.4	33.5	177.5	83	148.8	191.4	302.7	173.6	288.6	177.4	172.3	91.9	92.5
Rpp21	195.3	200.5	259.1	157.6	222.4	133.2	223.8	118.5	215.6	202.8	265.5	279.1	30.3	112.2	279.6	316.7	179.3	391.4	185.5	321.9	270.5	305.4	263.7	243.9
Arap3	131.2	188.8	81.2	107.6	151.6	123.6	165.8	177.2	535	340.2	457.7	340.9	62.2	181.2	84.5	128.5	72.7	52.4	49.9	70.5	103.4	122.9	163.7	142.4
Hdac3	395.8	273.7	337.4	329.3	366.8	186.7	259.7	288.8	237.2	378.3	172	470.6	273.7	492.2	455.9	273.2	277.4	148.4	392.4	218	1524.6	1585.6	1475.5	1444.9
Diaph1	7523.5	8293.3	6040.7	7200.6	6298.2	6179.6	5623	6786.4	7875.2	7314.4	7255.6	7125.4	5529.8	4846.1	4892.1	4801.7	4184.4	3757.2	3588.2	3984.8	547.4	536.4	331.5	348.1
Trim26	254.1	302.2	349.4	316.2	82.2	225.2	264.7	317.2	35.9	118.4	309.6	136.9	386.3	225.9	375.8	412.9	255.6	468.6	488.7	379.6	873.7	923.9	266.4	333.9
Gabbr1	606.8	1076.5	740.5	762.9	521.9	602.7	620.3	414.2	201.3	159.2	216.1	272	336	190	235.9	305.6	551.2	315.8	327	100	49.3	39.9	0	0
Dcp2	739.1	568.6	793.5	1032.4	728.6	593.1	884.1	1047.7	1034.1	1141.7	1157.7	1432.4	1008	1222.1	1022.4	1143.5	1130.3	1267.4	1411.3	946.5	242.7	270.1	333.5	328.7
Ik	2900.8	3457.7	2872.4	3752.4	2987.9	2719.8	3321.5	2970.7	2727.4	3734.1	4508	5127.5	3747.7	2728.9	3236.2	4761.2	3233.4	3418.1	3855.7	2849.8	1900.9	1911.3	1570.1	1770.4
Pggt1b	30.4	150.7	231.5	160.8	72.9	255.4	154.8	147.8	194.1	182.3	139.8	87.7	106.1	298.6	96.1	133.6	265.3	106.2	104.6	75.7	330.2	343.7	266.4	355.2
Ap3s1	84	166.1	208.3	102.2	208.1	425.6	414.6	300.6	677.7	553.9	234.1	166.4	345.6	1046.8	664.1	285.4	216.9	1.5	55.9	520.7	192.6	205.1	2484	2315.2
Ankhd1	2720.3	2423.7	1467.6	1901.8	1393.5	1918	1538.4	1759.5	1970.6	2268.5	1855.4	1439.6	2006.3	1691.6	1552.5	1182	2218.2	2171.1	1222.2	1483.9	1106	1032	843.4	837.3
Hbegf	472.5	272.2	204.7	198.9	120.1	352.8	176.8	238.9	117.1	174.2	139.8	83.2	143.7	63.1	115.1	73.9	90.9	34.9	98.7	89.8	26.3	27.4	18.1	14.9
Yipf5	834.7	548.1	799.1	581.4	548.4	372.1	667.3	610	475.4	657.3	669.3	669.2	575.4	926.5	821.4	822.7	774.1	576.2	482.7	465.6	615.9	639.7	1244.7	1193.2
Rbm27	1823.7	2394.4	1743.7	1688.8	2106.3	2176.1	1282.6	1997.4	1997.3	1944.6	1848.7	1632.8	1506.7	1655.7	2001.1	1732.5	1644	1452.2	1647.9	1703.2	677.1	646.8	511.3	449.1
Lars	1776.4	1363.3	1275.6	1246.5	1705.2	1767	1324.6	1618.5	2032.2	1379.9	1868.9	2055.1	1450.9	1872.8	1736.1	1803.3	1966.2	1413	1744.2	1442.8	1577.9	1689.7	2314.9	2431.7
Tcerg1	5452.1	7243.2	4133.2	5754.2	6434.8	6241.4	4584.1	6457.4	6120.2	6998.7	8703.4	8130.2	7082	6060.9	6647.1	6897.5	6651	7169.5	6850.7	5559.8	2371.2	2216.7	1628.5	1774.9
Dtwd2	170.1	122.2	223.1	142.4	264.5	148.3	213.8	192.9	190	157.9	145.8	25.1	36.7	17.6	110.7	179.1	82.4	55.3	132	148.8	98.7	94.7	212.7	169.5
Hsd17b4	386.4	468.3	386.9	466.2	672.8	490.1	594.4	608	1033	703.5	606.5	731	616.9	969.8	917.5	507	505.2	691.2	469.6	684.9	1379.7	1385.1	2047.2	2356
Rab27b	775.9	513	696.1	669.4	505.5	908.9	1040.9	561	1183	879.1	534	457.2	136.5	198.1	185	193.3	2.4	192.1	21.4	29.5	16.7	15.7	17.4	9.1
Mbd2	581.6	739.1	620.5	977	1117.5	944.6	1137.8	912.6	1200.4	953.9	688.8	501	876.3	813.5	817.1	650.7	1020.1	1043.3	791.8	820.8	1982.9	1992.7	1648.6	1534.9
Smad4	1376.4	1590.2	1645.5	1868.1	2161.4	1927.6	1947.9	1756.6	1482.8	1137.6	1233.2	1071	1889.8	1667.4	1686.5	1849.9	1848.7	1670.5	1779.8	1463.4	1791.1	1773.5	1244.7	1050.2
Sec11c	2169.1	2519.5	2618.3	1999.6	3058.7	3582	3563.2	2529.1	3679.3	3065.9	2935.3	3464.3	2762.1	2626.2	2742.4	2413.5	2513.8	2939.4	2773.8	2468.9	1624.8	1602.8	2349.8	2047.3
Pmaip1	0	0	3.5	0	0	0	17	0	0	0	0	0	59.9	1.5	33.5	17.2	23	26.2	16.6	18	175.1	157.4	42.9	79.6
Gnal	0	6.6	19.8	22.8	0	15.1	0	0	25.7	1.4	26.2	0.9	0	0	11.7	0	6.1	0	26.2	21.8	101.1	94	188.5	195.4
Impa2	646.7	578.1	1293.3	1090	976.7	803.2	1644.3	1525.5	1173.7	1300.9	1425.4	2130.3	1461.3	1121.6	1976.4	1833.7	1456.2	1436.2	1927.3	1875.1	1153.8	1119.7	1822.4	1758.1
Afg3l2	747.5	828.4	1272.8	1186.7	916.6	799	1146.8	1147.5	554.5	1049.2	1098.6	990.4	707.1	562.7	1012.2	1046.4	571.8	782.9	725.3	870.8	1293	1085.2	1811.6	2023.4
Srfbp1	98.7	182.9	72.7	108.7	194.5	214.2	170.8	131.2	293.7	104.8	164.5	58.2	138.9	238.4	262.2	138.6	170.8	190.6	59.4	148.8	358.9	343.7	524	449.7
Spire1	354.9	154.4	346.6	305.4	36.5	269.1	114.9	374	93.4	107.5	113.7	196.8	132.5	101.2	167.5	186.2	8.5	14.6	22.6	274.5	60.5	72	74.5	87.4
Snx24	156.4	195.4	187.1	282.5	75.1	20.6	131.9	88.1	34.9	47.6	46.4	0.9	115.7	43.3	157.3	30.4	155.1	50.9	58.3	39.8	16.7	13.3	17.4	33
Psmg2	1463.5	1094	1358.9	1238.9	895.9	1517.1	1645.3	1391.4	1336	1362.2	1744.7	1679.4	856.3	1242	1417.1	1314.5	1112.1	1135	1212.7	1336.4	743.2	765	1140	1012.7
Ppic	1003.7	1375.8	1522.7	1754	1680.9	919.9	1564.3	1249.4	806.1	1036.9	964.7	851.8	601.7	674.9	815.6	807.5	197.5	324.5	350.7	461.7	78.8	54.8	612.6	523.5
Ptpn2	524.9	578.1	506.9	395.6	498.3	398.2	497.5	447.5	622.3	543	400.1	278.3	731.8	520.8	511.2	236.8	502.8	497.7	313.9	709.2	813.2	852.7	1022.6	916.3
Cep192	539.6	437.6	430.6	370.6	695	869.1	476.5	500.3	829.7	447.7	425.5	241.6	573.8	447.5	821.4	293.5	814.1	592.2	592.1	357.8	1005	954.5	624	675.5
Ldlrad4	24.1	0	14.8	0	0	28.8	21	0	0	0	106.9	4.5	62.2	46.2	58.3	68.8	182.9	203.7	110.6	82.1	396.3	426.7	33.5	51.8
Setbp1	87.1	147.8	193.4	160.8	24.3	9.6	52.9	45	26.7	2.7	0	0.9	0	0.7	1.5	11.1	0	0	28.5	24.4	23.9	12.5	0	0
Me2	148	244.4	201.2	166.3	239.5	324	248.7	464.1	372.8	489.9	931.1	622.7	346.4	693.2	782.1	435.1	424	356.5	312.7	452.7	2390.3	2360	2973.8	3132.5
Cxxc1	277.2	488.8	553.5	378.2	593.4	546.4	448.5	463.1	719.8	470.8	709.7	556.5	430.2	641.9	469	477.6	422.8	331.8	343.6	519.4	1639.1	1649	1492.9	1330.4
Mbd1	361.2	668.1	435.6	535.8	526.2	579.4	1094.8	679.5	406.6	615.1	712.7	678.2	533.1	368.3	572.4	537.3	512.5	573.3	577.8	351.4	657.2	638.1	699.2	831.5
Smad2	371.7	346.1	198.4	405.3	451.1	205.9	632.3	333.9	459	367.4	398.6	335.5	504.4	352.9	589.9	251	334.4	168.8	200.9	298.8	958.8	945.9	1085	961.5
Atp9b	226.8	362.2	425.7	270.6	280.3	208.7	239.7	319.2	174.6	298	299.1	396.4	474.1	467.3	247.6	326.9	172	170.3	250.9	316.8	559.4	545.8	593.1	667.1
Rbfa	320.2	222.5	161.7	93.5	333.9	179.9	121.9	270.2	364.5	205.5	403.1	489.4	393.4	422.5	163.1	252	370.7	257.6	342.4	455.3	1266.8	1451.7	1794.2	1783.3
Gm16286	818.9	725.9	1166.9	974.8	1028.9	685.1	1506.4	1294.4	1164.5	1261.5	1349.1	1078.1	1233	1365.2	1332.6	1152.6	689.3	1202	1508.8	1218.4	3595	3644.9	4988	4372.3
Csnk1a1	4794.8	4832.7	4949.3	5218.4	5085.6	5990.1	5359.3	5027.9	6067.9	4508.4	4979.9	4402.8	6069.3	4484.4	5790.7	4621.6	6195.5	6276.1	5557.1	5231.4	5430.7	5161.5	5523.5	6539.3
Pcyox1l	768.5	508.6	622.6	745.5	875.8	770.2	846.1	769.6	1136.8	888.6	1026	878.6	1011.9	1419.5	1032.6	1531.1	726.9	708.7	1015.4	623.3	487	419.7	2168.6	1957.4
Grpel2	264.6	473.5	621.2	433.6	346	358.3	352.6	499.4	621.3	396	519	591.4	548.3	268.5	541.8	409.8	409.5	257.6	556.4	457.9	287.2	263.1	376.4	361.7
Napg	288.7	399.6	423.6	288	436.9	402.3	364.6	414.2	199.2	293.9	348.5	214.7	281.7	317.6	383	270.2	322.3	288.1	372.1	280.9	334.2	307.7	304.6	293.8
Txnl1	1083.5	1396.2	1615.2	1572.5	1210.5	1603.6	1488.4	1341.4	2089.7	1521.4	1948.9	2492.6	1420.6	1566.9	1596.2	1505.8	1411.4	1453.7	1439.8	1639.1	1801.5	1853.4	3352.9	3134.4
Nars	2047.3	2541.5	1577.8	1855	2098.5	2248.9	1818.1	2123.7	2912.3	2271.2	2860.5	3116.2	2996.7	3148.5	2722.1	2407.4	2209.7	1823.3	2103.2	2112.3	2450.8	2263.7	5753.6	5215.4
Fech	94.5	191.7	314.8	277.1	158.7	108.5	433.5	424	241.3	474.9	584.8	416.9	261	206.1	327.7	317.8	408.3	289.6	171.2	241.1	647.7	604.5	1311.1	1367.9
Nedd4l	78.7	191	180.7	134.8	27.2	104.3	107.9	112.6	226.9	266.7	133.9	158.4	341.6	98.3	206.8	38.5	40	88.8	269.9	201.4	703.4	604.5	286.5	259.5
Lmnb1	600.5	665.2	493.4	432.5	1822.5	1443	879.1	1028.1	2380.3	1740.5	2304.8	2503.4	1493.2	2148.7	1411.3	1865	1944.4	1590.5	1693.1	2009.7	5555.6	4050.5	1317.1	1530.3
C330018D20Rik	162.7	62.2	110.1	132.6	195.9	221	219.8	112.6	64.7	138.8	141.3	260.4	35.1	85.1	119.4	179.1	21.8	80	164.1	127	85.1	103.4	162.4	188.3
Prrc1	899.8	608.8	611.3	825.9	943.1	1232.9	824.1	659	833.8	851.9	405.3	247.8	913.8	761.5	924.8	499.9	838.3	519.5	448.2	539.9	953.3	942	1639.2	1535.5
Slc12a2	1267.2	1118.9	1382.9	1211.7	806.5	1190.3	982	999.7	740.4	869.6	752.3	755.1	275.3	394.7	667	471.6	218.1	676.6	473.2	541.2	199.7	258.4	111.4	29.1
Isoc1	608.9	918.4	777.9	1075.8	1342.7	1134	654.3	1190.6	1052.6	1499.6	1661.7	997.6	1023.1	1122.4	978.7	1198.2	947.4	1078.3	1301.9	1009.4	1909.7	1746.1	2066.6	2407.7
Dctn4	1676.7	1012.1	1438	1520.3	1078.9	970.7	1276.6	1251.3	1055.6	1133.6	2088	1713.4	1193.9	1115	1252.5	1387.4	1086.7	915.3	1469.5	1304.3	655.7	638.9	690.4	780.4
Rbm22	956.4	1412.3	1045.5	1021.5	1065.3	1583	1211.7	1158.3	1547.5	1295.5	1032.8	1254.4	1258.5	1265.4	1165.1	1137.4	1266	1316.9	1078.4	937.5	1042.4	1165.1	783	769.4
Rps14	44306.4	38756.1	46908.6	50718.1	29670.8	32645.6	36703.1	30008.6	33879	29394.9	36937.4	44619.7	25028.1	31219.1	32380.6	37982.7	35366.7	30428.7	45486.6	38391.2	3201.1	3089.7	4052	3372.5
Cd74	23.1	24.1	77.7	16.3	28.6	33	52.9	21.5	5.1	13.6	17.2	0	2.4	2.2	1.5	5.1	9.7	56.8	19	121.8	23435.8	24427.3	118.1	110.6
Tcof1	2373.8	2140.5	1823.4	1659.4	2362.3	1886.4	1536.4	1987.6	2117.4	1895.6	2110.4	2107	1936.9	1839.1	1999.7	2136.2	1684	2313.7	2482.5	3385.9	4011.1	3989.4	1288.3	1419
Tmx3	1943.3	1197.9	1414.7	1344.3	1121.1	1213.7	984	945.8	964.2	1008.4	946	992.2	1276.1	823.8	1271.5	1191.1	878.3	1303.8	1052.2	1227.4	919	900.5	1376.2	1356.9
Camk2a	322.3	307.4	337.4	334.7	168.7	295.2	291.7	301.6	224.9	272.2	173.5	136.9	610.5	325	355.4	354.2	287.1	277.9	436.3	266.8	49.3	58.7	77.2	96.4
Pdgfrb	88.2	31.5	23.3	55.4	113.7	0	44	16.6	300.9	25.9	92	51.9	270.5	298.6	273.8	240.8	330.7	212.5	167.6	364.2	416.9	454.1	210	184.4
Csf1r	0	0	0.7	18.5	0	0	49.9	64.6	0	85.7	15.7	50.1	4.8	35.9	97.6	77.9	111.5	122.2	130.8	388.6	656.5	725.8	4617.7	4817.4
Hmgxb3	486.1	233.4	219.5	147.8	213.1	295.2	141.8	291.8	222.8	160.6	278.2	209.4	397.4	355.8	158.7	398.7	256.8	227	141.5	332.2	491.7	428.3	471.7	473
Gnaq	1217.9	1421.1	1438.7	1876.8	1471.4	1175.2	1569.3	1719.4	1401.7	2058.9	1294.5	979.7	1438.9	1046.8	1661.8	1491.6	1658.5	1692.3	1592	928.6	265.8	256.8	110	174.7
Psat1	1035.2	797.6	1231.9	1451.9	2514.6	2104.7	2551.3	2300	3018	2731.1	4059.3	3188.7	2577.8	3407.5	3239.1	2407.4	2053.5	1776.7	1980.8	1794.3	2099.1	2042.1	3189.2	3742.7
Tle4	978.5	1304	1008.8	1169.3	1477.9	1128.6	815.1	1034.9	1171.7	1000.2	1030.5	833.9	1458.1	1514.1	1200.1	1248.8	1736	1429	1388.7	833.6	1083	1216	758.9	773.2
Cndp2	60.9	202	144	119.5	420.4	346	114.9	253.6	41.1	147	230.3	231.7	333.6	117.4	174.8	159.9	324.7	248.8	302	203.9	1249.3	1305.3	1795.5	1771.7
Timm21	353.8	136.1	372.7	304.3	378.9	383	379.6	302.6	533	287.1	213.9	250.5	296.9	461.4	514.1	164.9	212	561.7	305.6	400.1	285.7	324.9	582.4	563
Cyb5a	1221	1140.1	1668.1	1937.6	987.4	1106.6	1469.4	1417.8	1202.5	925.4	1662.5	1946	567.4	1115.8	1319.5	1698.1	1269.6	1120.5	1500.4	997.8	526.8	510.5	512.6	511.2
Asrgl1	547	549.6	398.1	502.1	650.6	499.7	240.7	646.2	878	470.8	783	688	1075	646.3	557.8	451.3	683.3	504.9	596.9	737.5	803.7	864.4	792.4	849
Anxa1	953.3	436.9	684.8	899.8	938.8	1021.5	1321.6	801.9	412.8	797.4	270	46.5	1239.4	1495	1370.5	736.7	766.9	1178.7	630.1	1158.1	1643.9	1720.3	5713.4	5769.3
Incenp	923.9	786.7	934.7	880.2	2147.1	1753.2	1483.4	1566.6	2831.1	2765.2	3812.5	4819.8	1878.6	2044.5	1880.2	2360.9	2332.1	2568.3	2695.3	2127.7	4059.7	3994.9	1393.6	1351.1
Fth1	9093.1	7238.1	8553.8	8584	7687.4	9550.1	8206.3	7992.7	8169.9	8140.4	7740.9	9548.3	8372.5	11411.6	12219.4	7397.4	11813.1	10672.1	10153.6	11290.1	23461.3	24364.7	12199	11618.8
Rab3il1	103.9	48.3	43.8	138	45	41.2	25	16.6	10.3	15	3	25.9	35.1	80	51	72.9	21.8	61.1	41.6	74.4	135.3	129.2	96.6	81.5
Fads3	119.7	163.2	49.4	69.5	0.7	27.5	51.9	41.1	2.1	47.6	0.7	0	0	0	0	0	37.6	61.1	39.2	124.4	911.1	853.5	4	2.6
Fads2	7.3	0	20.5	0	17.9	24.7	0	24.5	0	2.7	9.7	0	6.4	0	13.1	13.2	0	0	13.1	1.3	1491.1	1413.3	85.2	95.1
Tmem138	153.3	184.4	64.2	181.5	56.5	252.6	1	137.1	6.2	78.9	130.1	198.6	107.7	267.8	120.9	94.1	215.6	225.5	99.9	221.9	503.7	548.1	334.1	307.4
Tmem216	151.2	322.7	267.5	516.2	180.9	162	537.4	449.4	87.3	626	421	293.5	288.9	283.2	378.7	331.9	219.3	296.9	204.5	314.2	183.8	189.5	456.3	401.8
Sdhaf2	446.2	358.6	417.9	331.4	490.5	291.1	424.6	323.1	582.2	304.8	314.8	784.7	332	563.4	238.9	134.6	322.3	422	237.8	479.7	755.1	791.6	700.5	652.2
Cd5	0	0	0	0	0	0	0	0	0	15	10.5	0	0	0	0	0	2.4	7.3	7.1	28.2	94.7	94.7	6.7	0
Cd6	0	0	0	0	0	0	0	0	0	1.4	0	0	31.9	0	0	0	15.7	55.3	21.4	107.7	341.4	385.2	25.5	64.1
Ms4a1	0	0	0.7	0	125.8	0	22	91.1	0	47.6	20.9	0	0	0	110.7	0	1.2	0	0	236	1325.6	1284.9	0	4.5
Ms4a4c	0	0	9.2	0	0	0	0	28.4	0	35.4	0	170	0	22.7	4.4	0	18.2	10.2	28.5	120.6	113.8	86.9	240.9	216.1
Ms4a6b	528.1	438.3	282.4	585.7	200.2	521.7	350.6	221.3	32.9	200	183.2	118.1	444.5	162.9	436.9	426	577.9	366.7	220	457.9	94.7	89.3	558.3	596.6
Ms4a6d	32.5	24.1	0	18.5	30	30.2	9	9.8	0	53.1	41.9	16.1	0	0	42.2	0	0	10.2	13.1	16.7	5.6	6.3	83.9	89.3
Ms4a2	0	0	25.4	0	0	0	108.9	24.5	232.1	318.4	282.7	173.6	114.1	508.4	566.5	342	0	184.8	14.3	71.8	280.9	315.5	546.8	524.8
Ms4a3	0	0	62.8	9.8	34.3	9.6	148.8	85.2	76	221.8	83	219.2	379.9	1016	371.4	553.5	0	4.4	8.3	413	352.5	300.7	14938.6	13069.5
Mrpl16	411.6	292	269.7	413	404	611	301.7	377	480.6	351.1	417.3	624.5	414.2	678.6	559.3	421	323.5	270.7	378.1	275.7	579.3	533.2	971.6	896.2
Osbp	675.1	486.6	403.1	241.3	484.8	814.1	637.3	514	500.1	662.7	164.5	131.5	401.4	473.2	496.6	229.7	520.9	787.2	274.6	515.6	1382.1	1356.9	1639.9	1804
Fam111a	1831	2074.6	1559.4	1668.1	2792.7	3360.9	3209.6	3049	4071.6	4320.6	4476.6	4756.2	4752.5	3892.4	4847	4142.9	4538.2	3751.4	3816.5	3506.4	1652.7	1678.8	4154	4056.5
Zfp91	3088.8	2748.6	2962.8	2659.2	3040.8	2997.1	2583.3	2778.8	2723.3	3681	3455	3722	3484.4	3288.7	3515.8	3424.5	2905.1	3064.5	2828.5	3084.5	905.5	876.2	489.8	506.7
Lpxn	0	0	48.7	2.2	0	1.4	59.9	15.7	0	21.8	0.7	0	0	225.2	45.1	18.2	53.3	99	58.3	85.9	316.7	296	236.2	214.8
Rfk	1539.1	1338.4	1150.7	967.2	887.3	746.9	680.3	916.5	1010.5	615.1	925.8	958.2	837.2	1228	584	792.4	752.3	574.8	714.6	874.7	1465.7	1427.4	1586.9	1760.7
Ostf1	948	1077.9	1306.7	1210.6	1300.5	967.9	1896	1420.7	1348.3	1626.2	1383.5	2263.6	1435.7	1096	1948.7	1761.8	1091.5	1661.8	1404.1	1601.9	1908.9	1876.1	2663.8	2414.2
Carnmt1	107.1	132.5	71.3	117.4	303.9	274.6	56.9	95	267	224.5	30.7	1.8	261	118.1	480.6	146.7	167.2	170.3	71.3	52.6	77.2	76	128.2	137.8
Ccdc86	381.1	488.8	518.2	459.7	574.8	409.1	665.3	655	512.4	593.3	740.4	818.7	593	518.6	704.9	451.3	255.6	780	623	496.3	860.9	825.3	1388.9	1174.4
Prpf19	1554.9	1746	1332.1	1191	2099.9	2332.6	2235.6	1112.3	2355.7	1427.5	1409.7	2405.9	2415.7	1952.8	1303.5	1542.2	1830.5	1465.3	1357.8	622	2286.8	1842.4	1326.5	1690.1
Slc15a3	2.1	0	6.4	0	0	0	0	30.4	0	9.5	44.1	0	0	1.5	0	0	0	48	0	24.4	101.8	130	6	0
Ddb1	3272.5	3113.7	3214.8	3454.7	2577.5	3141.3	4154.6	3105.8	3107.4	3833.4	4193.2	5802.1	2523.5	3061.2	2889.5	4032.6	2321.2	3166.4	3559.7	2061	6123.7	6403.4	6742	7395.4
Fen1	1117.1	690.8	1092.1	1235.6	1979.1	1729.9	1952.9	2040.5	2201.6	2970.7	2198.7	1347.4	1260.1	2147.9	2519.6	2197	1653.7	2451.9	1819.1	2572.8	50.1	57.2	93.9	82.8
Zfand5	4483	5535.2	4993.1	5273.8	4361.4	4239.6	4976.7	4913.3	4874.6	3606.2	3595.6	3922.4	3833.1	2568.3	3812.9	3371.8	4156.6	4030.8	3877.1	2757.4	1216.6	1183.1	1227.2	1012
Tmem2	453.6	547.4	576.7	504.2	504.1	329.5	523.4	549.3	395.4	507.6	450.2	553.8	523.5	565.6	508.3	298.5	313.8	439.5	261.6	418.1	265	273.3	608.6	757.7
Rtn3	2326.6	2287.6	2784.2	3048.2	2516	2177.5	3269.5	3683.5	3037.5	3569.4	4651.6	3859.7	3210.6	3270.3	4316.8	4598.3	2611.9	3425.4	3683.3	3511.6	2418.1	2393.6	5355.1	5545.4
Atl3	664.6	376.1	789.9	787.9	696.4	576.6	953	637.4	922.1	783.8	1349.9	853.5	388.7	594.2	967.1	905.7	768.1	1097.2	889.3	552.8	310.3	208.3	332.1	337.8
Naa40	970.1	1099.1	785	1169.3	1225.5	785.3	1123.8	1171	1141.9	1443.8	964	614.7	1073.4	1255.2	1194.3	918.9	948.6	1340.2	1037.9	1081.2	2341.8	2475.9	2606.7	2714.5
Lipo1	105	108.3	122.8	88	200.2	100.2	321.7	118.5	261.9	98	92	185.2	19.2	177.5	131.1	176.1	174.5	154.2	196.2	237.3	194.2	177.7	169.1	169.5
Otub1	316	366.6	303.6	359.7	497.6	234.8	349.6	332.9	142.7	318.4	505.5	787.3	347.2	389.5	332.1	352.2	453.1	334.7	318.6	531	1919.2	2001.4	1571.4	1510.3
Cdc42bpg	268.8	392.2	581.7	729.2	186.6	361.1	339.6	546.4	125.3	153.8	290.2	443.8	314.4	133.5	368.5	384.5	260.5	356.5	412.6	146.2	71.6	56.4	38.2	49.8
Ehd1	266.7	166.1	223.1	71.7	118	200.4	238.7	156.7	216.7	261.3	298.4	383.8	137.3	156.3	110.7	72.9	192.6	253.2	246.1	316.8	1502.3	1484.6	1366.1	1259.2
Atg2a	412.6	501.3	545	509.7	195.9	565.6	361.6	246.7	400.5	394.6	352.2	358.8	340	289.8	320.4	168	230.2	179	362.6	315.5	742.4	711	370.4	392.1
Stambpl1	30.4	67.3	48	51.1	12.2	12.4	34	55.8	2.1	20.4	19.4	137.8	139.7	6.6	100.5	2	118.7	58.2	23.8	32.1	1503.1	1519	312.7	259.5
Ppp2r5b	42	11.7	9.2	2.2	7.9	6.9	21	5.9	0	13.6	10.5	60.8	16	0	17.5	7.1	31.5	10.2	30.9	0	134.5	120.6	104.7	113.2
Fas	3.1	182.9	42.4	9.8	60.8	33	317.7	24.5	19.5	9.5	0	11.6	0	1.5	0	3	0	0	3.6	21.8	13.5	20.4	17.4	18.8
Cdc37l1	940.7	1203.8	649.5	703.1	736.4	1259	560.4	639.4	725	581.1	808.4	710.4	806.8	716	584	812.6	602.1	496.2	655.1	986.3	210.1	213.8	412	462
Lipa	193.2	357.8	408	283.6	337.5	454.4	389.6	406.3	401.5	258.6	445	259.5	374.3	385.1	263.6	359.2	432.5	247.4	372.1	488.6	643.7	680.4	1199	1348.5
Ak3	744.4	812.3	894.4	789	1049.6	897.9	1185.7	631.5	1206.6	926.7	1113.5	532.3	1010.4	751.2	1042.8	915.8	753.5	812	876.3	542.5	1348.7	1372.6	1717.7	1619
Rcl1	656.2	679.8	489.9	395.6	414	525.8	464.5	612.9	629.5	522.6	454.7	647.8	427	657.3	734	775.2	399.8	456.9	573.1	361.7	980.3	1076.6	1987.4	1766.5
Snx15	216.3	317.6	344.5	443.4	318.2	226.5	249.7	342.7	166.4	506.2	377.7	327.5	143.7	305.9	205.4	345.1	264.1	337.6	304.4	238.6	584	584.1	655.5	534.5
Jak2	644.6	971.8	673.5	619.4	870.8	777.1	674.3	536.6	1099.8	649.1	360.5	566.3	560.2	627.2	499.6	443.2	436.1	637.4	242.5	378.3	1017.7	952.9	709.9	756.4
Sac3d1	142.8	194.7	182.1	193.4	291	81	250.7	201.7	218.7	148.3	397.1	572.6	282.5	194.4	177.7	262.1	220.5	234.3	110.6	336	518.8	536.4	809.2	1037.3
Cdca5	94.5	99.5	142.6	216.3	378.2	354.2	320.7	324.1	349.1	534.8	706	671.9	559.4	312.5	455.9	470.6	560.9	413.3	645.6	425.8	1519	1437.6	1261.4	1217.8
Zfpl1	255.1	240.8	270.4	243.4	126.6	195	309.7	253.6	151	311.6	352.2	501.9	168.4	216.4	262.2	154.8	110.2	199.4	204.5	404	338.2	388.4	354.9	363
Kif20b	239.4	583.2	278.1	633.6	1294.1	1793.1	902	1043.8	1871	1921.5	2340	2432.7	1254.6	1514.8	1047.2	1706.2	1495	1376.6	1668.1	1087.6	618.3	650.7	487.1	402.5
Vps51	206.8	64.4	167.3	77.2	63.6	65.9	34	68.5	290.6	238.1	94.2	259.5	134.1	230.3	164.6	113.3	243.5	157.2	78.5	169.3	790.1	792.4	720.6	594
Tm7sf2	56.7	19.8	73.4	40.2	15.7	76.9	51.9	61.7	1	95.3	70.3	57.3	90.2	22	81.6	71.8	60.6	13.1	32.1	61.6	66	77.5	129.5	78.9
Rpp30	170.1	147.1	147.5	200	136.6	192.2	391.6	229.1	328.6	148.3	290.9	142.3	233.8	190.7	193.7	140.7	445.8	382.7	148.6	183.4	546.6	501.1	669.6	622.5
Pcgf5	408.4	506.4	477.2	363	548.4	679.6	467.5	616.9	902.6	643.7	101	136	826	485.6	921.9	373.4	554.9	979.3	332.9	414.3	600	582.6	888.4	993.9
Syvn1	807.4	768.4	560.5	843.3	427.6	380.3	755.2	620.8	783.5	514.4	465.2	180.7	640	549.5	544.7	492.8	699	826.5	463.7	919.6	1786.4	1916.8	832	880
Tnks2	3037.3	1759.2	2175.7	2040.8	1725.2	1635.2	1603.3	1746.8	1562.9	1713.3	1639.3	1647.1	2137.2	1558.9	1903.5	2283	1929.9	1861.1	2127	1677.5	1953.4	2151.7	1658	1723.1
Tjp2	855.7	739.1	874.7	670.5	1056.7	902	847.1	1052.6	1038.2	866.8	706	715.8	581.8	571.5	742.8	771.1	646.9	692.7	520.8	663.1	285.7	240.4	204	252.4
Frmd8	847.3	998.2	1013.7	1207.3	1012.4	1053	1586.3	975.2	813.3	899.5	904.1	1572	998.4	783.5	834.5	1484.5	812.9	1046.3	1193.7	1260.7	2110.2	2236.3	1912.3	2113.3
Uhrf2	1875.1	1398.4	1678.7	1320.4	1492.9	1923.5	1527.4	1638.1	1139.8	1269.6	1385	847.3	1553.8	1371.1	1466.6	1621.2	1722.7	1711.3	1814.3	1131.2	982.7	913	987	943.4
Slc25a45	1019.4	1245.5	1795.9	1715.9	1029.6	762	1240.7	1055.5	600.7	710.3	1063.4	1114.8	895.4	477.6	703.5	1390.4	1200.6	1475.5	1242.4	1117.1	686.7	769.7	727.3	892.3
Rad9a	109.2	172.7	122.8	97.8	157.3	168.9	226.8	169.4	201.3	156.5	71	470.6	85.4	146.7	230.1	235.8	95.7	160.1	132	295	815.6	898.9	668.3	758.4
Dpf2	1222.1	939.6	1572.8	1116.1	1523.6	1400.4	1633.3	1773.2	2288.9	1770.4	2826.8	2438.1	1389.4	1261.8	1482.6	1365.1	671.2	1041.9	1190.1	1240.2	1908.9	1890.2	1801.6	1820.2
Mrpl21	547	533.5	492.7	414	540.5	600	455.5	469	504.2	650.5	420.3	875.9	540.3	667.6	642.3	759	590	611.2	623	618.2	427.3	438.5	660.9	592.1
Rps6kb2	300.3	297.8	439.1	449.9	291.7	230.7	553.4	382.8	147.9	355.2	542.9	503.7	212.3	99	298.6	425	139.3	289.6	330.5	354	494.1	390.7	299.9	365.6
Ighmbp2	73.5	225.4	109.4	235.8	36.5	83.7	116.9	146.9	176.6	117	224.4	215.6	142.9	239.9	222.8	199.4	146.6	58.2	158.1	234.7	296	267.8	169.8	254.3
Pola2	232	279.5	728.5	628.1	722.1	428.4	715.2	839.1	679.8	1013.8	993.1	1344.7	531.5	718.9	1175.3	1054.5	594.8	762.5	984.4	1446.7	2048.1	2199.5	1880.1	1998.2
Coro1b	878.8	578.8	461.7	559.7	539.8	424.2	481.5	535.6	229	575.6	439	633.4	720.7	769.5	534.5	512	631.2	918.2	583.8	908	3924.4	3980	4304.3	4045.5
Eif1ad	1021.5	644	965	671.6	939.5	959.7	828.1	941.9	790.7	1028.8	1067.9	819.5	1384.6	1012.3	1297.7	988.7	920.7	1220.9	1502.8	1254.3	1569.9	1801.7	2203.5	2157.3
Chka	807.4	982.8	615.6	813.9	588.4	885.5	871.1	947.8	682.9	807	606.5	412.5	619.3	542.9	538.9	623.4	753.5	771.2	869.1	420.7	525.2	496.4	254.3	247.8
Banf1	1543.3	1600.4	2902.1	2851.5	3095.8	3620.4	4853.9	3411.3	4196.9	5241.8	5513.1	5741.3	3054.2	3903.4	5031.9	4840.2	2558.6	4192.3	3792.7	3591.1	3901.3	4266.6	3715.2	3283.9
Tmem134	351.7	412.7	384.7	437.9	409.7	352.8	396.6	453.3	192	446.3	703.7	541.3	360.7	382.9	725.3	573.8	558.5	429.3	669.4	501.5	1234.9	1266.9	689.1	707.2
Aip	345.4	175.6	194.8	273.9	306.7	278.7	283.7	247.7	302.9	330.7	477.9	389.2	275.3	203.9	276.7	279.3	219.3	254.7	369.8	366.8	1414	1326.4	904.5	752.5
Pitpnm1	177.4	166.1	91.1	90.2	185.9	70	49.9	54.8	12.3	54.4	53.1	39.4	6.4	2.2	65.5	67.8	83.6	4.4	39.2	87.2	440.8	505.8	267.7	302.8
Sf3b2	5971.8	6116.3	4435.4	5487.9	5831.3	6639.5	4194.6	5406.8	5978.5	5783.5	7075.3	7596	6106.8	6633.1	5726.6	6057.6	6896.9	5859.9	5877	7468.2	6894.8	6892.8	4210.4	4063
Pold4	164.8	150	101.7	55.4	13.6	98.9	120.9	41.1	57.5	68	134.6	216.5	17.6	118.8	42.2	64.8	71.5	55.3	78.5	106.4	514	536.4	328.1	245.9
Pacs1	371.7	104.6	270.4	206.5	349.6	138.7	182.8	166.5	371.7	191.9	247.5	372.2	333.6	72.6	103.4	311.7	219.3	219.7	191.4	203.9	1101.3	1142.4	565.6	729.9
Cdk2ap2	252	221	400.3	377.1	323.9	192.2	250.7	438.7	277.3	337.5	487.6	659.4	276.9	355.1	426.7	346.1	304.1	342	480.3	638.7	2168.3	2086.7	2981.8	2691.2
Adrbk1	2095.6	1637	1954	1585.5	1675.9	1749.1	1724.2	1609.7	1011.5	1626.2	2333.3	2203.7	1786.1	1550.8	1773.9	2455	1582.2	1939.7	2846.3	2685.6	8370	8184.7	3320.7	3494.8
Pip5k1b	137.5	256.9	150.4	258.6	338.2	249.9	160.8	164.5	423.1	357.9	166.8	100.2	176.4	184.1	279.6	188.2	421.6	187.7	141.5	218	17.5	18	114.1	55
Nudt8	111.3	106.8	146.1	239.1	334.6	122.2	47	116.5	167.4	88.5	112.9	98.4	201.9	231.1	147.1	238.8	138.1	154.2	298.4	146.2	115.4	106.5	153	149.5
Rab1b	382.2	310.3	517.4	623.8	451.1	568.4	649.3	517	314.2	772.9	893.7	1075.4	471.7	398.3	658.3	531.3	485.8	865.8	548.1	575.9	3604.5	3796.8	4186.9	3816.4
Yif1a	320.2	311	340.3	433.6	391.1	438	579.4	540.5	182.8	386.5	304.4	807.9	395	358.7	458.8	368.4	487	702.8	417.3	501.5	705	707.1	1057.5	984.2
Cbwd1	145.9	165.4	100.2	100	112.3	68.6	77.9	76.4	81.1	178.3	153.3	18.8	137.3	107.1	185	172	187.8	177.5	93.9	87.2	113.8	83	182.5	121.6
Aldh3b1	0	0.7	0	0	24.3	0	0	0	39	16.3	16.5	19.7	0	0	0	0	0	0	11.9	44.9	374	341.4	304.6	315.1
Asah2	407.4	239.3	256.3	101.1	143.7	100.2	155.8	113.6	84.2	36.7	42.6	142.3	250.6	152.6	77.2	53.6	144.2	42.2	93.9	78.2	12.7	9.4	1.3	1.9
Rce1	350.7	197.6	250.6	340.1	227.4	227.9	132.9	261.4	160.2	322.5	270.7	131.5	214.7	349.9	522.9	232.7	239.9	314.3	196.2	475.8	702.6	716.4	802.5	709.2
Slc29a2	95.5	126.6	51.5	69.5	20	124.9	38	79.3	153	70.8	29.2	25.1	230.6	106.4	90.3	82	61.8	176.1	59.4	103.9	74.8	71.3	110	43.4
Pcx	1	1.5	28.9	5.4	36.5	0	0	0	119.1	21.8	62.8	22.4	0	7.3	2.9	25.3	0	0	5.9	0	265.8	343.7	221.4	124.2
Minpp1	321.3	292	378.4	195.6	340.3	431.1	262.7	300.6	372.8	420.5	149.6	72.5	183.6	334.5	246.1	254	206	132.4	184.3	205.2	1086.1	1032.8	1784.1	1706.3
Apba1	30.4	37.3	84	57.6	0	1.4	53.9	32.3	0	25.9	2.2	0	0	0	26.2	0	0	14.6	0	60.3	205.3	263.1	154.3	161.1
Papss2	0	0	12.7	31.5	15	11	44	52.9	59.6	21.8	0	37.6	20.7	208.3	1.5	81	0	0	32.1	30.8	115.4	104.1	1935.1	1667.5
Cpt1a	1273.5	1118.9	2167.9	2638.5	1162.6	1832.9	2445.4	1870.1	1190.2	1578.5	1963.8	1771.5	1771.7	1774.5	1807.4	1842.8	940.1	2187.1	2128.2	1250.5	1601.7	1692.1	1627.8	2006.6
Mrpl11	610	425.2	530.9	492.3	758.6	843	901	511.1	864.6	802.9	578.1	568.1	935.3	484.9	536	624.4	384	621.3	543.3	645.1	623.8	623.3	825.3	649.7
Mus81	55.6	32.2	11.3	104.3	53.6	43.9	47	84.2	1	132	151.1	131.5	29.5	174.6	126.7	116.4	69.1	46.6	57.1	109	313.5	373.5	365	442.6
Ppp6r3	2214.2	2297.8	1763.4	2001.7	1384.2	1732.6	1649.3	1672.4	1735.4	1639.8	1858.4	2269	1918.6	1694.6	1559.8	1867.1	1458.6	2061.9	2242.3	1814.8	1678.1	1764.9	1121.9	1246.9
Ctsw	44.1	46.8	28.2	22.8	11.4	31.6	60.9	24.5	0	5.4	6	36.7	4.8	0	46.6	73.9	55.7	46.6	47.6	55.1	234.7	236.5	5.4	5.2
Fibp	124.9	153.7	167.3	248.9	266.7	184	98.9	204.6	245.4	186.4	278.9	265.7	103.7	190	230.1	276.3	162.3	272.1	225.9	278.3	688.3	677.3	775.6	682
Lrp5	102.9	60	37.4	44.6	56.5	71.4	13	40.1	66.7	38.1	16.5	2.7	50.3	43.3	20.4	46.5	58.2	61.1	76.1	57.7	117.8	97.1	67.8	93.2
Drap1	707.6	644.7	651.6	629.2	650.6	672.7	536.4	537.5	710.6	775.7	782.2	594.1	521.9	507.6	550.5	891.5	622.7	390	630.1	913.2	1225.4	1235.6	1351.3	1221.7
Smarca2	8964	9320.8	7253.5	7012.6	5257.9	5767.7	4515.2	5965.9	3362	4170.9	3184.3	4178.3	3723	2753.1	3153.2	3357.7	3177.7	3038.4	3774.9	3307.6	863.3	839.4	333.5	400.5
Vldlr	182.7	251.7	212.5	88	239.5	255.4	390.6	807.8	409.7	345.6	347.7	187	964.1	624.3	1424.4	823.7	1319.3	1264.5	1247.2	1437.7	27.1	21.1	18.1	1.3
Rnaseh2c	250.9	423	535.1	368.4	359.6	804.5	409.6	322.1	811.2	632.8	744.1	938.5	402.2	742.4	536	641.6	484.6	541.3	303.2	555.3	650.1	665.6	1191	994.5
Kat5	66.1	147.1	146.8	163	129.4	115.3	62.9	76.4	75	44.9	338	184.3	55.9	129.1	78.6	125.5	109	34.9	102.2	92.3	392.3	310.1	197.3	225.8
Rela	1313.4	1172.3	803.4	721.6	639.9	856.7	770.2	545.4	819.5	749.8	578.1	620	604.1	712.3	706.4	566.7	753.5	574.8	838.2	958	2128.5	2186.9	1656.6	1734.8
Ehbp1l1	584.8	833.5	761	576	733.6	612.3	411.6	471.9	438.5	394.6	749.3	750.7	417.4	383.7	490.8	557.6	350.1	622.8	464.9	655.4	1179.2	1150.2	1162.1	1162.8
Ltbp3	1152.8	863.5	1090	634.6	434	315.8	811.1	633.5	173.5	406.9	578.8	323.9	570.6	409.3	375.8	451.3	558.5	736.3	485.1	563	137.7	188.7	250.3	182.5
Scyl1	298.2	322	168.7	210.8	283.8	145.5	235.8	227.2	256.7	176.9	107.7	282.7	292.9	187.1	164.6	155.8	173.2	96	102.2	264.2	922.2	893.4	734	823.1
Capn1	96.6	66.6	99.5	22.8	87.9	100.2	77.9	49.9	103.7	40.8	109.2	94.8	143.7	134.2	72.8	132.6	60.6	167.3	174.8	85.9	529.1	502.7	483.1	440.7
Smc5	2256.2	2676.1	1550.2	1837.6	2498.1	2299.7	1509.4	1993.5	2560	1469.7	1735.7	1012.8	2101.3	2162.6	1858.4	1828.6	1673.1	2144.9	1199.6	1181.2	646.9	634.2	729.4	488.5
Arl2	204.7	208.6	149.7	138	50	173	325.7	215.4	159.2	127.9	274.5	113.6	106.9	289	292.7	254	220.5	109.1	265.1	287.3	507.7	464.3	630.7	658.1
Men1	340.2	343.9	509.7	466.2	386.1	344.6	517.5	509.2	293.7	600.1	448	428.6	247.4	220.8	403.4	476.6	380.4	443.8	554	336	2123.7	2284.8	1531.8	1511.6
Map4k2	1178	1318.7	1324.3	1058.5	839.4	521.7	744.2	548.3	389.2	464	368.7	167.3	792.5	379.3	601.5	446.3	768.1	902.2	599.2	424.5	2397.4	2406.2	392.5	372.1
Sf1	6241.6	5697	7074.9	6384.4	6484.8	5438.2	6313.3	8028.9	6266.1	7745.7	6244.5	5215.2	6454.8	6049.1	7261.7	6744.7	5697.6	6702.4	7545	7918.3	6230.3	6270.3	4938.4	4748.9
Rps6ka4	39.9	97.3	126.4	39.1	30	160.6	111.9	150.8	84.2	221.8	62.8	187.9	255.4	233.3	109.2	130.5	63	59.7	91.5	170.6	829.1	898.9	475.1	680.1
Prdx5	936.5	1015	1385.7	1598.6	755.7	995.4	1514.4	1226.9	975.5	1053.3	1291.5	1433.3	760.6	1417.3	952.5	1500.7	717.2	596.6	1011.8	1580.1	1840.5	1768	4360.7	4108.9
Esrra	210	232.7	209	138	478.3	119.4	343.6	286.9	293.7	254.5	184	100.2	153.2	294.2	202.4	207.5	88.4	496.2	292.5	96.2	274.5	285	250.3	271.1
Gpr137	82.9	154.4	85.4	71.7	80.1	23.3	26	130.2	0	147	126.4	207.6	57.5	33.7	161.7	62.7	86	75.7	76.1	173.1	169.5	217.7	297.9	235.5
Bad	277.2	152.9	250.6	421.6	288.1	167.5	184.8	205.6	299.9	262.6	615.5	559.2	150.8	300.8	249	557.6	305.3	224.1	444.7	420.7	401.8	406.4	691.8	639.3
Plcb3	108.1	121.5	60	69.5	50	74.1	98.9	88.1	111.9	58.5	14.2	85	43.1	46.9	58.3	154.8	27.9	64	54.7	93.6	400.2	348.4	340.2	353.9
Vegfb	404.2	347.6	420	183.7	408.3	492.9	473.5	499.4	510.4	500.8	845.1	522.5	585.8	260.4	556.4	690.2	342.8	407.4	581.4	720.8	471.9	472.9	446.9	380.5
Dnajc4	68.2	117.1	33.2	80.4	67.9	87.9	33	25.5	93.4	16.3	59.1	176.3	131.7	69.7	37.9	39.5	59.4	30.6	89.2	48.7	102.6	96.3	113.4	115.2
Fermt3	2016.8	1903.4	2261.1	1750.7	2028.4	1945.4	1608.3	2031.7	2715.1	2484.8	2430.5	2369.2	1639.2	1476	1310.8	1484.5	1160.6	1110.3	1028.4	1559.6	4249	4364.5	7315.7	7232.3
Stip1	761.2	558.4	684.1	921.5	893	551.9	583.4	1225.9	1016.6	1481.9	1898.8	1708.9	754.2	768.8	1201.5	1284.2	611.8	561.7	1079.6	1503.1	4553.8	4785.7	4378.1	4542.4
Rcor2	849.4	1068.4	559.8	629.2	420.4	260.9	589.4	368.2	244.4	77.6	247.5	174.5	428.6	130.6	147.1	221.6	330.7	218.3	401.9	237.3	374.8	389.9	20.1	16.8
Mark2	510.2	279.5	325.4	353.2	606.3	293.8	196.8	459.2	457	447.7	402.3	339.1	259.4	284.6	372.8	442.2	415.5	391.4	310.3	342.4	1889	1973.2	1643.2	1461.1
AI846148	143.8	91.5	105.9	144.5	175.9	274.6	94.9	71.5	83.2	92.5	32.9	75.2	5.6	55.8	85.9	136.6	80	46.6	60.6	121.8	304	245.1	134.2	154
Smc3	5093	6376.1	3218.4	3716.6	5051.3	5078.5	3874.9	4304.3	6387.2	6921.1	6255.7	6398.9	5968.7	5676.5	6114.1	5197.4	5643.1	5500.5	4975.7	5271.2	2333	2507.2	1554.7	1437.1
Pdcd4	2496.6	3546.2	3585.4	2992.8	3436.9	5368.2	5366.3	3727.6	5867.6	4971	6547.4	6610.1	2473.2	4911.3	2797.8	2693.8	2195.2	2744.4	2194.8	2121.3	660.4	722.7	3020.7	3423.7
Shoc2	623.6	845.9	494.9	368.4	589.9	545.1	462.5	636.4	276.2	544.3	458.4	734.6	554.7	287.6	348.1	324.8	653	488.9	406.6	583.6	646.9	636.6	954.8	750
Gpam	0	2.2	0	0	0	0	1	0	28.8	0	1.5	0	0	0	0	0	0	0	10.7	3.8	825.9	698.4	192.6	201.9
Acsl5	1185.3	1159.9	959.4	875.9	904.4	1301.5	905	693.2	1603	974.3	1380.5	1134.5	1006.4	1330.7	1255.4	1185	817.7	631.5	1051	1218.4	3640.3	3509.4	4933.7	5109.9
Zdhhc6	423.1	586.9	589.5	827	676.4	852.6	1011.9	1193.6	349.1	924	1133	1205.2	867.5	639	1099.6	1292.3	640.9	714.5	1164	741.3	1005	984.2	1935.1	1665.6
Vti1a	80.8	89.3	109.4	168.4	158	13.7	137.9	90.1	172.5	132	111.4	25.1	67.8	82.2	37.9	47.6	26.7	17.5	130.8	75.7	616.7	649.1	498.5	720.8
Tcf7l2	830.5	1096.9	1067.4	1332.3	1239.8	955.6	1358.6	853.8	627.4	374.2	234.8	282.7	1134.1	647	675.8	531.3	1433.2	1495.9	1191.3	1186.3	563.4	620.1	26.8	58.9
Hhex	1442.5	1332.6	1607.4	2043	1276.9	1765.6	1903	1494.2	1982.9	1276.4	1296.8	1662.4	1760.5	1870.6	1803	1927.8	2361.2	2091.1	2368.4	1562.1	2411.8	2432.8	1194.3	1173.1
Cep55	116.5	74.6	244.3	173.9	577.7	709.8	593.4	473.9	736.3	721.2	502.5	378.5	333.6	631.6	432.6	379.5	764.4	848.4	418.5	457.9	962.8	1018.7	430.1	521.5
Eif3a	21062.9	19816	10284.8	13590.5	17040.7	15349.4	10553.8	15690.7	17205.5	15281.9	15353.9	17675.7	17648.4	17136.5	15459.9	13922.5	16722	13319	13908.3	14696.5	3380.1	3412.3	4038.6	4163.3
Fam45a	191.1	311.7	170.1	150	204.5	119.4	49.9	112.6	131.4	166	157.8	127	147.6	212.7	106.3	110.3	128.4	141.1	143.9	143.6	231.5	244.3	458.9	451.7
Prdx3	434.7	305.9	397.4	532.5	421.1	369.3	690.3	353.5	506.3	732.1	424	273.8	474.8	439.4	490.8	593	308.9	211	323.4	682.3	1235.7	1252.8	2233	2055.1
Noc3l	488.2	665.9	495.6	728.1	663.5	621.9	520.4	622.7	548.4	559.3	501.1	228.1	362.3	651.4	773.4	447.3	494.3	848.4	371	711.8	246.7	247.4	297.2	354.6
Hells	619.4	1058.2	845.7	841.1	2502.4	3362.3	1674.2	2357.8	3948.4	2766.5	2468.6	1784	4584.9	3668.6	2748.3	2656.4	2979	2929.2	2408.8	2327.8	1517.4	1566.8	2328.3	2330.1
Sorbs1	168	246.6	105.2	280.4	139.4	291.1	78.9	151.8	89.3	0	45.6	11.6	110.1	176.1	69.9	44.5	147.8	113.5	229.5	42.3	98.7	108.8	25.5	12.3
Aldh18a1	286.6	474.9	415.1	328.2	444	344.6	534.4	511.1	929.3	544.3	415.1	426.8	429.4	639	684.5	291.4	419.2	197.9	319.8	724.6	1757.7	1811.1	2520.9	2293.9
Tctn3	37.8	51.2	110.8	230.4	73.6	35.7	56.9	95	49.3	123.8	165.3	152.1	62.2	111.5	94.7	71.8	43.6	110.6	177.2	48.7	172.7	157.4	187.9	148.2
Ccnj	206.8	120	221	213	176.6	134.5	152.8	155.7	275.2	134.7	97.2	34	129.3	159.9	118	41.5	111.5	135.3	91.5	56.4	144.8	154.3	328.1	198
Dntt	1	0	17.6	18.5	1.4	1.4	83.9	70.5	22.6	43.5	0.7	80.5	182	40.3	167.5	264.1	5597	6849.4	7227.6	5198.1	21572.3	22169.9	10.7	9.1
Tm9sf3	7570.8	7702	6951.3	6554	6822.3	6933.3	7233.3	7432.6	8440	7055.8	6489	6696	8407.6	8683.4	7593.8	7466.2	6795.2	7275.8	6252.7	5160.9	4883.2	4532	8426.1	9313.9
Pik3ap1	21	0	9.2	42.4	0	39.8	0	25.5	0	1.4	0	0	122.1	0.7	0	30.4	4.8	8.7	0	60.3	3420.7	3575.2	1067.5	1133
Lcor	943.9	1563.1	776.5	1074.8	1055.3	759.2	564.4	759.8	660.3	1132.2	838.3	629.9	1230.6	690.3	635	711.4	829.9	583.5	718.1	501.5	145.6	117.5	28.9	61.5
Smndc1	1617.9	1105	1206.4	1208.4	1891.8	1246.6	1091.8	1552.9	1202.5	1562.2	1396.2	1320.6	1460.5	1583.1	1268.5	1313.5	1281.7	1478.4	1481.4	1368.5	627.8	588	471.7	555.8
Mxi1	540.7	386.4	616.3	697.7	381.1	799	521.4	611	697.3	649.1	551.2	272.9	611.3	534	554.9	374.4	502.8	643.2	510.1	309.1	646.9	732.9	1066.9	971.9
Add3	618.4	684.2	1065.3	1120.4	1625.1	1396.3	1678.2	1310.1	1531.1	2230.4	1372.3	1143.4	1325.6	1609.5	1621	1217.4	1723.9	1769.5	1065.3	1314.6	1440.2	1532.3	1105.8	1188
Xpnpep1	204.7	288.3	271.8	178.2	550.5	462.7	518.5	276.1	520.6	481.7	348.5	255.9	205.1	465.8	413.6	233.8	270.2	343.4	154.6	574.6	1370.2	1299.8	2444.4	2311.3
Trim8	526	398.8	330.4	296.7	330.3	608.2	141.8	302.6	372.8	274.9	98.7	84.1	238.6	192.2	311.7	104.2	353.8	181.9	57.1	246.2	1410.8	1378.9	1265.5	1171.8
Arl3	275.1	398.1	211.1	260.8	218.8	141.4	132.9	238.9	319.4	147	152.6	375.8	324	192.9	302.9	151.8	284.7	177.5	253.2	470.7	186.2	197.3	98	81.5
Sfxn2	446.2	544.4	454.6	549.9	436.9	278.7	533.4	462.2	616.1	653.2	621.5	1033.4	385.5	571.5	458.8	201.4	407.1	467.1	450.6	366.8	272.1	195	213.4	254.9
Maoa	159.6	122.9	191.3	154.3	278.1	218.3	211.8	180.2	92.4	126.6	183.2	83.2	32.7	138.6	199.5	182.2	189	65.5	103.4	51.3	105	112	406.6	387.6
Fundc1	770.6	1219.9	953.7	746.6	824.4	952.8	624.3	787.2	500.1	729.4	706	591.4	855.5	787.9	712.2	861.2	849.2	905.1	785.9	809.3	745.6	666.3	899.8	884.5
Nt5c2	221.5	367.4	386.1	456.4	424.7	341.9	575.4	471	573	308.9	618.5	416.9	361.5	292.7	406.3	574.8	353.8	504.9	489.8	455.3	1210.3	1289.6	1658.7	1521.9
Pdcd11	837.8	914.7	957.2	1075.8	936.6	734.5	744.2	802.9	654.1	812.4	881	1001.2	951.3	644.8	1000.6	611.2	1051.6	865.8	850.1	988.8	604.7	588.8	586.4	586.9
Taf5	45.1	268.6	191.3	159.7	385.4	159.3	183.8	193.9	385.1	330.7	157	182.5	130.1	434.3	256.3	361.3	338	203.7	239	359.1	476.6	441.6	432.8	513.1
Pcgf6	275.1	340.3	331.1	251	587.7	681	723.2	419.1	297.8	568.8	150.3	225.5	322.4	185.6	825.8	325.8	287.1	314.3	331.7	492.5	316.7	349.2	432.1	479.5
5430427O19Rik	42	135.4	93.2	55.4	108.7	119.4	116.9	16.6	31.8	149.7	160.8	97.5	257.8	206.1	351	268.2	290.8	215.4	198.6	155.2	321.5	288.9	371.1	293.1
Gk	452.5	275.9	306.4	374.9	486.2	667.2	498.5	441.6	562.7	699.5	332	184.3	561.8	420.3	487.9	478.7	340.4	368.2	312.7	216.7	327	250.6	481.1	382.4
Slk	3788	3516.2	3239.5	2512.5	3660.7	3925.2	3490.3	3680.6	3931.9	3456.5	3222.5	2930.1	3304	3086.9	3303.2	2997.4	3377.6	3413.8	2834.4	2960.1	1543.7	1463.4	1390.3	1809.2
Sfr1	4058.9	4579.5	2533.6	3120	3675.7	3544.9	2214.7	2660.3	3056	2649.5	2183.7	2917.6	3487.5	4078.7	2867.7	3421.4	4022.1	3160.6	3117.4	2875.4	1904.1	1835.4	1698.9	1741.3
Gsto1	1084.5	1367.7	2281.6	1407.3	1525	1896	2112.8	1731.1	1792.9	1941.9	2040.9	2634.9	2572.2	2434.8	2247.3	2156.5	1813.6	2470.8	1942.7	1857.1	1450.6	1424.3	4896.8	4323.7
Casp7	114.4	229.8	197.7	88	96.5	521.7	290.7	269.3	255.7	259.9	320.1	408.9	209.1	292	461.7	269.2	202.3	215.4	222.3	259.1	959.6	884.8	1156.1	1275.4
Dclre1a	60.9	163.2	39.5	59.8	66.5	74.1	108.9	121.4	276.2	76.2	56.1	51.9	59.9	114.4	49.5	117.4	204.7	129.5	78.5	56.4	62.9	59.5	287.2	317.1
Nhlrc2	530.2	761.8	495.6	495.5	900.2	517.6	618.3	591.4	834.9	734.8	458.4	465.2	829.2	454.1	720.9	498.9	765.7	785.8	492.2	346.3	499.7	457.3	658.2	757.1
Ablim1	297.1	515.9	252	416.2	339.6	336.4	122.9	371.1	67.8	220.5	233.3	4.5	746.2	261.2	665.6	519.1	953.4	998.2	797.8	1015.8	3498.7	3363	210	193.5
Trub1	685.6	870.8	808.3	687.9	788.6	1145	602.4	549.3	600.7	534.8	639.4	572.6	463.7	853.9	613.2	536.3	688.1	692.7	485.1	287.3	226.8	202.8	460.3	502.8
Gfra1	0	0	0	4.3	0	0	0	0	3.1	0	0	0	0	9.5	0	20.2	23	2.9	36.9	42.3	775	836.2	0	0
Slc18a2	3985.4	3538.2	3312.2	2721.1	2928.5	2405.4	2183.7	2203.1	2779.8	2053.5	2004.2	1676.7	1375.9	1820.8	1433.1	1021.1	73.9	112	55.9	101.3	109.8	155.8	268.4	269.2
3110040N11Rik	330.7	121.5	164.5	207.6	263.8	313	269.7	325.1	502.1	253.1	348.5	164.6	152.4	468	272.4	228.7	259.3	275	332.9	228.3	210.9	203.6	296.6	232.3
Btbd1	955.4	780.1	1255.9	1248.6	776.5	639.8	1573.3	1150.5	985.8	1002.9	1423.9	1298.2	517.9	947.1	1073.4	1190.1	1165.4	1315.5	1118.8	978.6	584	542.6	1001.8	1047.6
Hdgfrp3	1004.7	1427	898.7	1312.8	1135.4	1169.7	759.2	1249.4	326.5	430	590	802.5	515.6	213.5	451.5	781.2	814.1	699.9	732.4	606.6	26.3	40.7	10.7	4.5
P4hb	1704	1747.5	2350.8	2363.6	3266	2531.7	2992.8	2697.5	3034.4	3176.1	3349.6	3355.1	3118	3861.6	4383.8	3095.6	2994.8	3987.1	2703.7	4127.2	10450	10924.4	42296.4	42637.4
Arhgdia	465.1	559.1	692.5	644.4	588.4	675.5	610.4	593.4	790.7	811	1206.3	1302.7	627.3	914.8	700.5	969.5	764.4	851.3	1191.3	1471.1	14317.9	14208.3	12570.8	12245.8
Ints4	268.8	252.5	338.8	244.5	489.8	422.9	439.5	382.8	352.2	230	363.5	343.6	238.6	406.4	305.8	277.3	302.9	567.5	303.2	321.9	1278.7	1387.5	1375.5	1255.3
Alyref	343.3	297.8	307.8	339.1	683.5	469.5	380.6	484.7	515.5	725.3	1027.5	906.3	557	672.7	605.9	1117.2	410.7	617	716.9	976	5445.8	5246.9	6506.5	6254.6
Anapc11	1004.7	661.5	1067.4	883.5	792.9	913	1199.7	1022.2	940.6	1287.3	1300.5	1314.3	838	828.2	1203	1196.1	722	1073.9	1199.6	1399.2	884	898.9	1152.7	1109.1
Pcyt2	253	265.6	345.9	348.8	446.1	295.2	249.7	190.9	354.3	258.6	128.6	451.8	342.4	476.1	254.9	210.5	295.6	225.5	321	309.1	907.1	866.8	602.5	580.4
Sirt7	627.8	470.5	788.5	1149.7	578.4	509.4	841.1	698.1	774.3	801.5	1373	877.7	867.5	776.1	544.7	993.7	858.9	852.7	911.9	845.2	1221.4	1181.5	1159.4	1104.5
Tollip	874.6	1009.1	523.1	434.7	420.4	693.3	498.5	637.4	855.4	462.7	467.4	331.9	608.9	706.4	665.6	510	387.7	420.5	405.4	488.6	1351.9	1298.2	1354	1399
Pycr1	0	32.9	12.7	5.4	0.7	12.4	12	6.9	8.2	74.8	20.2	31.3	24.7	1.5	0	30.4	12.1	1.5	20.2	74.4	132.1	131.5	214	253.7
Aspscr1	75.6	79	48	48.9	108	76.9	24	151.8	143.8	110.2	149.6	88.6	146	80	61.2	59.7	136.9	80	78.5	94.9	988.3	1005.4	726	724.1
Stra13	137.5	75.4	137	105.4	190.9	267.7	97.9	187	205.4	221.8	295.4	250.5	86.2	154.1	205.4	435.1	163.5	116.4	210.4	214.2	768.6	810.4	858.2	755.1
Lrrc45	328.6	253.2	154.6	100	171.6	167.5	23	90.1	294.7	36.7	143.6	239.8	78.2	55.8	139.8	72.9	210.8	109.1	190.2	125.7	573.7	512.9	422	515.1
Mob2	535.4	359.3	705.2	402.1	826.5	984.4	557.4	721.6	579.2	592	746.3	703.2	704.7	654.4	1224.8	767.1	1234.5	876	1320.9	786.2	803.7	869.9	1070.2	1091.6
Maged1	791.6	847.4	983.4	854.2	445.4	435.2	636.3	626.6	228	212.3	98	314	266.6	369	359.7	280.3	364.7	395.8	330.5	245	1047.9	930.2	97.3	106.1
Fasn	1347	1430.6	919.1	1292.1	1130.4	1135.4	806.1	1189.6	1139.8	1090	1457.5	999.4	1881	723.3	1565.7	1555.4	1163	1238.3	1351.8	2147	3341.9	3267.5	2651.7	2780.5
Arhgap19	140.7	4.4	194.8	27.2	52.9	152.4	330.6	177.2	451.8	483.1	380.7	232.6	25.5	35.2	154.4	100.2	140.5	343.4	133.2	248.8	1215	1187	1046.1	1047.6
Dus1l	325.5	142	214.6	240.2	260.3	377.6	124.9	170.4	296.8	292.6	364.9	361.5	101.4	250.9	375.8	296.5	241.1	189.2	300.8	360.4	1166.5	1139.3	1717.7	1655.2
Gps1	109.2	106.8	89.7	133.7	93.7	156.5	51.9	173.3	45.2	93.9	373.9	186.1	217.1	124.7	224.3	390.6	201.1	74.2	177.2	206.5	305.5	296.8	448.9	465.2
Zdhhc16	190	154.4	231.5	236.9	256.7	167.5	286.7	285.9	218.7	212.3	453.2	157.5	129.3	218.6	260.7	219.6	204.7	315.8	332.9	311.7	423.3	423.6	826.6	880.7
Rfng	352.8	459.6	564	333.6	401.1	204.6	448.5	311.4	511.4	300.7	397.9	763.2	375.1	190.7	298.6	424	206	528.2	302	378.3	411.4	414.2	528.7	374
Mms19	664.6	723.7	734.2	916.1	593.4	634.3	468.5	603.1	404.6	398.7	630.4	887.5	462.9	654.4	601.5	751.9	598.5	713	876.3	691.3	675.6	723.5	732.7	869
Slc16a3	7.3	2.9	12.7	8.7	0	0	0	1	5.1	6.8	8.2	103.8	0	11	0	1	1.2	21.8	0	39.8	88.3	104.1	512	511.8
Csnk1d	3761.8	3680.2	3977.9	4057.8	3862.3	2696.4	3022.8	3518	2729.5	2723	4819.8	3580.6	2619.3	2547.7	3381.8	4202.6	2876	2620.7	3879.5	3049.9	3209.1	3325.4	2458.5	2557.9
Cd7	0	0	9.9	3.3	4.3	0	11	2.9	0	6.8	0.7	31.3	0	0	8.7	0	19.4	2.9	11.9	24.4	1889	2019.4	2	0.6
Ogfod3	223.6	126.6	82.6	201	253.8	173	175.8	155.7	307	287.1	268.5	391	55.1	97.6	157.3	276.3	204.7	132.4	313.9	339.9	298.4	280.3	279.8	327.4
Ubtd1	25.2	5.9	7.8	29.3	29.3	9.6	49.9	33.3	11.3	25.9	145.1	0	36.7	96.8	30.6	100.2	2.4	24.7	25	55.1	88.3	65.8	348.9	421.9
Wdr45b	701.3	983.5	1210.7	1357.3	1134.7	1121.7	981	815.6	1140.9	967.5	1248.1	1083.5	596.2	862	898.6	950.2	932.8	804.7	1313.8	701.5	707.4	743.1	1005.8	1095.5
Pi4k2a	302.4	156.6	233	351	230.2	155.1	280.7	228.1	165.3	219.1	325.3	220.1	198.7	181.9	327.7	266.1	324.7	228.5	324.6	312.9	638.9	712.5	606.6	778.4
R3hcc1l	385.3	529.1	369.9	391.2	275.3	260.9	270.7	374	545.3	308.9	555.6	395.5	319.2	469.5	404.9	393.7	388.9	432.2	342.4	347.6	408.2	364.1	438.8	445.2
Hps1	265.6	346.9	393.2	435.8	336	288.3	490.5	381.9	193.1	280.3	400.8	552	259.4	545.1	361.2	617.3	256.8	368.2	397.1	429.6	1281.1	1297.4	1728.4	1518.7
Got1	355.9	362.2	276	322.8	494	400.9	295.7	347.6	610	449.1	805.4	691.6	220.3	380.7	458.8	157.9	431.3	353.6	365	427.1	617.5	649.1	668.3	882.6
Entpd7	216.3	286.9	270.4	198.9	170.2	109.8	319.7	267.3	445.7	381	139.8	223.7	255.4	228.1	400.5	212.5	201.1	411.8	117.7	175.7	202.1	204.4	408.6	372.1
Cutc	408.4	288.3	290.8	364	469.7	431.1	264.7	282	284.4	209.6	321.6	248.7	490	283.9	355.4	407.8	381.6	353.6	382.8	404	230.8	259.2	337.5	315.1
Dnmbp	0	0	30.4	0	0	0	2	2.9	0	0	3	33.1	37.5	0	0	0	8.5	5.8	20.2	11.5	182.2	147.2	121.4	95.8
Erlin1	358	318.3	545.7	331.4	524.1	837.5	744.2	792.1	447.7	766.1	516	307.8	499.6	705	563.6	541.4	869.8	519.5	602.8	691.3	816.4	911.4	1969.3	2077.1
Chuk	663.5	854.7	1030	1126.9	1071	641.2	1794.1	1437.4	941.7	1462.9	1130	676.4	1007.2	738.7	1023.9	890.5	716	1266	955.9	861.9	744.8	702.4	586.4	585.6
Cwf19l1	148	293.4	332.5	344.5	370.4	207.3	252.7	351.5	223.9	536.2	427	437.5	233.8	366.8	339.3	462.5	293.2	344.9	262.8	250.1	311.9	340.6	443.5	306.1
Scd2	3342.8	3442.3	3333.4	2928.7	2022	3726.1	3967.8	3610.1	1990.1	2197.7	1652.7	2626.8	2762.9	2987.2	3544.9	2547.1	3762.9	3361.4	3702.4	3249.9	3610.1	3560.3	3999.7	4198.2
Ndufb8	1501.3	1267.5	2374.8	2159.3	1919	1754.6	2789	2700.5	2677.1	3034.6	4229.8	5557.9	1933.7	3051	3341	4370.6	1902	2556.7	3262.5	3233.3	901.5	935.7	1510.4	1307.7
Mrpl43	949.1	1022.3	875.4	1033.5	615.6	1186.2	918	952.7	1139.8	1358.1	878.7	1165.8	1003.2	1112.1	1233.6	870.3	1293.9	682.5	1387.5	1453.1	863.3	866.8	988.3	922.1
Peo1	302.4	691.5	466.6	661.8	486.2	549.2	721.2	751	566.8	623.3	753.1	687.1	719.1	374.1	496.6	703.3	421.6	653.4	766.9	432.2	480.6	441.6	578.4	555.8
Sfxn3	849.4	587.6	873.2	985.7	739.3	745.5	857.1	700.1	530.9	575.6	796.5	819.5	502.8	685.9	687.4	689.1	616.6	429.3	571.9	507.9	546.6	455.7	279.8	296.4
Kazald1	109.2	180	134.1	78.2	19.3	52.2	67.9	16.6	61.6	5.4	0	15.2	5.6	0	0	0	0	0	48.7	24.4	0.8	1.6	2	0.6
Btrc	291.9	458.8	374.1	240.2	306	103	47.9	72.5	317.3	121.1	333.5	108.3	193.1	264.8	257.8	219.6	227.8	141.1	250.9	179.6	590.4	630.3	365	285.4
Poll	199.5	157.3	164.5	170.6	170.2	54.9	28	192.9	61.6	122.5	108.4	407.1	189.9	74.1	48.1	214.5	248.4	312.9	171.2	152.6	277.7	248.2	391.2	388.2
Mgea5	3383.8	3459.2	3799.3	3585.1	2980.7	3664.4	3508.3	3332	3429.8	2870	3455.8	3567.2	3491.5	2331.3	2866.2	3621.8	4073	3326.5	4139.9	3052.4	2285.3	2175.2	783.7	703.4
Ldb1	2059.9	2075.3	2175	1719.2	1578	1388	1522.4	1375.7	1824.8	1871.1	821.1	363.2	1489.2	1324.9	1382.1	1339.8	1642.8	1564.3	643.2	1596.7	1420.3	1432.1	1066.9	1001.7
Gbf1	506	374.7	355.1	332.5	302.4	380.3	388.6	349.6	479.6	431.4	344	305.1	338.4	476.1	469	371.4	340.4	547.1	456.6	496.3	1203.9	1137.7	919.9	964.8
Nfkb2	194.2	146.4	107.3	34.8	23.6	13.7	101.9	34.3	8.2	54.4	55.3	15.2	0	74.1	40.8	28.3	31.5	48	51.1	50	576.1	588.8	250.9	235.5
Fbxl15	12.6	61.5	108.7	115.2	20	167.5	38	40.1	60.6	42.2	26.2	85.9	90.2	0	0	66.8	7.3	34.9	85.6	60.3	104.2	96.3	102.7	77
Tmem180	70.3	13.9	57.2	41.3	67.2	22	64.9	77.4	88.3	96.6	86.7	41.2	95	78.5	115.1	99.2	86	36.4	85.6	100	654.9	656.9	2070	2023.4
Actr1a	249.9	362.2	355.8	310.8	283.8	418.7	185.8	383.8	455.9	416.4	564.6	629.9	443.7	430.6	498.1	456.4	421.6	420.5	442.3	610.5	2251.8	2280.9	1793.5	1729.6
Sufu	603.7	360	317	522.7	85.1	405	410.6	349.6	409.7	560.7	320.1	209.4	536.3	500.3	455.9	289.4	173.2	506.4	234.2	524.6	889.6	984.2	721.3	625.7
Hexa	837.8	797.6	674.2	635.7	671.4	1151.9	633.3	509.2	1064.9	590.6	610.2	963.6	780.5	1169.3	827.2	702.3	663.9	599.5	474.4	809.3	1968.6	2136.8	7521.7	7677.5
Arih1	2079.8	2428.1	3017.9	3534	2105.6	2504.2	3306.5	2655.4	2483	2396.4	2802.9	3025	2407.8	2917.5	2454.1	2942.8	2356.3	1853.9	3175.7	1678.8	1433.9	1119.7	1142.7	1306.4
Bbs4	94.5	109.8	254.8	218.4	135.1	101.6	6	101.8	14.4	17.7	44.9	61.7	9.6	143	131.1	33.4	184.1	147	13.1	84.6	125.7	106.5	47.6	49.8
Adpgk	134.4	271.5	182.1	231.5	133.7	370.7	430.5	296.7	311.1	244.9	243.8	30.4	86.2	214.9	332.1	156.9	232.6	206.6	95.1	202.6	983.5	937.3	880.3	993.3
Parp6	147	128.8	170.1	155.4	156.6	362.5	32	124.4	26.7	102.1	118.9	163.7	119.7	167.3	132.5	171	103	174.6	170	80.8	224.4	299.9	142.9	133.9
Limd1	1116	1409.4	1310.9	1083.5	867.3	1285.1	980	1286.6	1031	1058.7	1140.5	613.8	1172.4	712.3	1210.3	827.8	991	963.3	875.1	1313.3	2365.6	2380.3	1531.2	1524.5
Sacm1l	359.1	348.3	307.8	451	465.4	357	572.4	473.9	626.4	325.2	480.1	289.9	414.2	518.6	352.5	436.2	323.5	199.4	414.9	219.3	765.5	712.5	1313.1	1393.8
Fyco1	263.5	395.2	817.5	615.1	388.9	448.9	271.7	367.2	449.8	270.8	433.7	261.3	306.5	301.5	418	407.8	552.4	679.6	926.2	459.1	420.1	438.5	40.9	51.1
Lztfl1	608.9	731.8	645.2	761.8	707.1	779.8	504.5	677.6	550.4	421.9	548.9	328.4	442.9	364.6	653.9	648.7	1010.4	951.7	1062.9	809.3	171.1	153.5	166.4	121
Tbl1x	1079.3	1959	1204.3	1948.5	1261.2	1790.3	989	1879	1095.7	1205.7	1302.7	1744.7	1619.3	1510.4	1286	1559.4	1284.2	1609.4	1677.6	1251.7	2015.5	1999	1759.3	1606
Hsd17b10	934.4	808.6	652.3	764	620.6	611	752.2	551.3	488.8	572.9	406.1	591.4	614.5	582.5	597.1	488.8	611.8	666.5	517.2	836.2	644.5	643.6	986.3	835.4
Huwe1	2680.4	3298.2	1932.8	2139.7	2652.6	2362.8	2648.2	2162.9	3046.8	2842.7	2325	1785.8	3000.7	1738.6	1938.5	1881.2	2352.7	2303.5	1866.6	1904.6	1195.1	1287.3	853.5	727.3
Fam120c	0	143.4	81.9	22.8	91.5	156.5	35	80.3	13.3	137.4	85.3	76	63.8	69	26.2	48.6	67.8	148.4	151	83.4	104.2	83.8	105.3	71.8
Tsr2	259.3	578.1	407.3	521.6	607.7	461.3	360.6	418.1	442.6	447.7	476.4	365	161.2	696.9	278.2	768.1	456.7	296.9	491	389.9	395.5	410.3	478.4	423.8
Fgd1	63	71.7	99.5	81.5	32.2	135.9	142.8	90.1	134.5	92.5	135.4	64.4	233.8	56.5	186.4	130.5	59.4	149.9	84.4	9	45.4	65.8	34.2	5.8
Gnl3l	977.4	1049.4	1768.4	1906.1	1246.9	1352.3	2273.6	2072.8	1068	1680.6	2419.3	2112.4	1658.4	861.2	1399.6	2261.7	1027.3	1672	1587.2	1110.7	1037.6	948.2	1007.8	1366
Maged2	206.8	226.1	232.3	218.4	232.4	90.6	124.9	153.7	63.7	43.5	92	176.3	24.7	16.1	39.3	106.3	110.2	128.1	70.1	51.3	124.1	158.2	112.7	192.2
Apex2	99.7	79.8	38.1	227.1	39.3	175.7	26	101.8	140.7	147	284.2	97.5	289.7	181.2	163.1	233.8	152.6	29.1	183.1	238.6	186.2	150.3	307.3	203.8
Alas2	0	0	0	20.6	2.9	0	3	1	43.1	0	14.2	2.7	0	0	0	0	0	30.6	1.2	24.4	589.6	566.1	299.9	392.1
Abhd6	89.2	125.1	170.8	125	5	104.3	67.9	119.5	46.2	4.1	126.4	3.6	37.5	80	136.9	22.3	90.9	171.7	105.8	50	153.6	169.1	71.8	33.6
Flnb	137.5	90	199.1	34.8	135.8	72.8	55.9	45	39	58.5	25.4	216.5	377.5	253.8	152.9	118.4	55.7	205.2	108.2	125.7	671.6	704.7	498.5	604.4
Polr3a	234.1	186.6	161.7	227.1	225.2	87.9	224.8	216.4	208.5	175.5	164.5	261.3	101.4	107.1	177.7	194.3	333.2	229.9	281.8	169.3	440.8	399.3	320.1	453.6
Sat1	1321.8	1421.9	1099.8	987.8	697.8	786.7	813.1	541.5	682.9	488.5	403.1	366.8	756.6	682.2	498.1	507	414.3	638.8	296	465.6	580.9	577.1	1310.4	1303.2
Acot9	227.8	245.1	446.2	244.5	269.5	303.4	334.6	220.3	63.7	272.2	400.8	398.1	288.9	550.9	275.3	262.1	296.8	141.1	224.7	184.7	413.8	371.1	1204.4	1169.9
Prdx4	238.3	414.9	513.9	542.3	621.3	925.4	880.1	623.7	1082.3	752.5	536.2	649.6	367.1	908.9	704.9	470.6	363.4	828	527.9	479.7	1143.4	1149.4	652.2	587.5
Rps24	17825	15271.6	13704.3	14077.3	14168	14830.4	14750.4	11934.7	17576.2	16947.6	13070	13615.6	16664.4	16500.5	16172.1	17341.9	18614.4	15369.3	17031.6	22754.6	1168.9	1237.9	1490.9	1414.5
Ptprj	151.2	325.6	223.1	245.6	183	271.8	202.8	207.6	103.7	47.6	83	114.5	280.9	194.4	90.3	82	222.9	273.6	141.5	157.8	715.3	630.3	177.8	198
Banp	322.3	304.4	372.7	601	535.5	402.3	437.5	385.8	442.6	694	495.8	598.6	125.3	232.5	413.6	397.7	445.8	726.1	442.3	448.9	275.3	259.2	326.1	484
Sp4	450.4	691.5	667.1	574.9	568.4	663.1	537.4	395.6	431.3	485.8	321.6	241.6	590.6	325.7	556.4	283.3	680.9	755.2	386.4	445	188.6	173.8	53	41.4
Atp10a	267.7	158.1	126.4	113	296	130.4	195.8	160.6	144.8	151.1	79.3	98.4	160.4	128.4	313.1	158.9	505.2	72.8	135.5	183.4	592	642.8	588.4	750
Ube3a	3763.9	4556.1	4190.4	5654.2	4068.2	4839.6	4054.7	4629.4	4719.6	4047.1	4116.9	3747.9	4347.1	4359	4324.1	4054.9	4665.4	5047.9	3739.2	2793.3	919	999.9	1338.6	1490.2
Padi1	105	92.9	70.6	90.2	95.1	13.7	33	83.2	87.3	21.8	38.9	70.7	99	43.3	0	111.3	50.9	107.7	7.1	9	9.5	14.9	1.3	0.6
Padi4	451.5	169	273.2	134.8	205.2	140	315.7	222.3	1	121.1	108.4	98.4	263.4	102	252	177.1	292	454	296	219.3	210.1	209.8	175.8	223.2
Kdm5c	635.2	706.2	730.6	564	793.6	734.5	582.4	841.1	825.6	1000.2	693.2	653.1	803.7	916.2	828.7	766	660.3	1052.1	783.5	563	1765.7	1894.1	936.7	960.9
Sbds	1805.8	1637.7	1793.1	1638.8	1338.4	1309.8	2015.9	1623.4	1204.5	1430.2	647.6	489.4	1122.1	1240.5	1422.9	1041.3	1331.4	1449.3	758.5	1004.2	786.2	717.2	861.5	711.1
Rabgef1	154.3	133.9	116.5	127.1	124.4	229.3	218.8	221.3	242.3	133.4	130.9	119.9	26.3	170.9	67	172	99.3	144.1	277	100	193.4	212.2	312.7	311.9
Cd63	3305.1	2821	3805.7	2385.3	1990.5	2478.1	3198.6	2012.1	1600.9	1530.9	1555.5	1881.6	1918.6	2123.7	1891.9	1684.9	575.5	932.8	709.8	542.5	318.3	353.1	2867.1	2662
Ormdl2	680.3	862	698.9	727	901.6	1014.6	983	737.3	1363.7	1080.5	625.2	655.8	947.3	1076.9	948.1	915.8	630	1091.4	587.3	999.1	190.2	198.1	348.9	296.4
Dnajc14	345.4	435.4	386.1	298.8	431.1	409.1	357.6	465.1	347.1	447.7	200.4	190.6	364.7	307.4	317.5	265.1	580.3	296.9	269.9	314.2	919	899.7	720.6	741.5
Mmp19	0	0	6.4	0	0	1.4	0	0	0	0	0	0	24.7	0	71.4	0	3.6	0	13.1	10.3	8	3.9	169.1	147.5
Dgka	148	337.4	343.1	340.1	204.5	164.8	270.7	243.8	126.3	151.1	121.2	210.3	235.4	61.6	109.2	260.1	37.6	113.5	102.2	189.8	394.7	417.3	175.1	236.2
Cdk2	519.7	729.6	698.2	679.2	750	928.1	801.2	823.5	706.5	857.3	1053	757.8	766.9	1186.2	709.3	1094.9	936.5	637.4	835.8	1112	2326.6	2171.3	2139.7	2050.6
Rps26	18676.5	16809.1	37441.3	34696.6	22255.1	21677.3	44350	29981.1	23059.8	36117.3	41853	42887.6	23701	24156.9	38140.7	37637.6	22050.1	35793.8	45185.8	35850.5	973.9	960	1164.8	1104.5
Pa2g4	5767	6092.1	3747.1	4702.2	7011.1	5939.3	3948.8	6132.3	7272.4	6425.8	8533.6	9042.8	7689.4	7637.3	7729.2	9076.2	6325.1	4858.7	7363.1	7538.7	1909.7	1903.5	2017	2005.9
Esyt1	732.8	993.8	1697.8	1630.1	1156.1	1215	2226.6	2259.8	1285.7	2325.6	2444.7	2361.1	1649.6	1230.2	2267.6	2598.7	997	1520.6	1710.9	2046.9	4007.2	4266.6	4394.9	4850.4
Smarcc2	1902.4	1847	1524.1	1343.2	1364.2	1637.9	1357.6	1290.5	1890.5	1092.7	1371.5	1606	1313.6	1826.6	1522	1545.3	1537.4	860	1261.5	1210.7	2344.1	2294.2	1001.8	1169.3
Chmp6	240.4	245.9	201.2	227.1	173.7	403.6	225.8	157.6	232.1	328	293.9	616.4	219.5	313.2	228.7	216.6	147.8	291	244.9	411.7	1234.1	1156.5	837.4	834.7
Baiap2	53.5	143.4	113.7	159.7	108	145.5	186.8	177.2	100.6	119.8	148.8	75.2	184.4	259	203.9	169	432.5	398.7	316.3	230.9	496.5	548.1	240.2	145.6
Rnf41	106	190.3	190.6	198.9	127.3	127.7	208.8	123.4	297.8	230	111.4	74.3	140.5	273.6	93.2	100.2	164.8	142.6	174.8	97.5	579.3	534.8	810.5	849
Nabp2	162.7	114.2	252	238	259.5	192.2	211.8	186	210.5	261.3	204.2	320.3	179.6	185.6	199.5	219.6	199.9	81.5	103.4	266.8	546.6	648.3	683.7	729.2
Aatk	16.8	4.4	33.9	1.1	0	22	55.9	50.9	10.3	43.5	42.6	63.5	85.4	80	84.5	85	10.9	0	49.9	15.4	79.6	69.7	518	274.4
Enthd2	61.9	151.5	165.9	167.4	58.6	118.1	89.9	152.7	99.6	182.3	78.5	102.9	13.6	88	116.5	117.4	163.5	282.3	142.7	134.7	155.2	191.1	179.2	290.5
Cnpy2	487.1	791.1	690.4	718.3	725.7	602.7	720.2	854.8	592.5	502.1	820.4	699.7	973.6	798.1	687.4	764	1165.4	641.7	656.3	973.4	1175.3	1308.4	1738.5	1736.7
Faap100	564.8	387.8	353.7	380.4	461.2	153.8	344.6	424.9	503.2	315.7	631.9	639.7	283.3	440.9	365.6	438.2	359.8	248.8	228.3	618.2	583.2	581	578.4	488.5
Atp5b	3792.2	3476.7	2827.3	2224.5	4720.3	5372.3	3730	3287	5784.5	4221.2	3608.3	3425.8	4357.4	6463.6	4838.2	3438.6	4728.4	3390.5	3900.9	5421.3	24912.6	25262.8	35496.7	34257.9
Prim1	87.1	451.5	280.3	465.1	273.1	764.7	420.6	642.3	1085.4	1071	668.6	690.7	859.5	672	811.2	598.1	811.7	570.4	543.3	836.2	1045.6	1061.8	1278.2	1344
Nab2	311.8	281.7	221	216.3	258.1	94.7	45	159.6	96.5	80.3	90.5	65.3	113.3	159.2	75.7	37.4	64.2	39.3	61.8	44.9	39	29	38.2	29.1
Shmt2	619.4	557.6	847.8	995.4	947.3	840.2	1218.7	1281.7	901.6	1315.9	1518.1	1680.3	885.1	1098.2	1436	1231.5	886.8	797.4	1423.2	1609.6	4040.6	4129.6	5500.7	4894.4
R3hdm2	1162.2	1331.9	1133	1009.6	1019.6	1077.8	1036.9	886.1	666.4	885.9	706.7	664.8	1193.9	977.9	911.7	689.1	971.6	1148.1	1122.4	851.6	598.4	542.6	312.7	207.7
Ddit3	215.2	167.6	81.9	279.3	71.5	34.3	65.9	113.6	271.1	153.8	117.4	132.4	67.8	107.1	11.7	160.9	213.2	0	34.5	53.9	110.6	114.3	60.4	53.1
Mbd6	1317.6	1019.4	1409.8	1833.3	1373.5	1323.5	1387.5	1236.6	915	1585.3	1635.5	962.7	1325.6	1155.4	930.7	1670.7	1299.9	1119	1049.8	1412.1	187	170.7	69.8	39.5
Dctn2	962.7	739.8	717.9	621.6	366.8	416	302.7	607.1	750.7	446.3	724.7	906.3	452.5	510.6	369.9	579.8	506.4	400.2	606.4	732.3	1690.9	1811.9	1672.7	1624.1
Ttc4	657.2	666.7	480	530.3	692.8	880.1	731.2	597.3	677.7	549.8	684.3	640.6	731.8	752.7	426.7	608.2	662.7	689.7	585	595.1	607.1	700.8	530.7	447.8
Pip4k2c	506	765.4	601.5	576	343.2	307.5	649.3	433.8	607.9	313	489.1	679.1	406.2	561.9	710.7	570.7	523.4	593.7	552.9	797.7	489.4	433	128.2	179.2
Hdhd2	431.5	172	461	267.3	195.9	470.9	367.6	306.5	485.7	466.8	210.9	256.8	263.4	574.4	278.2	354.2	348.9	184.8	332.9	369.4	511.6	386	1102.4	1014
Agap2	223.6	313.2	144.7	182.6	186.6	184	51.9	76.4	26.7	29.9	136.9	118.1	128.5	27.1	107.8	141.7	48.5	145.5	67.8	119.3	62.1	62.6	11.4	25.9
Pias2	700.3	420	461	693.3	314.6	394	827.1	601.2	638.7	468.1	384.4	517.1	569	592	613.2	459.4	598.5	964.8	481.5	339.9	731.3	792.4	870.9	781.7
Atp5a1	8154.5	8886.8	7865.5	7406	9891.7	11543.6	9017.4	8885.7	13254	9073.9	11148.8	10290	10999.7	12740.9	11087.7	9423.3	11309.1	8164.9	9703	9574.1	17555.6	17366.2	26704.9	25387.8
Pstpip2	0	24.9	0	0	0	0	0	0	0	13.6	0	0	0	0	0	0	0	0	4.8	0	18.3	23.5	206.7	183.1
Xrcc6bp1	570.1	231.2	377.7	687.9	640.6	374.8	302.7	399.5	214.6	363.3	298.4	484	158.8	255.3	390.3	233.8	330.7	301.2	164.1	166.7	179.8	152.7	307.3	341
Usp33	411.6	534.9	411.6	278.2	793.6	672.7	596.4	382.8	253.6	425.9	278.2	58.2	475.6	496.6	292.7	236.8	363.4	197.9	346	305.2	271.3	236.5	414.7	568.1
Clns1a	691.9	865	1265.7	894.4	1004.5	1097	1225.7	1060.4	978.6	1249.2	1222.7	1432.4	1258.5	1175.2	1262.7	1201.2	1164.2	918.2	1216.3	1290.2	1656.7	1819.7	2844.3	2538.5
Paip1	902.9	1186.2	869	786.8	1357	1083.2	1005.9	1075.1	980.7	1005.6	329.1	484	637.7	1228.8	987.5	700.3	1064.9	983.7	614.7	627.2	86.7	94	83.2	132.6
Nnt	712.9	510.8	978.4	1067.2	665.6	551.9	688.3	905.7	531.9	1011.1	783.7	1267.8	373.5	1038	988.9	1136.4	787.5	921.1	1325.7	982.4	1480	1465.8	2144.4	2057
Paox	315	347.6	283.1	364	306	179.9	248.7	280	367.6	293.9	491.3	446.5	617.7	412.3	490.8	883.4	638.4	678.1	885.8	679.7	89.1	75.2	104	120.4
Echs1	780.1	816.7	1030	857.4	880.1	823.8	1082.9	676.6	851.3	1183.9	1015.6	1039.6	802.9	960.3	910.3	872.3	1004.3	769.8	989.2	1144	1127.5	1038.3	2594.7	2404.5
Fuom	14.7	101	36	3.3	103.7	6.9	16	0	34.9	62.6	0	297.9	0.8	0	23.3	33.4	4.8	94.6	36.9	24.4	20.7	21.9	26.2	29.8
Zfp511	94.5	148.6	128.5	120.6	46.5	81	208.8	236	51.3	179.6	118.2	145.8	180.4	81.4	120.9	163.9	254.4	106.2	159.3	188.5	256.2	240.4	199.3	181.8
Tubgcp2	53.5	275.2	218.8	172.8	289.6	182.6	254.7	246.7	394.3	323.9	380.7	497.5	445.3	207.6	217	273.2	283.5	356.5	193.8	347.6	1441.8	1356.2	1040	944.1
Inpp5a	235.2	206.4	219.5	221.7	181.6	188.1	53.9	167.4	243.4	142.9	246	247.8	132.5	97.6	52.4	73.9	267.7	66.9	115.3	160.3	381.9	322.6	235.5	207.1
Bet1l	799	1222.8	943.1	1093.2	501.9	965.2	673.3	703	843.1	781.1	1182.3	731	784.5	903	779.2	736.7	735.4	793.1	737.1	808	176.6	202.8	314	181.2
Ric8	1101.3	731.1	712.3	789	574.8	598.6	648.3	523.8	406.6	627.3	453.2	586	706.3	710.8	688.9	530.3	1004.3	343.4	662.2	569.4	1535.7	1627.9	1268.8	1699.2
Sirt3	709.7	484.4	642.4	793.3	461.2	774.3	891.1	494.5	298.8	285.8	659.6	692.5	794.9	311.8	653.9	543.4	693	669.4	1013	738.7	728.1	725.1	571.7	616
Psmd13	446.2	605.9	731.3	715.1	1333.4	797.7	951	681.5	1127.5	447.7	1488.2	1397.5	674.4	1302.1	696.2	1228.5	974	711.6	980.9	824.7	2572.5	2715.4	3256.9	3318.8
Ifitm1	7341.9	7931.8	8759.9	11741.9	3076.5	4111.9	4806.9	3897.9	789.7	2007.2	1809.8	1460.2	3663.9	1847.2	3858.1	3612.7	2655.6	4153	3815.3	3470.5	222	235.7	457.6	364.9
Ifitm3	6685.7	6999.5	6380.9	7165.8	4497.9	4468.9	4788.9	4697.9	2593.9	2819.6	2842.5	5864.8	2731	2245.5	3112.4	3217	3460	3368.7	3563.3	4405.5	434.5	447.1	962.2	903.3
Sigirr	308.7	166.8	272.5	158.7	291.7	247.1	199.8	117.5	62.6	42.2	208.6	103.8	208.3	278.8	163.1	179.1	156.3	171.7	140.3	320.6	703.4	741.5	623.3	475.6
Ptdss2	228.9	305.9	288	329.3	388.9	366.6	246.7	324.1	181.8	284.4	450.9	706.8	350.4	129.8	230.1	128.5	147.8	115	242.5	400.1	422.5	490.9	528.1	561.7
Irf7	99.7	218.8	164.5	148.9	103.7	83.7	259.7	82.2	95.5	153.8	155.6	24.2	86.2	129.8	91.8	127.5	249.6	324.5	256.8	283.4	1071.8	1109.5	46.3	67.9
Hras	101.8	177.1	79.8	179.3	347.5	378.9	105.9	201.7	300.9	137.4	154.8	276.5	104.5	190.7	166	101.2	127.2	171.7	132	312.9	572.1	606	910.5	717.6
Taldo1	1695.6	1167.2	1979.4	1646.4	2165.7	1860.3	2272.6	1957.3	2360.8	2969.3	3081.1	4922.7	2486.8	2994.5	2674	3431.5	2664	2348.6	2852.3	4252.9	4330.2	4408.3	9676.8	9519.7
Tmem80	511.3	350.5	451.8	169.5	306	653.5	451.5	330	353.2	268.1	335.8	459.9	182.8	198.1	217	229.7	176.9	500.6	250.9	300.1	223.6	174.6	126.8	130.7
Pidd1	29.4	80.5	183.5	114.1	0	135.9	225.8	312.3	108.8	359.3	305.9	263	126.9	148.9	233	226.7	115.1	215.4	242.5	187.2	505.3	431.4	390.5	315.1
Rplp2	41297.4	40492.6	66170	55745.2	36801.3	36639.5	53890.9	43872.1	36847.8	50404.5	53827.4	88169.3	42162.6	34198.2	43421.7	49158.7	32438.5	53102.8	49853.6	57988.3	1063.1	1107.9	1717	1379.6
Pnpla2	745.4	594.9	715.1	374.9	494	196.3	269.7	350.5	298.8	159.2	444.2	582.5	300.1	499.6	480.6	470.6	447	192.1	322.2	548.9	1506.3	1479.9	2082.7	2364.4
Cd151	638.3	319.8	644.5	840	446.1	374.8	581.4	538.5	559.7	446.3	430.8	616.4	498	283.9	448.6	338	182.9	689.7	581.4	273.2	67.6	83	70.5	82.8
Tspan4	1186.4	1006.9	1066.7	884.6	797.2	1020.1	852.1	609	530.9	464	578.8	705	569.8	1096.7	617.5	808.6	495.5	781.4	688.4	867	428.9	458.1	1292.3	1143.4
Chid1	200.5	210	158.1	256.5	108.7	130.4	65.9	216.4	122.2	232.7	163	119	167.6	190.7	193.7	201.4	178.1	120.8	244.9	238.6	383.5	380.5	880.3	874.2
Tmem192	126	65.9	108	114.1	95.1	79.6	146.8	66.6	49.3	68	90.5	197.7	92.6	105.6	67	54.6	83.6	50.9	89.2	144.9	586.4	681.2	670.3	688.5
Apool	85	170.5	132.7	170.6	44.3	291.1	186.8	88.1	162.2	151.1	130.1	150.3	163.6	165.8	84.5	143.7	324.7	152.8	239	51.3	362	324.9	297.2	338.4
Chm	473.5	573	624	342.3	351.1	492.9	345.6	469	293.7	454.5	302.9	174.5	368.7	181.9	399.1	478.7	511.2	334.7	394.7	451.5	339	305.4	418.7	429.7
Crcp	120.7	175.6	38.8	29.3	149.4	87.9	203.8	126.3	85.2	58.5	89.7	200.4	45.5	52.8	74.3	78.9	118.7	56.8	19	127	551.4	512.9	493.2	419.9
Asl	110.2	40.2	121.4	123.9	41.5	87.9	46	91.1	53.4	61.2	96.5	101.1	171.6	76.3	81.6	27.3	48.5	107.7	59.4	89.8	334.2	365.7	615.3	646.4
Gusb	1021.5	931.6	1052.5	1036.7	1525.8	1405.9	1191.7	1493.2	873.9	1095.5	1061.9	767.7	1750.2	1674	1714.2	1324.6	1508.3	1717.1	1271	1586.5	1776	1685	5985.1	5804.9
Sumf2	132.3	92.2	132	77.2	68.6	71.4	32	68.5	12.3	127.9	107.7	2.7	94.2	80	77.2	115.4	86	5.8	23.8	55.1	262.6	234.9	512	575.9
Tm9sf2	2571.2	2293.4	2589.4	2521.2	2058.4	2096.5	2297.6	2536.9	2501.5	2166.4	2037.1	2063.2	2328.8	1930.8	2069.6	2575.4	1776	2108.5	2253	1999.5	2486.6	2406.9	4766	4682.2
Clybl	191.1	326.4	187.8	183.7	78.6	270.5	173.8	118.5	419	144.2	391.9	250.5	238.6	396.1	185	240.8	313.8	135.3	196.2	133.4	180.6	158.9	241.6	226.5
Dock9	295	218.8	211.1	159.7	163	571.1	159.8	190.9	201.3	42.2	35.1	3.6	83.8	308.8	304.4	141.7	214.4	362.3	171.2	162.9	214.8	148	210.7	182.5
Tnrc6c	1091.9	903.8	1099.8	1197.6	478.3	929.5	1036.9	1057.5	731.1	875	915.4	787.3	747.8	809.9	773.4	920.9	868.6	986.6	1242.4	813.1	603.9	637.4	268.4	243.9
Tmc6	386.4	264.2	347.3	308.6	92.9	278.7	144.8	192.9	211.5	138.8	220.6	146.7	213.9	124	123.8	194.3	173.2	64	140.3	320.6	911.9	967	687.8	795.2
Tk1	133.3	132.5	208.3	288	562.7	325.4	648.3	505.2	534	577	1247.4	1214.1	529.1	542.9	694.7	692.2	487	561.7	722.9	855.4	1312.1	1358.5	1666.7	1481.8
Cant1	950.1	1006.2	898.7	833.5	482.6	568.4	889.1	606.1	632.6	640.9	584.8	474.2	365.5	602.3	688.9	598.1	415.5	651.9	637.3	802.9	1105.2	1259.8	1097.7	1081.3
Cbx2	128.1	220.3	149	140.2	135.1	388.5	358.6	312.3	106.8	303.5	201.2	319.4	284.1	214.9	212.6	368.4	381.6	350.7	560	252.7	1079	1144.7	112.1	109.4
Cbx8	169	122.9	319.8	278.2	153.7	211.4	277.7	196.8	224.9	206.8	203.4	57.3	234.6	209.8	208.3	223.6	282.3	235.7	367.4	416.8	118.6	150.3	131.5	133.3
Gaa	611	654.2	606.4	524.9	235.2	244.4	654.3	424.9	496	122.5	399.3	458.1	361.5	432.8	450	246.9	272.6	365.2	374.5	388.6	1604.9	1540.9	3409.9	2824.5
Eif4a3	1834.2	1699.9	1577.8	2039.8	1782.4	2549.5	2331.5	1851.5	2683.3	2148.7	2655.6	3553.8	2324.8	2643.1	2079.8	2043.1	1783.3	1862.6	2097.3	2422.7	3275.1	3195.4	3746.1	3608.7
Rptor	265.6	383.5	291.6	373.8	340.3	365.2	135.9	245.8	262.9	122.5	314.1	246.9	335.2	269.2	314.6	388.6	265.3	324.5	243.7	229.6	989.1	1006.2	369	368.2
Pde8a	259.3	144.2	151.8	18.5	210.9	67.3	84.9	138.1	68.8	58.5	23.2	139.6	51.9	125.4	163.1	63.8	59.4	24.7	109.4	32.1	60.5	49.3	160.4	149.5
Tma16	362.2	766.2	379.1	572.7	1009.5	219.7	361.6	404.4	559.7	370.1	369.4	339.1	479.6	834.8	582.6	415.9	540.3	200.8	397.1	496.3	164.7	177	297.2	295.7
Klhl4	50.4	93.7	144	157.6	39.3	118.1	0	104.8	93.4	0	0	82.3	38.3	59.4	20.4	0	1.2	1.5	10.7	34.6	15.9	22.7	0	0
Zfp202	234.1	68.1	151.1	255.4	165.9	86.5	374.6	171.3	54.4	80.3	74	21.5	165.2	209.8	97.6	203.4	42.4	72.8	165.3	224.4	63.7	104.9	73.1	66
Copg2	281.4	313.9	256.3	331.4	449.7	497	91.9	266.3	376.9	189.2	237.1	285.4	408.6	254.6	496.6	364.3	235	186.3	208.1	230.9	935.7	830.8	724.7	947.3
Podxl	488.2	370.3	476.5	410.8	155.9	240.3	442.5	416.1	94.5	148.3	170.5	160.2	7.2	42.5	2.9	25.3	0	62.6	0	18	0	0	0	0
Mkln1	1888.8	1864.6	1646.9	1608.3	1991.9	1594	1243.7	1738	1360.6	1471	1515.9	1465.5	1541.9	1594.1	1609.3	1346.9	1961.4	1709.8	1489.7	960.6	1223.8	1164.3	1396.3	1290.9
Bach1	922.9	731.8	456	655.3	720.7	604.1	546.4	622.7	518.6	532.1	546.7	587.8	879.5	734.3	518.5	548.5	407.1	328.9	378.1	341.2	154.4	135.5	184.5	135.2
Cct8	4781.2	3617.9	3483.8	3229.7	5257.9	4882.2	3532.3	4563.8	6144.9	3919.1	4221.6	5490.8	4702.2	6484.9	4750.8	4779.5	3896.1	3704.8	3758.3	5716.2	6290.8	6431.6	9652.7	9697
Usp16	603.7	901.6	648	817.2	699.2	862.2	562.4	873.4	971.4	730.8	1020.1	1064.7	1013.5	975.7	933.6	824.7	772.9	394.3	1236.5	787.5	403.4	418.1	513.3	478.2
Phf6	842	861.3	780.8	579.2	695.7	1617.3	964	974.2	699.3	1004.3	725.4	688	1025.5	1186.9	729.7	1065.6	1220	1097.2	1065.3	1036.3	1495.1	1400.8	1064.2	1234.6
Hprt	1814.2	1517.7	1315.9	996.5	2001.2	2377.9	2263.6	1755.6	2148.2	2186.8	1577.9	1573.8	2593.7	2905.7	2762.8	2028	2913.6	2920.5	1442.2	2068.7	3201.9	3108.5	5437.6	5387.5
Ccdc51	160.6	88.5	235.8	221.7	59.3	96.1	147.8	217.4	68.8	54.4	176.5	16.1	140.5	26.4	93.2	135.6	88.4	190.6	134.4	143.6	263.4	199.7	228.8	297
Shisa5	2215.3	2251.7	2367.7	2663.5	2202.8	1561	1638.3	1609.7	626.4	997.5	941.5	1220.4	978.4	765.9	994.7	1413.7	1974.7	2299.1	2104.4	2483	3109.6	3318.4	1702.3	1795.6
Pfkfb4	233.1	174.9	54.4	203.2	87.2	85.1	64.9	76.4	82.2	32.7	70.3	0	79	0.7	69.9	63.8	52.1	180.4	149.8	74.4	247.5	180.1	293.2	339.1
Uqcrc1	479.8	495.4	402.4	331.4	740.7	477.8	548.4	495.4	887.2	699.5	711.2	666.6	575.4	985.2	610.2	680	512.5	787.2	576.6	764.4	5974.1	6033.8	11128.8	11170.4
Arhgef9	332.8	281.7	288.7	139.1	249.5	82.4	81.9	72.5	14.4	0	109.9	42.1	117.3	40.3	14.6	76.9	35.1	40.7	69	39.8	23.9	34.5	0.7	0
Rps6ka6	136.5	213.7	187.1	196.7	102.2	101.6	223.8	209.5	199.2	88.5	23.9	0	40.7	30.1	64.1	33.4	23	14.6	27.3	79.5	22.3	7	0	0
Alox5	2.1	16.8	2.1	8.7	0	15.1	30	23.5	110.9	98	173.5	92.2	26.3	54.3	84.5	102.2	0	0	0	23.1	494.1	511.3	302.6	395.4
March8	744.4	468.3	483.6	294.5	313.2	377.6	616.3	387.7	607.9	544.3	156.3	67.1	301.7	169.5	295.7	235.8	204.7	184.8	187.9	196.2	118.6	114.3	487.8	425.8
Wdr73	500.8	513	728.5	518.4	813.6	670	683.3	485.7	474.4	533.4	466.7	152.1	559.4	446	402	544.4	576.7	592.2	491	781.1	543.5	487	765.6	673.6
Sec11a	1267.2	1297.5	1911	1494.2	2346.6	2136.3	2667.2	1620.5	1868.9	2441.3	2288.4	2324.4	1816.4	1690.9	2420.6	2018.8	1417.4	1465.3	1929.7	1616	962	961.5	1884.1	1719.9
Pigq	889.3	496.2	830.2	723.8	687.1	554.7	766.2	780.4	677.7	821.9	964.7	908.1	732.6	463.6	932.1	672.9	812.9	455.5	770.4	822.1	1074.2	1085.2	1425.8	1202.3
Rab40c	241.5	338.1	233.7	206.5	263.1	355.6	181.8	229.1	302.9	107.5	260.2	274.7	146.8	384.4	122.3	215.5	301.7	180.4	275.8	160.3	367.6	375.1	373.7	399.2
0610011F06Rik	261.4	185.1	394.6	534.7	313.2	162	64.9	405.4	188.9	174.2	267.7	297.9	189.9	136.4	198.1	231.7	341.6	132.4	247.3	216.7	368.4	354.7	431.4	425.8
Fam195a	233.1	86.4	148.2	269.5	204.5	190.8	248.7	274.2	335.8	296.7	332	371.3	225.9	235.5	211.2	113.3	224.1	197.9	206.9	246.2	129.7	162.1	373.1	339.1
Rhot2	751.7	926.4	963.6	795.5	579.1	682.3	1016.9	800.9	527.8	621.9	827.9	1037.9	589	309.6	591.3	565.7	445.8	630.1	636.1	600.2	144.8	185.6	85.9	102.9
Jmjd8	262.5	181.5	198.4	299.9	163	240.3	192.8	175.3	97.6	202.8	109.2	117.2	201.1	97.6	289.8	209.5	138.1	241.6	155.8	157.8	188.6	213	319.4	348.8
Wdr24	252	142.7	353.7	318.4	279.6	193.6	198.8	114.6	340.9	238.1	262.5	183.4	102.2	93.9	147.1	174.1	196.3	309.9	196.2	215.5	575.3	552.8	752.2	756.4
Prps2	579.5	824.7	705.9	696.6	622	948.7	941	926.3	1589.6	898.1	751.6	993.1	1521.9	1553.7	1252.5	749.9	1915.3	1704	1543.2	1772.5	2395.1	2381.9	1727.1	1797.6
Sdc3	78.7	90	142.6	132.6	72.9	116.7	122.9	146.9	55.5	93.9	76.3	255.9	77.4	140.8	104.9	61.7	113.9	131	151	312.9	630.2	628.8	42.9	60.2
Hadha	817.9	675.4	917.7	1036.7	785	1132.7	568.4	811.7	790.7	1141.7	1349.9	1330.4	1114.9	928.7	996.2	1105.1	833.5	820.7	969	1340.2	1638.4	1587.9	1529.2	1733.5
Tyms	369.6	390.8	322.6	620.5	1197.6	1201.3	1418.5	1067.3	1545.5	1635.7	1928.7	1376.1	1105.3	1449.6	1427.3	1420.8	1114.6	1095.7	1085.5	928.6	1739.4	1725.7	1514.4	1392.5
Hspa4l	962.7	1055.2	794.9	1178	734.3	1184.8	1158.8	1186.7	1247.7	1151.2	1501.7	990.4	1645.6	660.2	1070.5	1024.1	747.5	1146.7	913.1	942.7	371.6	315.5	669.6	544.2
Plk4	126	297.8	252.7	155.4	421.1	462.7	560.4	597.3	846.2	925.4	478.6	262.1	646.4	472.4	531.6	491.8	650.6	544.2	230.7	788.8	975.5	963.9	1037.3	1320.7
Mfsd8	190	101	175.1	208.6	381.1	200.4	100.9	165.5	281.4	196	152.6	71.6	118.1	345.5	160.2	45.5	134.5	234.3	136.7	125.7	123.3	120.6	122.1	170.8
Larp1b	439.9	840.1	458.9	640.1	396.8	289.7	775.2	394.6	468.3	553.9	648.4	417.8	316.8	253.8	336.4	220.6	152.6	183.3	218.8	207.8	110.6	109.6	163	108.1
Jade1	1151.7	1562.4	1242.4	1309.5	1088.2	1529.4	1711.2	1542.1	983.8	1359.5	1201	1231.1	1532.3	1584.5	1951.6	1144.5	1720.3	1772.4	1140.2	893.9	1239.7	1131.4	1098.4	1063.1
D3Ertd751e	315	264.9	317	431.4	158.7	107.1	326.7	175.3	257.7	234.1	255.8	163.7	197.9	220.8	275.3	244.9	133.3	97.5	337.7	179.6	101.1	110.4	157.7	187
Crispld1	847.3	1135.7	687.6	1146.5	446.1	948.7	663.3	700.1	96.5	157.9	216.9	178	480.4	273.6	263.6	451.3	449.5	596.6	366.2	311.7	11.9	14.1	4	0
Ly96	118.6	25.6	57.2	17.4	86.5	64.5	182.8	81.3	35.9	96.6	15	30.4	146	0	91.8	19.2	37.6	93.1	35.7	107.7	41.4	43.8	23.5	42.1
Itih5	2724.5	2761.8	2585.8	2852.6	1914.7	3289.5	2762.1	2762.1	1496.2	1290	1687.1	1741.1	1700.7	1990.9	1769.6	1700.1	1887.5	1843.7	1817.9	1487.7	501.3	447.9	192.6	154.6
Atp5c1	1569.6	1165	1221.3	1008.5	1383.5	1709.3	1114.8	1081.9	1955.2	1650.7	1433.6	1730.4	1261.7	1578.7	1446.2	1241.7	2248.5	1555.6	1152.1	1925.1	3898.1	3802.3	6050.2	5568
Taf3	1810	1410.9	909.9	1431.2	1193.3	1208.2	716.2	1294.4	1436.6	1151.2	1211.5	1605.1	1145.2	988.1	1283.1	1285.2	894.1	1002.6	1146.1	1399.2	519.6	436.9	430.1	370.8
Exosc7	1503.4	1192.8	1126	1314.9	1708.1	1504.7	1099.8	1404.1	1905.9	1424.8	1354.3	1340.3	1492.4	1924.2	1670.5	1880.2	1828.1	1706.9	1562.3	1890.4	877.7	883.2	1193	1098.1
Zdhhc3	740.2	478.6	509.7	494.5	390.4	516.2	652.3	753	612	621.9	753.1	755.1	738.2	724	519.9	937.1	845.6	1098.6	1133.1	791.3	2071.2	1928.5	2800	2891.8
Slco3a1	566.9	730.3	765.2	637.9	944.5	878.7	667.3	1152.4	1251.8	1779.9	1496.4	1561.3	2614.5	2591.7	2889.5	3184.6	2406	3298.8	2852.3	2139.3	513.2	535.6	1246.7	1346.6
Pgm2	765.4	697.4	955.8	971.5	1268.4	915.7	609.4	979.1	319.4	624.6	1002.1	868.8	878.7	834.1	699.1	1252.8	504	571.9	915.5	891.4	564.9	565.3	1728.4	1738
Slc25a10	33.6	0	79.8	31.5	176.6	57.7	120.9	29.4	69.8	216.4	112.9	188.8	125.3	64.6	91.8	100.2	104.2	88.8	109.4	53.9	664.4	689.8	1061.5	1175.7
Hgs	358	341	383.3	485.8	207.3	302	414.6	317.2	390.2	347	324.6	466.1	142.9	256	319	302.6	272.6	282.3	271.1	391.2	870.5	1039.8	700.5	707.9
Rpl14	11797.6	10157.2	8998.5	7344	9457	11006.8	9475	7483.5	14412.4	8982.7	8927.7	13387.4	8623.1	11146.1	7538.4	7346.8	11183.2	8886.6	9610.2	12116.1	1954.2	1950.5	2608.8	2429.1
Rassf3	682.4	702.5	552.7	432.5	489.8	524.5	435.5	377.9	689	455.9	422.5	302.4	755	735.1	444.2	422	537.9	488.9	645.6	655.4	729.7	778.3	575.7	515.7
Ccr1	0	0	3.5	0	0	0	71.9	0	0	0	0	0.9	0	0	37.9	20.2	26.7	0	3.6	30.8	108.2	86.1	71.1	74.4
Itgb1	1765.9	3139.4	2108.6	2477.7	3023.6	3042.4	2233.6	2531.1	2879.4	2592.3	2845.5	2958.8	2812.4	2878.6	2540	2679.7	2257	2066.3	1690.7	2031.5	3065	2927.6	3630	3480.6
Nrp1	8.4	19	49.4	0	89.4	0	72.9	14.7	0	121.1	67.3	125.3	46.3	200.3	193.7	7.1	42.4	135.3	40.4	312.9	629.4	640.5	478.4	330.7
Homer2	0	16.8	116.5	93.5	77.9	52.2	247.7	110.6	19.5	80.3	303.6	392.8	153.2	196.6	192.2	125.5	0	0	7.1	20.5	2.4	10.2	5.4	5.8
Sec61a2	269.8	245.9	273.9	496.6	321.7	291.1	387.6	383.8	231	303.5	337.3	129.7	292.9	71.9	259.2	237.8	247.1	269.2	296	128.3	60.5	68.9	62.4	42.1
Nudt5	420	430.3	467.3	356.4	596.3	775.7	330.6	515	551.4	675	771.8	544	532.3	591.3	664.1	516.1	726.9	555.9	439.9	637.4	956.4	913	1511.7	1426.8
Zfp282	315	385.7	421.4	393.4	313.2	252.6	472.5	457.3	459	526.6	474.1	782	735	633.1	490.8	401.7	472.5	676.6	405.4	546.4	674.8	677.3	546.8	511.8
Pdia4	604.7	1135	693.9	884.6	1275.5	1028.3	753.2	815.6	980.7	838.3	1663.9	1589	1555.4	1635.9	921.9	1597.9	1027.3	1140.8	1520.7	578.4	4724.1	4807.6	11313.3	11010.6
Iscu	201.6	262.7	556.3	236.9	171.6	326.8	269.7	325.1	462.1	477.6	204.2	110	233.8	179.7	464.6	397.7	409.5	355.1	233	333.5	759.1	732.1	729.4	710.5
Fam20c	226.8	55.6	93.9	104.3	19.3	31.6	113.9	50.9	0	142.9	112.2	193.3	36.7	2.9	55.3	89.1	29.1	93.1	72.5	60.3	42.2	31.3	261	391.5
Dnaaf5	116.5	65.9	54.4	131.5	148	59	200.8	122.4	129.4	239.5	110.7	107.4	137.3	102	99	241.9	133.3	107.7	57.1	91.1	720.9	716.4	322.7	528.7
Get4	68.2	51.2	8.5	9.8	86.5	142.8	54.9	16.6	137.6	39.5	90.5	98.4	145.2	0	94.7	38.5	50.9	52.4	49.9	57.7	1051.9	1095.4	1066.2	1000.4
Xiap	2712.9	2992.3	3120.9	3285.1	2599.7	3161.9	4302.4	3129.3	3708.1	2627.7	2988.4	2651.9	2465.2	2654.1	2958	2470.2	3605.4	4233	2953.3	1831.5	300.8	308.5	210.7	271.8
Stag2	1595.8	2651.3	2268.2	2459.2	2593.2	3164.6	2539.3	2564.4	3050.9	2936.6	3397.4	3082.2	2719	3212.4	2392.9	3154.3	2945.1	1989.2	3086.5	2073.8	2471.5	2248.8	2355.1	2527.5
Cplx2	112.3	102.5	204	155.4	60.1	41.2	32	123.4	101.7	110.2	128.6	15.2	67.8	62.4	36.4	61.7	20.6	68.4	0	50	841.1	747	0	0
Higd2a	508.1	411.3	656.5	366.2	500.5	505.2	649.3	452.4	570.9	715.8	833.1	787.3	824.4	837.8	633.5	857.1	668.7	346.3	609.9	679.7	667.6	707.8	881.7	875.5
Nop16	621.5	685.7	545.7	805.3	981.7	936.3	492.5	686.4	1155.2	770.2	869.7	1224.8	675.2	650.7	739.9	1036.2	651.8	486	825.1	792.6	1017.7	976.4	1979.4	1826
Arl10	101.8	122.2	135.5	184.7	22.2	163.4	18	69.5	57.5	78.9	41.9	0	126.9	186.3	4.4	7.1	94.5	74.2	121.3	64.1	117	83	126.8	135.9
4833439L19Rik	301.3	273.7	394.6	228.2	205.2	326.8	599.4	332.9	606.9	688.6	638.7	217.4	357.5	502.5	792.3	309.7	439.8	494.8	428	397.6	1206.3	1258.3	1472.1	1720.6
Thoc3	906.1	665.2	732.1	984.6	800.8	643.9	1188.7	1094.7	1567	906.3	1034.3	1266	979.2	997.7	913.2	931	914.7	1156.8	688.4	805.4	1272.3	1202.7	1332.6	1202.3
Faf2	759.1	373.9	423.6	441.2	446.9	262.2	275.7	210.5	517.6	243.6	475.6	119.9	412.6	450.4	470.4	220.6	537.9	395.8	316.3	411.7	1211.1	1135.4	1180.2	1074.1
Unc5a	100.8	112	128.5	109.8	63.6	252.6	80.9	104.8	59.6	43.5	16.5	12.5	245	19.1	58.3	57.7	33.9	149.9	69	88.5	128.1	96.3	18.8	16.2
Hk3	152.2	57.1	134.1	70.6	71.5	67.3	65.9	121.4	2.1	99.3	59.1	23.3	657.6	580.3	307.3	348.1	149	285.2	95.1	333.5	311.1	336.7	10314.9	10700
Uimc1	719.2	1067.7	1254.4	835.7	830.8	670	1082.9	1356.1	1026.9	1095.5	1110.5	601.2	769.3	1090.8	972.9	1183	817.7	833.8	1103.3	1055.5	456.7	471.4	373.7	359.8
Smad7	186.9	304.4	135.5	202.1	61.5	50.8	170.8	106.7	13.3	51.7	54.6	132.4	114.1	113.7	145.6	35.4	367.1	343.4	259.2	364.2	603.9	565.3	84.5	112.6
Casp12	375.9	425.2	800.5	566.2	398.2	513.5	490.5	430.8	140.7	253.1	97.2	93	225.1	274.4	238.9	132.6	199.9	135.3	133.2	85.9	31.8	20.4	8.1	15.5
Casp1	330.7	322	465.2	660.7	118.7	549.2	541.4	496.4	447.7	269.4	362.7	468.8	577.8	518.6	611.7	525.2	684.5	666.5	573.1	727.2	305.5	303	872.9	759
Snca	0	9.5	0	0	0	0	0	0	61.6	0	0	0	0	0	0	0	0	0	0	0	88.3	105.7	49	84.8
Kbtbd3	263.5	233.4	159.5	200	193	265	165.8	188	63.7	164.7	204.2	586	284.9	74.8	71.4	295.5	294.4	195	149.8	168	41.4	43.8	49	25.2
Aasdhppt	359.1	580.3	338.1	420.6	251.7	715.3	239.7	285.9	613.1	612.4	302.1	247.8	502	655.8	458.8	370.4	190.2	649	262.8	347.6	495.7	452.6	1090.3	1067
Cwf19l2	1953.8	2036.6	1564.3	1998.5	1667.3	1826	1409.5	1268	1318.5	1382.6	1598.9	1676.7	1889	980.8	1418.6	1328.7	1347.2	1414.4	1437.4	1291.5	283.3	268.6	204	238.1
Alkbh8	613.1	776.4	291.6	645.5	808.6	781.2	276.7	453.3	1001.2	570.2	467.4	216.5	846.7	645.6	672.9	357.2	732.9	285.2	328.1	296.3	314.3	343.7	424.7	477.5
Lypla1	448.3	428.8	712.3	583.6	948.8	417.4	1216.7	670.7	1141.9	973	723.2	1001.2	940.1	1057.8	862.2	971.5	701.4	691.2	980.9	926	1028.8	1037.5	2383.3	2298.4
Rb1cc1	3138.1	3212.5	2083.2	2276.7	1697.4	2487.8	1431.5	1515.7	1775.5	1532.3	1486	1021.7	1908.2	1712.9	1287.5	1311.5	2154	1775.3	1668.1	1160.7	547.4	572.4	649.5	811.4
Sgk3	408.4	412	439.1	481.4	564.1	341.9	662.3	580.6	226.9	360.6	344.8	676.4	529.1	616.9	943.8	723.5	1115.8	1318.4	966.6	940.1	1386.1	1176.1	1787.5	1991.7
Cops5	1211.6	1321.6	1320.8	1157.4	1471.4	1418.2	1260.7	1173	1476.7	1083.2	1709.6	1530.8	1106.9	1328.5	1252.5	1500.7	1417.4	1330	1519.5	1383.8	1107.6	1152.6	1546.6	1600.9
Stau2	722.3	499.8	677.7	872.6	491.9	785.3	779.2	630.6	695.2	523.9	192.2	316.7	556.3	504	589.9	488.8	529.4	282.3	325.8	284.7	280.1	252.1	177.1	111.3
Rdh10	391.6	216.6	665	508.6	206.6	340.5	327.7	284.9	269	191.9	120.4	133.3	40.7	500.3	473.3	223.6	146.6	171.7	137.9	132.1	95.5	96.3	100	95.8
Terf1	551.2	603.7	650.2	579.2	474	652.1	633.3	451.4	804.1	404.2	467.4	324.8	228.2	517.2	575.3	713.4	399.8	500.6	491	491.2	646.1	599.8	379.1	306.1
Paqr8	213.1	182.9	168	268.4	248.8	141.4	176.8	256.5	328.6	183.7	194.4	211.1	375.9	323.5	225.7	204.4	381.6	353.6	388.8	227	124.9	142.5	75.1	106.1
Eya1	1024.7	787.4	792.8	1271.5	996	854	611.4	499.4	263.9	428.7	688	580.7	740.6	610.3	530.1	611.2	646.9	787.2	1040.3	270.6	385.9	348.4	32.2	30.4
Tmem14a	112.3	133.2	151.8	132.6	53.6	72.8	101.9	41.1	109.9	81.6	124.9	44.7	79.8	0.7	55.3	55.7	78.7	82.9	28.5	23.1	4.8	13.3	39.6	12.3
Tram1	1997.9	2218.8	2960	2542.9	2762.7	3013.6	3071.7	3052	2975.9	3399.3	2782	2322.6	2578.6	2542.6	2907	2275.9	2527.1	3165	2887.9	2829.3	8605.5	8335.1	14432.7	14002
Lactb2	305.5	431.8	202.6	341.2	234.5	269.1	316.7	322.1	423.1	217.7	225.1	126.2	245.8	388.1	254.9	408.8	313.8	317.2	202.1	400.1	256.2	283.4	420.7	325.5
Ube2w	96.6	334.4	343.1	279.3	276	341.9	240.7	247.7	218.7	383.7	191.4	83.2	182	527.4	270.9	244.9	278.6	544.2	225.9	253.9	422.5	375.1	1142	1165.4
Tmem70	607.9	575.2	701.7	584.7	903	477.8	1155.8	589.4	729.1	649.1	519	851.8	522.7	586.9	557.8	627.4	929.2	942.9	648	623.3	674	602.1	983	921.4
Pikfyve	433.6	435.4	417.2	508.6	265.3	303.4	385.6	449.4	659.3	363.3	281.9	403.5	810.8	630.1	311.7	462.5	534.3	493.3	376.9	329.6	298.4	226.3	261.7	272.4
Idh1	488.2	298.6	879.6	711.8	551.2	778.5	653.3	768.6	554.5	586.5	382.1	532.3	520.3	1018.2	734	636.5	474.9	404.5	411.4	655.4	393.1	421.3	4802.9	4995.4
Mettl21a	194.2	253.9	307.8	180.4	246	135.9	241.7	280	203.3	272.2	258.8	131.5	112.5	228.1	297.1	405.8	233.8	90.2	155.8	289.9	196.5	201.2	246.9	224.5
Creb1	2518.7	2246.6	2310.5	2039.8	2325.1	2754.1	2219.6	2956	2371.1	3191.1	2707.9	2053.3	2870.6	2847.8	3269.7	2726.2	3101.4	2839	2759.5	2144.4	1138.6	1081.3	944.1	1004.9
Klf7	448.3	701.1	650.9	692.2	793.6	620.6	614.3	497.4	559.7	715.8	661.8	311.4	925.8	611.1	805.4	526.2	478.5	555.9	346	430.9	107.4	132.3	56.4	102.2
Fastkd2	147	259.8	312	257.6	100.8	124.9	530.4	365.2	65.7	277.6	387.4	247.8	292.9	277.3	221.4	361.3	315	360.9	353.1	357.8	419.3	407.2	918.6	795.9
Eef1b2	26205.2	22279.2	22909.7	20343.3	19714.8	21117.1	21709	17255.3	21138.5	19267.7	21264.9	24093.4	23259.6	20940.9	21549.2	18817.3	25442.2	23931.4	25007.1	22959.8	1671	1737.5	2417.5	2152.2
Ndufs1	692.9	1057.4	930.4	954.1	832.9	681	840.1	802.9	564.8	1237	1355.1	1234.7	1039.1	803.3	981.6	1665.7	901.3	1202	1188.9	1009.4	1424.3	1397.7	1901.5	2019.5
Nrp2	10.5	19.8	15.5	16.3	0	19.2	0	20.6	0	0	0	26.8	0	0	1.5	16.2	42.4	0	0	111.6	20.7	4.7	63.1	130.7
9430016H08Rik	227.8	262	337.4	246.7	106.5	92	315.7	222.3	222.8	228.6	252.8	140.5	368.7	436.5	365.6	179.1	319.8	186.3	302	214.2	247.5	239.6	359.6	322.2
Rftn2	4.2	7.3	7.1	16.3	0.7	2.7	20	2	30.8	39.5	25.4	81.4	49.5	35.2	51	83	69.1	43.7	121.3	134.7	70.8	97.9	40.3	47.9
Mob4	1519.2	1366.2	1174.7	1326.9	1226.9	1268.6	1250.7	885.1	923.2	1126.8	844.3	1342.1	925	1240.5	959.8	983.6	903.8	1081.2	1292.4	1169.7	595.2	613.1	536.8	566.8
Hspd1	6583.9	5894.5	4957.1	4777.2	6455.5	5762.2	5201.5	6674.8	7556.9	7711.7	9576.9	8992.7	7527.4	8846.3	8383.2	8306.1	7008.4	5753.7	7316.8	10051.2	2369.6	2418.7	3832.6	4114.1
Coq10b	136.5	114.9	93.2	30.4	68.6	155.1	159.8	86.2	148.9	151.1	81.5	0	107.7	91	113.6	99.2	181.7	71.3	54.7	46.2	179	182.4	156.3	150.1
Sf3b1	5447.9	6127.2	7432.1	7066.9	5812.8	5560.4	6907.7	6616	6830.8	7228.6	6988.6	6289.8	6469.9	6930.9	6210.2	6016.1	6216.1	7872.4	7189.5	6688.4	6968.8	7064.2	6018	5584.2
Slc39a10	367.5	524	767.4	604.2	494	523.1	1083.9	778.4	755.8	563.4	554.9	596.8	453.3	626.5	700.5	525.2	565.8	451.1	640.8	761.8	675.6	707.8	642.1	724.7
Slc40a1	182.7	120	82.6	122.8	128.7	65.9	289.7	84.2	339.9	215	379.9	181.6	98.2	16.1	166	151.8	123.6	208.1	70.1	200.1	569.7	632.7	963.5	930.5
Wdr75	448.3	559.8	729.9	485.8	522.6	967.9	559.4	535.6	648	902.2	510	271.1	290.5	283.9	946.7	402.8	484.6	720.3	542.2	604.1	699.4	616.2	981.6	960.3
Ikzf2	2381.1	2900.1	2091.7	2414.7	2426.6	2185.7	1679.2	2205	2388.5	2309.3	1354.3	793.6	4331.1	3222.6	3623.6	2598.7	3067.5	2847.7	1464.8	1341.5	87.5	61.9	153	119.7
Lancl1	685.6	541.5	677.7	823.7	446.9	816.9	950	674.6	345	676.3	697.7	814.2	873.1	910.4	515.6	507	562.1	417.6	692	550.2	739.2	769.7	914.5	843.1
Acadl	1217.9	1539.7	1939.9	2081.1	1264.1	1355.1	3151.7	2332.3	1660.5	3135.3	3334.6	4213.2	1752.6	1407.7	2611.4	2599.7	1401.7	2708	2909.3	2313.7	1815.8	1736.7	1951.9	1908.9
Kansl1l	387.4	464.7	305	555.3	200.9	484.6	302.7	327	221.8	238.1	189.2	136	376.7	424	477.7	273.2	736.6	542.8	453	415.5	505.3	530.9	172.4	133.9
Rpe	233.1	105.4	138.4	54.3	240.9	234.8	206.8	213.5	198.2	220.5	94.2	64.4	338.4	241.3	304.4	182.2	166	213.9	167.6	228.3	663.6	747	1737.2	1859.7
Icos	0	0.7	0	0	0	0	0	37.2	0	16.3	0	98.4	51.9	38.1	33.5	76.9	155.1	158.6	250.9	114.1	39	49.3	5.4	10.4
Cd28	19.9	29.3	19.8	14.1	42.9	0	0	55.8	0	40.8	29.9	0	0	24.2	0	0	0	0	20.2	125.7	325.4	386	95.9	58.9
Raph1	178.5	154.4	274.6	243.4	110.1	75.5	357.6	229.1	6.2	172.8	90.5	123.5	122.1	31.5	116.5	91.1	49.7	109.1	95.1	246.2	40.6	54	34.2	63.4
Carf	817.9	561.3	353.7	529.2	211.6	288.3	214.8	300.6	388.2	332	264	221.9	158	200.3	259.2	209.5	341.6	237.2	294.9	175.7	50.9	47	66.4	82.8
Wdr12	1242	1536.8	1295.4	1387.7	1417.8	1312.5	1174.8	1386.5	1919.3	1660.2	1636.3	2849.6	1571.4	2399.6	1763.7	2133.2	1584.6	1685.1	2196	1871.2	854.6	808.1	2006.9	2018.9
Nop58	5238.9	5518.4	3209.2	3673.1	3775.1	3901.9	2859	3442.6	4802.7	4307	4187.2	3565.4	3803.6	3834.4	3699.3	3621.8	3188.6	3944.9	3365.9	4260.6	2347.3	1985.7	2184	2863.3
Sumo1	1466.7	1634.8	1265	1408.4	2200	1297.4	963	1341.4	1934.7	1544.5	1379.8	1503.1	1895.4	1567.7	1565.7	1727.4	1803.9	1541	1467.2	1728.8	777.4	757.9	962.9	954.4
Als2	395.8	187.3	235.1	193.4	239.5	333.6	121.9	312.3	174.6	107.5	287.9	229.9	142.1	377.1	286.9	292.5	232.6	99	116.5	118	402.6	400.1	224.1	295.1
Stradb	226.8	231.2	209.7	193.4	134.4	337.7	359.6	435.7	171.5	269.4	100.2	101.1	156.4	275.8	243.2	163.9	209.6	131	181.9	105.2	366	339	610.6	773.9
Trak2	578.5	584.7	607.8	594.4	625.6	506.6	724.2	585.5	483.7	650.5	775.5	592.3	352.7	590.5	450	436.2	695.4	583.5	506.5	557.9	707.4	746.2	346.2	347.5
Casp8	611	872.3	1094.9	1334.5	890.9	848.5	983	1023.2	809.2	1061.4	1194.3	909	1679.9	864.9	1538	1641.4	1207.8	1827.7	1764.4	796.5	1924	1817.3	2180.7	2269.9
Cflar	1558	1389.7	873.2	666.2	1088.9	1521.2	1010.9	815.6	1079.3	647.7	741.9	581.6	804.5	1115.8	924.8	666.9	1236.9	1036.1	674.1	404	460.7	375.8	368.4	265.9
Ndufb3	3817.4	3379.4	3247.3	2712.4	3698.6	3009.5	3807	3136.2	4017.2	4092	3060.2	3565.4	3790.8	2848.5	3186.6	3290.9	3153.5	2451.9	2589.5	3148.6	441.6	459.6	711.9	704.7
Clk1	4432.6	4682.7	4061.2	5080.4	3531.3	4350.8	3606.2	2841.5	3619.8	2143.3	2470.1	2088.2	3749.3	3234.4	2368.1	3572.2	4981.6	3780.5	4241	2566.3	664.4	637.4	448.9	401.8
Ppil3	218.4	158.8	317	180.4	255.2	222.4	154.8	246.7	214.6	228.6	237.8	289.9	199.5	358.7	173.3	200.4	254.4	195	291.3	245	198.9	192.6	367	356.5
Nif3l1	276.1	308.8	309.2	389	261.7	285.6	368.6	335.8	329.6	333.4	551.9	455.4	172.4	400.5	292.7	190.2	294.4	353.6	186.7	321.9	413.8	364.9	650.8	689.1
Orc2	415.8	454.4	315.6	373.8	782.2	480.5	486.5	591.4	356.3	621.9	855.5	828.5	666.4	497.4	706.4	659.8	762	596.6	531.5	655.4	746.4	698.4	1041.4	866.4
Sgol2a	199.5	133.2	124.2	169.5	582.7	385.8	420.6	367.2	1284.6	782.5	896.7	569	438.1	553.1	466.1	611.2	809.3	714.5	500.5	500.2	213.2	241.2	208	194.1
Kdelc1	470.4	396.6	489.2	469.5	706.4	476.4	827.1	616.9	460	724	685	395.5	369.5	727.7	589.9	750.9	388.9	253.2	424.5	273.2	257	261.5	745.5	893
Ercc5	476.6	335.9	422.1	263	339.6	369.3	313.7	228.1	507.3	155.1	165.3	205.8	251.4	7.3	249	272.2	185.4	359.4	217.6	324.5	237.1	286.6	60.4	108.1
Tex30	318.1	142.7	215.3	233.6	549.8	494.3	591.4	373.1	1185	967.5	510	265.7	938.5	554.6	518.5	301.6	243.5	216.8	309.1	461.7	507.7	499.6	781	682
Ptp4a1	381.1	469.1	477.2	239.1	301	348.7	534.4	698.1	364.5	435.5	311.1	722	428.6	506.9	849.1	631.5	529.4	472.9	489.8	459.1	215.6	213.8	440.2	478.2
Il18rap	100.8	145.6	91.8	175	45	162	156.8	151.8	196.1	106.1	90.5	46.5	494	339.6	262.2	284.4	787.5	538.4	1140.2	454	796.5	790	68.4	147.5
Il1rl1	0	0.7	0	15.2	0	0	67.9	13.7	271.1	511.7	69.5	99.3	73.4	209.8	147.1	52.6	55.7	7.3	13.1	43.6	41.4	34.5	51	95.8
Il18r1	89.2	12.4	52.9	86.9	55.1	115.3	90.9	144.9	45.2	102.1	65.8	99.3	75	113	164.6	256	347.7	295.4	206.9	144.9	64.5	88.5	0	0
Il1r1	73.5	14.6	77.7	32.6	0	164.8	111.9	61.7	90.4	49	54.6	0	499.6	82.2	164.6	41.5	1100	1279.1	599.2	711.8	315.1	335.9	34.9	75.7
Map4k4	1762.8	2206.3	1847.4	2044.1	1948.3	2507	1535.4	1808.5	1453	1354	1862.9	1955.8	2985.6	2396.6	2091.4	3074.3	4904.1	3937.6	4705.8	2776.7	820.4	664.8	77.8	61.5
Pdcl3	531.2	711.3	354.4	204.3	573.4	392.7	438.5	364.2	462.1	485.8	106.2	141.4	439.7	351.4	387.4	181.1	439.8	472.9	152.2	374.5	689.1	654.6	997.7	904.6
Rev1	815.8	717.2	1251.6	1006.3	1108.2	1103.8	931	1204.3	997.1	1174.4	618.5	512.7	946.5	1134.9	1150.6	671.9	879.5	921.1	927.4	548.9	248.3	194.2	397.2	430.3
Eif5b	6948.2	5973.6	3812	4495.7	5531.8	4670.7	3896.9	5212.9	5193	5392.9	4908.1	4407.3	5541.8	5424.1	4440.6	3774.6	4173.5	3624.8	3822.5	4759.5	667.6	694.5	546.8	526.7
Mrpl30	491.3	521.8	274.6	414	381.8	344.6	387.6	309.4	417.9	224.5	403.1	299.7	504.4	459.2	304.4	353.2	533.1	662.1	511.2	568.2	581.7	557.5	897.8	814
Mitd1	715	887.7	754.6	936.7	676.4	1069.5	920	769.6	479.6	805.6	781.5	919.8	593.8	601.5	649.6	650.7	609.4	934.2	550.5	769.5	143.2	125.3	295.2	220
2010300C02Rik	0	0	0	8.7	55.8	0	0	0	0	0	0	0	0	0	1.5	0	0	0	23.8	23.1	151.2	145.6	14.1	0
Stk17b	885.1	830.6	1077.3	1158.4	856.5	1278.2	1211.7	1081.9	1094.7	1054.6	1067.9	531.5	1430.9	1236.1	1128.7	1098	1885.1	1965.9	1403	1322.3	2104.6	2346.7	646.2	503.4
Asnsd1	822.1	795.5	982.7	882.4	896.6	740	1008.9	758.8	705.5	1058.7	868.2	1145.2	576.2	1254.4	1034.1	686.1	906.2	807.6	818	952.9	117	112	228.8	227.8
Osgepl1	44.1	111.2	40.9	178.2	55.8	50.8	127.9	205.6	131.4	171.5	82.3	16.1	119.7	71.2	120.9	65.8	129.6	45.1	46.4	64.1	75.6	82.2	172.4	124.2
Ormdl1	299.2	271.5	285.2	210.8	425.4	413.3	434.5	307.4	644.9	208.2	205.7	127.9	612.1	294.9	681.6	386.6	317.4	216.8	508.9	151.3	354.1	376.6	515.3	475.6
Pms1	263.5	164.7	209.7	134.8	140.1	177.1	361.6	221.3	196.1	194.6	163	55.5	192.3	44.7	119.4	203.4	226.5	93.1	135.5	220.6	228.4	203.6	203.3	210.3
Inpp1	856.7	856.9	975.6	928.1	644.2	608.2	1065.9	989.9	603.8	680.4	726.9	871.4	386.3	494.4	547.6	755.9	845.6	892	688.4	351.4	171.9	183.2	195.9	188.9
Gls	2027.3	2782.2	2974.8	3020	2879.9	2471.3	2421.4	2532	3318.9	2563.8	2948.7	2528.4	2430.1	2473.6	2366.7	3113.8	2765.8	2009.6	2533.6	1802	1310.5	1197.2	1292.3	1395.1
Stat1	1364.9	1154.8	1423.2	1218.2	1174	1324.9	831.1	1098.6	658.2	775.7	572.8	705.9	439.7	616.2	767.5	459.4	672.4	813.4	693.2	834.9	676.3	638.9	403.3	377.2
Nabp1	766.4	589.1	549.2	583.6	295.3	354.2	389.6	287.9	60.6	138.8	121.9	38.5	314.4	333	173.3	134.6	319.8	366.7	252.1	247.5	357.3	338.3	171.8	194.1
Mgat4a	254.1	485.2	509.7	448.8	480.5	339.1	466.5	432.8	313.2	416.4	483.9	168.2	407.8	546.5	442.8	505	443.4	699.9	489.8	315.5	589.6	510.5	108	215.5
Unc50	1799.5	1292.3	2076.2	1859.4	1180.4	1224.7	1805.1	1440.3	1685.1	1812.6	1397	1377.8	1244.2	1317.5	1661.8	1659.6	1338.7	1792.7	1446.9	1351.8	500.5	526.2	803.8	751.9
Coa5	2030.5	1622.4	1899.7	1654	1754.6	2139	1830.1	1973.9	2335.1	2088.8	1933.2	2096.3	1353.5	1845	2234.1	1875.2	1730	1682.2	1908.3	1895.6	1633.6	1627.9	2978.5	2854.9
Inpp4a	176.4	303	433.4	386.9	211.6	108.5	315.7	309.4	116	183.7	313.3	140.5	138.9	83.6	141.3	238.8	268.9	359.4	214	354	291.2	267	68.4	36.9
Tmem131	602.6	529.1	564.7	568.4	677.1	600	294.7	380.9	810.2	374.2	463.7	591.4	763.7	641.9	595.7	302.6	408.3	416.2	365	357.8	1140.2	1245	660.2	632.2
Zap70	0	0	0	4.3	0	0	4	28.4	0	16.3	0.7	0	0	0	27.7	0	1.2	4.4	33.3	66.7	92.3	103.4	0	0
Sema4c	135.4	59.3	182.1	328.2	57.2	111.2	153.8	126.3	49.3	106.1	28.4	199.5	165.2	109.3	123.8	344.1	244.7	174.6	312.7	157.8	253	265.4	7.4	5.8
Plekhb2	666.7	585.4	569.7	617.3	505.5	409.1	244.7	473.9	524.7	457.2	433.7	355.2	803.7	394.7	246.1	279.3	210.8	324.5	480.3	464.3	1189.6	1270	1476.1	1520
Ptpn18	2023.1	2106.1	2152.4	1970.2	1313.4	1659.9	1621.3	1176.9	1135.7	1189.3	1195.8	1648	1121.3	1214.8	1256.9	1438	1525.3	2076.5	1941.5	1832.7	658.8	651.5	461	403.1
Imp4	938.6	785.9	777.9	881.3	649.2	1212.3	783.2	897.9	1076.2	1036.9	754.6	861.6	1129.3	962.5	758.8	755.9	581.5	861.4	707.4	914.4	1408.4	1529.2	1980.7	2006.6
Dst	1247.3	1723.4	858.4	1397.5	725	963.8	527.4	697.1	281.4	296.7	256.5	431.2	562.6	415.2	284	325.8	562.1	599.5	681.3	201.4	140	145.6	0	0
Prim2	142.8	158.1	151.8	167.4	324.6	269.1	261.7	162.5	414.9	728	486.8	402.6	411.8	234	384.5	376.4	500.3	186.3	312.7	488.6	818	822.9	930	1021.7
Zfp142	213.1	210	189.2	285.8	306	296.6	281.7	243.8	95.5	168.7	189.2	323	87	282.4	167.5	224.7	157.5	147	237.8	282.2	249.9	177	107.4	62.8
Rhbdd1	122.8	180	206.8	72.8	173.7	207.3	137.9	210.5	393.3	185.1	306.6	238	139.7	175.3	136.9	120.4	237.4	104.8	297.2	105.2	498.1	402.5	289.2	309.9
Mff	1099.2	950.6	1086.4	1192.1	1369.9	755.1	890.1	800	904.7	998.8	836.8	587.8	414.2	597.1	991.8	938.1	955.9	902.2	727.6	1156.8	1271.5	1322.5	1446	1278.6
Fam135a	226.8	122.2	77.7	195.6	38.6	5.5	236.7	46	0	31.3	63.6	39.4	250.6	0	30.6	12.1	163.5	62.6	32.1	39.8	35	61.9	26.8	11
Sdhaf4	403.2	408.3	665.7	474.9	560.5	487.4	637.3	600.2	548.4	538.9	688	736.3	597	422.5	519.9	593	477.3	408.9	634.9	524.6	226.8	220	234.8	196.7
Smap1	913.4	624.9	967.1	843.3	900.2	734.5	1174.8	987	972.5	1662.9	1325.2	1143.4	861.9	835.6	1235	952.2	1055.2	852.7	799	1051.7	257	265.4	275.8	247.8
Ogfrl1	2885.1	2517.3	3709.7	3350.3	2320.8	2947.7	4010.8	3515.1	2427.6	3200.6	3120.7	3847.2	2283.3	2158.9	3102.2	2693.8	2670.1	3518.6	2841.6	2658.7	1082.2	1167.5	2753.7	2767.5
Agfg1	1182.2	984.3	861.9	1168.2	1203.3	1400.4	1201.7	1228.8	1039.2	1017.9	1156.9	974.3	1177.1	1087.2	958.3	851.1	960.7	921.1	877.4	643.8	967.6	1027.3	1087	1224.9
Nhej1	16.8	52	31.8	35.9	36.5	35.7	29	31.3	31.8	10.9	56.1	17	29.5	3.7	90.3	2	75.1	30.6	55.9	48.7	75.6	87.7	114.1	118.4
Cyp27a1	49.3	71.7	0.7	46.7	0	28.8	49.9	12.7	0	29.9	4.5	17.9	8	0	96.1	11.1	0	8.7	32.1	11.5	134.5	150.3	65.1	96.4
Rnf25	0	1.5	0	2.2	0	0	4	6.9	30.8	0	0	0	43.1	25.7	13.1	8.1	20.6	0	8.3	5.1	213.2	191.8	179.8	196.7
Bcs1l	342.3	241.5	434.1	310.8	372.5	367.9	264.7	487.6	406.6	279	309.6	123.5	127.7	156.3	367	303.6	331.9	209.5	363.8	230.9	237.9	222.4	503.9	476.2
Rqcd1	330.7	319.1	533.7	554.2	617	609.6	600.4	815.6	769.1	836.9	889.9	954.6	598.5	692.5	847.6	835.9	425.2	614.1	913.1	1141.5	1573.9	1540.2	2038.4	1864.9
Ctdsp1	808.4	664.5	739.1	888.9	672.8	446.2	716.2	869.5	781.5	909	625.2	880.4	615.3	688.1	825.8	667.9	693	926.9	1029.6	849	74	81.4	77.8	66
Pnkd	316	293.4	335.3	381.4	182.3	361.1	151.8	267.3	123.2	183.7	325.3	262.1	329.6	290.5	352.5	332.9	264.1	264.8	249.7	252.7	191	208.3	126.1	122.3
Cxcr2	0	102.5	4.2	59.8	22.2	31.6	52.9	40.1	42.1	68	118.2	103.8	303.3	265.6	157.3	168	128.4	152.8	77.3	56.4	43	34.5	86.6	66.6
Ppm1f	391.6	212.9	420	391.2	240.9	199.1	466.5	337.8	172.5	134.7	223.6	284.5	246.6	499.6	461.7	420	247.1	350.7	451.8	411.7	1409.2	1479.9	2039.8	1855.8
Igfbp5	0	58.5	105.9	17.4	135.8	33	330.6	90.1	59.6	236.8	19.4	63.5	0	66	23.3	13.2	1.2	0	1.2	455.3	5.6	5.5	0	0.6
Xrcc5	561.7	622.7	564.7	566.2	647.1	685.1	620.3	691.3	534	613.7	426.3	848.2	550.7	353.6	530.1	325.8	563.3	672.3	581.4	464.3	463.1	448.7	130.2	215.5
Pecr	426.3	210.8	281.7	333.6	233.8	352.8	216.8	285.9	187.9	264	164.5	261.3	205.1	155.5	135.4	342	129.6	269.2	187.9	262.9	105	126.1	265.7	246.5
Atic	1395.3	2028.5	1855.9	2012.6	2348	1799.9	1738.2	2116.9	2275.6	2297.1	3038.5	2858.6	2907.4	2426.7	2129.3	2534.9	2063.1	1775.3	1921.3	2327.8	612.7	588.8	671.6	709.8
Fn1	0	0	79.8	5.4	79.4	11	508.5	324.1	6.2	149.7	28.4	219.2	0	1.5	185	9.1	0	24.7	51.1	609.2	65.2	46.2	110	143.6
Bard1	81.9	68.8	213.2	169.5	429.7	409.1	794.2	729.5	1174.8	962.1	830.1	1047.7	521.9	522.3	847.6	636.5	762	774.1	793	577.1	91.5	85.3	42.9	60.2
Zfand2b	212.1	324.2	144.7	256.5	280.3	274.6	292.7	149.8	309.1	274.9	332	478.7	151.6	180.5	150	161.9	215.6	81.5	147.4	238.6	422.5	397	287.8	289.9
Ankzf1	239.4	139	338.8	397.7	174.5	263.6	295.7	321.2	182.8	153.8	318.6	431.2	110.1	325	138.4	370.4	312.6	309.9	286.5	183.4	240.3	284.2	320.7	344.9
Glb1l	244.6	130.3	284.5	251	190.2	203.2	175.8	211.5	79.1	337.5	224.4	191.5	219.5	203.2	288.4	222.6	215.6	224.1	143.9	151.3	98.7	96.3	227.5	196.7
Stk16	1133.9	584.7	842.9	774.8	1048.9	1382.5	918	992.8	1079.3	1465.6	1741.7	1634.6	1169.2	939.7	1166.6	1405.6	877.1	1095.7	921.4	1283.8	806	869.9	3072.4	2865.9
Tuba4a	4196.4	3995.6	4134.7	4274	3624.2	3877.2	5037.7	4547.1	5172.4	6212.1	6517.4	8608.8	4840.3	5859.1	4590.6	5345.1	3513.3	2917.6	3853.4	5439.2	5370.2	5339.3	22038.2	21909.8
Dnajb2	311.8	293.4	169.4	176	191.6	254	103.9	190.9	72.9	149.7	72.5	272	71	55.8	64.1	84	54.5	53.8	51.1	111.6	198.9	159.7	61.7	88.6
Dnpep	289.8	262.7	284.5	407.5	398.2	346	185.8	290.8	424.1	360.6	644.6	313.1	468.5	271.4	313.1	315.7	364.7	273.6	338.8	375.8	951.7	1063.3	1180.2	1015.9
Obsl1	240.4	417.8	506.9	574.9	277.4	78.3	300.7	335.8	129.4	74.8	139.8	73.4	66.2	62.4	68.5	123.5	15.7	42.2	61.8	14.1	12.7	6.3	0	17.5
Stk11ip	256.2	177.1	153.9	193.4	293.1	229.3	157.8	103.8	221.8	133.4	84.5	194.2	126.1	226.7	115.1	185.2	169.6	42.2	154.6	100	893.6	1022.6	579.7	642.5
Trip12	2624.7	2506.4	2572.4	2807	2518.1	2062.1	2074.8	2379.3	3319.9	2815.5	2838.8	2405	2608.1	2117.9	2299.7	2815.3	2349.1	2456.3	1943.9	2358.6	1294.6	1375	1124.6	1015.3
Sp100	970.1	1099.9	1011.6	1329.1	880.1	1232.9	1001.9	899.8	754.8	846.4	778.5	1079	1009.6	619.1	927.7	1053.4	911	1402.8	1347.1	1141.5	2492.9	2557.3	1344.6	1401.6
Itm2c	1693.5	1333.3	1825.5	1758.3	1708.8	1426.5	2135.7	1753.6	1757	1771.8	1173.4	1574.7	2188.3	1661.6	1642.8	1174.9	1106.1	1960.1	1383.9	1582.6	2314.7	2411.6	4146	4372.3
Psmd1	1991.6	2200.5	2375.5	2907	2902.8	2166.5	2775.1	2717.1	3683.4	3955.9	3674.9	3893.7	2959.2	3157.3	3137.1	3089.5	2292.1	2134.7	2807.1	2804.9	3210.7	3089.7	4610.3	4259.7
Ncl	30536	34049.3	24188.8	26342	32953.3	31264.4	25640.8	30615.6	36574.6	35204.2	42557.5	47155.3	34075.8	37109	34048.2	45026.9	32586.3	28547.2	37477.9	28249	16253.8	16141.6	14870.9	15820.9
Ptma	25040.9	20224.4	17507.2	13894.7	19619.7	22028.7	22669	20601	34287.7	28024.6	20419.8	23726.6	25255.6	32034.1	25289.3	20437.4	27174.7	25131.9	20814.8	32182.5	1990.1	1940.3	1499.6	1419
Pde6d	427.3	199.8	366.4	524.9	278.8	466.8	543.4	615.9	440.5	589.2	651.4	580.7	359.9	288.3	452.9	582.9	290.8	673.7	611.1	446.3	423.3	463.5	1167.5	944.1
Cops7b	266.7	415.7	422.1	332.5	360.3	443.5	428.5	359.3	449.8	425.9	428.5	416.9	515.6	402.7	265.1	289.4	416.7	224.1	356.7	203.9	623.8	563	655.5	502.8
Farsb	993.2	1084.5	1650.5	1714.8	1510	1114.8	1671.2	2007.2	1310.3	2513.4	2470.1	2031	1355.1	1518.5	2551.6	2394.3	908.6	1542.5	2264.9	2082.8	1856.4	1884.7	2651.7	2742.3
Mrpl44	718.1	611	616.3	666.2	599.9	502.5	468.5	543.4	574	583.8	415.1	631.7	457.3	616.2	525.8	447.3	768.1	585	638.5	611.8	497.3	461.2	1453.3	1309.7
Serpine2	17.8	54.9	170.1	45.6	270.3	205.9	421.6	216.4	592.5	382.4	430	626.3	91.8	114.4	122.3	54.6	48.5	33.5	28.5	489.9	134.5	98.7	1359.4	1245.6
Eif4e2	510.2	601.5	753.9	533.6	554.8	597.2	886.1	849.9	911.9	1476.5	811.4	1039.6	1008	1201.6	1238	1091.9	706.3	881.8	1059.3	1124.8	1354.3	1484.6	1811.6	1868.1
Ndufa10	871.4	1025.2	1094.9	1158.4	1636.6	880.1	1405.5	1021.2	1210.7	1305	1316.2	1885.1	1299.3	1640.3	1332.6	1383.3	1266	657.7	1410.1	2034.1	1676.5	1616.1	2351.1	2149.6
Rnpepl1	369.6	434.7	564	386.9	484	369.3	405.6	358.4	367.6	394.6	411.3	541.3	407.8	325	192.2	395.7	405.8	229.9	455.4	528.4	1254.8	1298.2	848.8	922.1
Capn10	176.4	242.2	191.3	135.8	116.5	232	351.6	125.3	50.3	123.8	146.6	258.6	93.4	206.9	163.1	125.5	112.7	336.1	215.2	132.1	229.2	274.8	311.3	297.7
Gpr35	0	0	0	0	0	0	39	13.7	0	6.8	10.5	42.1	0	0	0	0	32.7	0	10.7	15.4	227.6	256	65.1	61.5
Mterf4	269.8	350.5	320.5	406.4	299.6	157.9	382.6	180.2	241.3	126.6	542.9	159.3	137.3	120.3	214.1	293.5	245.9	247.4	419.7	347.6	144	152.7	285.8	187.7
Pask	55.6	43.9	130.6	139.1	313.2	325.4	495.5	311.4	444.6	386.5	437.5	502.8	355.9	192.9	403.4	457.4	218.1	398.7	482.7	411.7	581.7	635.8	495.2	324.2
Ppp1r7	669.8	838.6	751.8	774.8	645.6	921.2	1252.7	1035.9	1263.1	906.3	1146.4	1099.6	1192.3	1525.1	857.8	921.9	1095.2	929.8	1114	1037.6	1078.2	1157.3	1151.4	1235.9
Sept2	2907.1	3290.8	4515.9	4083.9	3278.9	4345.3	3611.2	4850.6	4129.1	4892.1	5113	4610.4	4216.2	3345.1	5168.8	4338.2	3823.4	4656.5	4416.9	3149.9	1246.9	1263.8	1758	1965.8
Stk25	138.6	147.8	94.6	84.8	207.3	19.2	75.9	89.1	67.8	137.4	165.3	76.9	122.1	82.9	40.8	157.9	87.2	116.4	107	111.6	1091.7	1051.6	976.9	813.4
Bok	0	0	8.5	0	41.5	24.7	2	55.8	0	27.2	30.7	0	32.7	2.9	33.5	3	2.4	7.3	61.8	80.8	475	382.9	14.1	14.2
Thap4	219.4	193.9	308.5	345.6	211.6	238.9	291.7	265.3	90.4	439.5	243	153.9	363.1	242.8	386	338	479.7	104.8	255.6	220.6	300.8	267.8	301.3	372.7
Atg4b	472.5	611.8	516	411.9	554.8	396.8	335.6	267.3	369.7	473.6	546.7	814.2	375.9	465.1	374.3	227.7	292	283.8	365	302.7	801.3	817.5	1293	1207.4
Dtymk	1052	859.1	1068.1	941.1	1916.1	1670.9	1642.3	1597	1469.5	1981.3	1377.5	1049.5	1789.3	2098.8	1743.3	1698.1	1817.2	1357.7	1501.6	1530.1	1523.8	1600.5	2230.3	1980.7
Ing5	424.2	1063.3	825.2	734.6	728.6	1025.6	540.4	1019.3	956	772.9	1003.6	854.4	1143.6	838.5	885.5	917.8	800.8	905.1	703.9	613	393.1	466.7	596.5	495
Pdcd1	0	0	0	0	0.7	0	0	6.9	0	0	0	0	0	0	0	0	0	0	20.2	57.7	80.4	90.8	0	0
Inpp5d	1122.3	1143	1322.9	1126.9	1238.3	859.5	1425.5	1230.8	929.3	1174.4	1187.6	2086.4	893.8	1547.9	1341.4	1138.4	1591.9	1580.3	1924.9	1499.3	7146.2	7159.8	2419.5	2805.1
Atg16l1	280.3	395.9	223.1	252.1	283.8	315.8	508.5	217.4	304	311.6	501.1	291.7	291.3	152.6	313.1	169	250.8	270.7	346	284.7	258.6	216.1	346.9	274.4
Mlph	139.6	177.8	206.8	241.3	49.3	292.4	146.8	161.6	54.4	50.4	6	0	45.5	26.4	10.2	28.3	0	0	28.5	0	2.4	0	6	3.9
Rab17	128.1	91.5	62.1	231.5	16.4	24.7	109.9	62.7	88.3	76.2	72.5	44.7	44.7	2.2	64.1	104.2	88.4	131	41.6	38.5	23.9	25.1	47.6	69.2
Lrrfip1	1615.8	1710.2	1402	1855	1917.6	1540.4	2357.5	1402.1	1369.9	1400.3	1562.2	1002.1	1633.6	2046	1574.4	1171.8	2178.2	1695.3	1865.5	1406.9	2781.8	2830.6	2052.5	1691.4
Scly	324.4	182.2	401.7	313	392.5	292.4	400.6	389.7	246.5	279	290.9	333.7	458.1	256	256.3	335	235	545.7	608.7	205.2	257	282.7	328.1	308.7
Klhl30	0	0	0	0	0	0	0	0	0	0	0	0	0	0	0	12.1	24.2	0	13.1	47.5	222	204.4	0	19.4
Ilkap	1184.3	863.5	768.8	993.3	950.9	513.5	542.4	1057.5	880	789.3	1222.7	1420.8	571.4	868.6	900.1	1223.5	909.8	809.1	1286.4	842.6	1185.6	1160.4	1171.5	1205.5
Asb1	198.4	180.8	293.7	168.4	185.9	321.3	414.6	225.2	540.1	264	439.7	654.9	229	130.6	273.8	193.3	130.8	69.8	185.5	228.3	163.9	231	197.3	196.1
Hdac4	781.1	586.2	533.7	553.1	373.9	650.8	580.4	512.1	572	371.5	682	439.3	593	533.3	369.9	527.2	333.2	408.9	435.2	460.4	307.1	284.2	232.8	205.8
Cln8	190	133.9	293.7	340.1	193.8	211.4	254.7	241.8	90.4	285.8	238.6	134.2	55.1	123.2	284	277.3	161.1	228.5	220	296.3	449.6	491.7	615.3	614.1
2310035C23Rik	746.5	1009.1	839.4	819.4	845.8	1080.5	577.4	978.2	916	870.9	707.5	315.8	891.4	961	715.1	941.1	803.2	746.5	764.5	564.3	412.2	451.8	226.1	338.4
Gin1	316	59.3	221.7	233.6	113.7	265	267.7	180.2	87.3	276.2	257.3	275.6	266.6	220.1	189.3	166	229	365.2	310.3	198.8	138.5	135.5	167.1	201.2
Pam	696.1	660.1	645.2	745.5	564.1	642.5	348.6	550.3	397.4	288.5	216.1	279.1	480.4	677.1	506.8	504	745.1	553	374.5	433.5	52.5	46.2	128.8	113.2
Ccdc93	245.7	341	137.7	274.9	177.3	262.2	385.6	299.6	24.6	306.2	251.3	322.1	30.3	234	141.3	174.1	381.6	117.9	269.9	129.5	204.5	233.3	302.6	245.9
Actr3	3422.6	3362.6	5638.3	6162.8	4490.1	5009.8	7983.5	7323.9	5428.1	7473.6	7654.2	8351.2	5100.4	7117.2	8375.9	8471.1	4969.5	7866.5	7316.8	7168.1	5012.9	5012	10053.3	9992.7
Slc35f5	711.8	316.9	552	318.4	222.4	322.6	557.4	488.6	152	224.5	198.9	136.9	257.8	171.7	353.9	163.9	220.5	379.8	165.3	114.1	135.3	169.9	350.3	563.6
Tmem163	47.2	41.7	10.6	26.1	13.6	5.5	1	14.7	0	4.1	0	0	0	0	0	0	0	0	0	15.4	416.2	419.7	0	0
Ccnt2	1626.3	2092.2	2151	2610.3	1951.2	1830.1	2340.5	2434.1	2147.2	2141.9	2628.7	1456.6	1738.2	2156.7	2258.9	2348.7	2220.6	2169.6	2345.8	1281.2	631	609.2	283.2	364.3
Ubxn4	2485.1	2700.3	2175.7	2521.2	2843.5	2442.4	1747.1	2205	1975.7	1805.8	1652	1805.5	2535.5	1977	2264.7	2185.8	2058.3	2150.7	1999.8	2920.3	1163.3	1248.1	1395	1595
Mcm6	3140.2	4163.9	4664.1	4351.2	7020.4	6890.8	8392.1	8271.7	8140.1	10606.2	9763.1	11666	9482.6	7569.1	9373.5	8020.7	7609.3	7811.3	8432	8083.8	12660.4	13011.9	17024	18024.1
Dars	1079.3	1228.7	918.4	718.3	1401.4	1161.5	1040.9	1020.3	1879.2	1537.7	1371.5	865.2	1371.9	1045.4	1233.6	1158.7	969.2	797.4	1154.5	1292.8	3004.6	2862.7	6823.8	6791.7
Rgs18	1983.2	2649.1	3118.8	3231.9	2064.1	3188	2795	2525.2	3820	4264.8	2908.4	2898.8	1558.6	2091.4	2197.7	2172.7	2187.9	2446.1	1544.4	1778.9	977.9	986.6	1517.8	1323.9
Rgs1	1371.2	975.5	1246.7	842.2	872.3	904.8	955	773.5	701.4	485.8	456.2	493	602.5	473.2	219.9	357.2	394.9	212.5	186.7	292.4	545.1	498.8	6.7	16.8
Rgs2	993.2	807.2	959.4	598.8	1188.3	713.9	1178.8	958.6	622.3	809.7	771.8	967.2	1690.3	2158.9	1318.1	2048.2	2051	2809.9	2200.7	2636.9	2221.6	2208.8	1170.2	1037.3
Cdc73	1307.1	1498.7	1333.5	1711.6	1363.5	1640.7	1463.4	1532.3	1546.5	1677.9	1398.5	1166.7	1031.1	1180.3	1645.8	1326.7	1299.9	1434.8	1427.9	961.9	786.9	734.5	838.7	712.4
Tsn	4823.2	4622	4416.3	4524	4726	4953.5	4436.3	5348	5634.5	4961.5	6089.7	6319.3	5426.8	5639.1	5562.1	4649.9	5313.5	6086.9	5173.1	4921.1	1998.8	2020.9	2110.9	2090
Nifk	762.2	1359.7	886.7	1028	1382.8	1043.4	986	1141.7	1494.1	1250.6	1177.9	1161.3	1690.3	1531.7	1233.6	1446.1	1153.3	878.9	1280.5	1236.4	1589	1635.7	2678.5	2574.7
Epb41l5	413.7	170.5	251.3	344.5	93.7	304.8	13	289.8	102.7	73.5	90.5	245.1	3.2	10.3	13.1	83	152.6	13.1	42.8	84.6	74.8	90.8	4	11.6
Ptpn4	509.2	598.6	377	515.1	97.2	381.7	470.5	566.9	407.7	352.5	344.8	361.5	584.2	583.9	326.2	380.5	507.6	296.9	292.5	257.8	156.8	144.9	40.3	67.9
Dbi	2413.7	2266.3	2187	2064.8	3234.6	2861.2	2849	2353.8	4012	3070	4133.3	4065.5	3323.1	4412.5	4045.9	4592.2	3182.6	1705.4	3118.6	3443.6	958	947.4	2213.6	1939.9
3110009E18Rik	116.5	50.5	86.1	29.3	272.4	57.7	20	42.1	194.1	36.7	54.6	85	138.1	192.9	185	61.7	232.6	40.7	186.7	161.6	44.6	55.6	49	36.2
Steap3	10.5	35.9	7.1	0	201.6	97.5	43	12.7	188.9	197.3	139.8	75.2	26.3	75.6	177.7	112.3	36.3	4.4	145.1	119.3	342.2	346.1	287.8	269.2
Nek7	1213.7	1374.3	1522	1617	1182.6	1410	1333.6	1703.7	928.3	1777.2	1230.9	1166.7	1467.6	1275	1826.4	1178.9	1602.8	1471.2	1222.2	1213.3	1414.8	1217.6	1120.5	1201.6
Ptprc	2798	3531.6	2884.4	3432.9	4277	3503.7	3383.4	3052.9	2710	2669.9	2981.6	2490.9	3830.7	2835.3	2969.6	3798.9	5050.7	4225.8	4123.3	3852.7	4670.8	4774	1619.1	1448.8
Cd55	365.4	301.5	386.1	327.1	230.9	343.2	404.6	209.5	472.4	338.8	181.7	244.3	99.8	39.6	99	110.3	75.1	24.7	0	9	171.9	251.3	34.2	26.5
Ddx59	75.6	89.3	79.1	48.9	103	1.4	0	57.8	185.9	132	37.4	0	19.2	55	78.6	28.3	130.8	259	67.8	114.1	268.9	234.1	177.1	127.5
Pfkfb2	276.1	121.5	289.4	268.4	326.7	189.5	232.8	211.5	41.1	160.6	66.6	46.5	0.8	19.1	80.1	31.4	27.9	154.2	47.6	38.5	34.2	28.2	12.7	31.1
Tmem9	359.1	273.7	325.4	367.3	283.8	255.4	250.7	274.2	644.9	249	335	309.6	99.8	371.2	276.7	243.9	184.1	269.2	172.4	210.3	549.8	588	306.6	275.7
Tnni1	0	0	0	0	0	0	0	0	0	0	0	0	0	0	0	0	0	0	0	24.4	139.2	136.2	0	3.9
Csrp1	326.5	262.7	289.4	422.7	363.2	383	238.7	314.3	478.5	427.3	587.8	858.9	399	237.7	378.7	586.9	585.1	666.5	812	529.7	3595.8	3675.4	2190.7	2180.6
Srgap2	815.8	712.8	596.5	455.3	699.2	974.8	527.4	519.9	560.7	789.3	739.6	870.5	688.7	613.3	586.9	688.1	696.6	1085.5	719.3	550.2	423.3	464.3	354.9	370.8
Arl8a	1154.9	584.7	745.5	675.9	504.1	461.3	378.6	592.4	602.8	201.4	459.2	418.7	252.2	450.4	492.3	374.4	465.2	496.2	316.3	345	623.8	655.4	426.7	421.9
Eif2d	107.1	127.3	167.3	145.6	247.4	357	139.9	182.1	221.8	220.5	258	177.2	372.7	370.5	262.2	168	236.2	186.3	155.8	144.9	895.2	967.8	1141.3	1120.7
Ube2t	253	128.8	409.4	267.3	550.5	727.7	740.2	554.2	813.3	698.1	1032	603	510	371.9	700.5	699.3	547.6	599.5	372.1	610.5	280.1	320.2	298.6	192.2
Rassf5	1197.9	1237.4	1663.9	1548.6	1178.3	943.2	997.9	1283.6	1070	1238.3	1291.5	1513.8	1264.1	1570.6	1154.9	2186.8	1992.9	1722.9	2268.5	2236.7	3265.6	3229.9	1949.9	2329.5
Rab29	422.1	330.8	546.4	354.3	300.3	293.8	541.4	299.6	244.4	345.6	353.7	340.9	272.1	349.9	266.5	239.8	282.3	203.7	195	369.4	300.8	299.9	410.6	353.9
Nucks1	7883.6	7814	7806.9	8065.6	11245.9	11727.6	11697.6	12586.8	20120.8	18783.3	20751.9	19378.4	12768.3	14896.1	13849.1	12745.6	13674	13936	14647.8	11994.2	4382.7	4112.3	2849	3083.3
Slc45a3	0	0	12	0	0	0	5	3.9	174.6	356.5	348.5	237.1	16	226.7	100.5	67.8	0	13.1	0	32.1	31.8	18	99.3	90.6
Elk4	2075.6	2270.7	1927.2	1587.7	1635.9	1713.4	1862	1663.6	1531.1	1071	949.8	465.2	1316	1639.6	1331.2	1020	1748.2	1539.5	758.5	1480	950.9	862.9	185.2	228.4
Cdk18	380.1	289.8	298.6	346.7	133	160.6	99.9	271.2	0	130.6	120.4	64.4	133.3	15.4	150	210.5	66.6	80	52.3	69.3	25.5	13.3	127.5	93.2
Rbbp5	644.6	783.7	835.1	908.5	891.6	885.5	663.3	1002.6	1001.2	913.1	858.5	1005.6	1186.7	1063	990.4	936.1	820.2	900.7	1028.4	564.3	808.4	890.3	1140	1229.4
Pik3c2b	29.4	87.8	79.8	140.2	88.7	160.6	29	12.7	0	53.1	63.6	23.3	47.9	19.8	125.3	153.8	31.5	132.4	67.8	78.2	162.3	131.5	12.7	10.4
Klhl12	381.1	275.9	468	342.3	356.1	355.6	216.8	491.5	694.2	668.2	445.7	584.2	556.3	479	337.9	436.2	425.2	577.7	590.9	356.5	320.7	346.9	332.8	345.5
Cyb5r1	731.8	497.6	444	419.5	646.3	395.4	374.6	528.7	524.7	351.1	309.6	472.4	437.3	643.4	495.2	359.2	371.9	567.5	472	487.4	264.2	261.5	685.1	544.8
Adipor1	443.1	502.7	393.2	413	323.9	346	298.7	265.3	424.1	379.7	392.6	573.5	245.8	732.1	534.5	319.8	355	382.7	342.4	365.5	1820.6	1941.8	3308.6	2951.9
Ppfia4	65.1	36.6	86.8	65.2	64.3	60.4	190.8	43.1	69.8	51.7	68.1	12.5	37.5	125.4	46.6	25.3	128.4	52.4	78.5	135.9	1701.2	1789.9	286.5	363.7
Atp2b4	4079.9	4783	4995.2	4904.3	2841.3	3016.3	2768.1	3531.7	1857.6	1770.4	3066.2	3535	3296.8	2157.5	2496.3	3734.1	3709.5	3696.1	4842.6	2771.5	540.3	565.3	97.3	80.2
Tor1aip1	1499.2	1625.3	1295.4	1329.1	830.1	1212.3	1199.7	1082.9	819.5	1031.5	787.5	577.1	1001.6	718.9	1205.9	975.5	1084.3	1500.3	743.1	1224.8	997.8	999.1	899.1	904.6
Xpr1	1100.3	1665.5	1682.9	1887.6	1414.2	1238.4	1343.6	1766.4	1500.3	1284.6	1841.2	1507.6	1114.1	1030.7	1318.1	1214.3	1124.3	1596.3	1530.2	1069.6	311.9	223.2	85.9	155.9
Stx6	758	515.2	680.5	868.3	627	811.4	573.4	646.2	447.7	533.4	414.3	262.1	280.1	381.5	514.1	315.7	639.7	715.9	577.8	351.4	1065.4	1124.4	935.3	829.5
Mr1	105	105.4	149	183.7	103.7	115.3	124.9	147.8	9.2	12.2	10.5	108.3	135.7	13.2	33.5	43.5	53.3	45.1	98.7	55.1	157.5	148.8	45.6	58.9
Glul	5748.1	6154.3	6194.6	6237.7	4590.1	4400.3	5122.6	3804.9	3699.9	3207.4	2692.2	3060.8	3845.1	3849.1	3268.2	3487.2	4017.3	3084.9	3744	3033.2	343.7	370.4	295.9	304.1
Lamc1	77.7	69.5	148.2	243.4	91.5	92	59.9	169.4	82.2	58.5	213.1	19.7	39.9	74.1	87.4	119.4	73.9	81.5	60.6	177	524.4	468.2	56.4	68.6
Ncf2	710.8	904.5	638.9	736.8	792.9	519	803.1	553.2	567.9	601.5	429.3	893.8	778.9	1120.2	694.7	577.8	625.1	534	674.1	872.1	583.2	617.8	1779.4	1908.9
Rgl1	310.8	191.7	140.5	167.4	86.5	142.8	47	190	34.9	65.3	172.8	127.9	65.4	118.1	155.8	225.7	306.5	333.2	565.9	495.1	1262	1321.7	5.4	47.2
Fam129a	376.9	280.3	374.1	202.1	158.7	367.9	319.7	264.4	171.5	170.1	258	61.7	220.3	289	416.5	102.2	247.1	90.2	95.1	256.5	600	534	345.6	330.7
Rnf2	1242	1093.3	1378	1117.1	1122.5	1145	987	1198.5	917	1264.2	1016.3	1258	1391.8	881	1092.3	1320.6	1020.1	1065.2	1198.5	865.7	1141.8	1180.8	1180.9	1182.8
Adck3	620.5	539.3	400.3	253.2	243.8	484.6	353.6	217.4	346.1	77.6	41.1	274.7	93.4	112.2	103.4	99.2	247.1	65.5	77.3	110.3	582.5	605.3	324.1	158.5
Cdc42bpa	1091.9	1634.8	953.7	1002	737.1	1151.9	689.3	925.3	760.9	454.5	896.7	651.3	473.3	497.4	351	376.4	313.8	414.7	546.9	179.6	41.4	41.5	7.4	34.3
Ahctf1	1166.4	1150.4	977.7	1223.6	1784.6	1169.7	1264.7	1399.2	1701.6	1257.4	1266.8	1169.4	1214.7	1233.2	1449.1	1190.1	943.7	934.2	940.5	1163.3	1220.6	1176.9	552.9	632.2
Tfb2m	255.1	597.1	248.5	381.4	423.3	259.5	280.7	297.7	226.9	268.1	426.3	201.3	229.8	394.7	326.2	271.2	149	209.5	294.9	165.4	56.5	61.1	138.2	135.2
Efcab2	493.4	304.4	399.6	641.2	157.3	181.2	94.9	217.4	139.7	197.3	215.4	255.9	366.3	195.9	104.9	78.9	104.2	227	126	91.1	69.2	108.8	54.3	33
Parp1	2442	2973.2	2339.5	2293	3292.5	3785.2	3138.7	3316.3	4020.3	3561.2	4027.1	4877	4433.3	4134.5	3690.6	3818.1	4306.8	3965.3	4349.2	4286.2	9785.5	9887	4539.2	4471.9
Acbd3	1793.2	1732.9	1310.9	1584.4	1466.4	1654.4	1249.7	1284.6	1669.7	1375.8	1261.6	1416.3	1415.8	1350.5	1310.8	1352	1396.8	1865.5	1288.8	1029.9	780.6	721.1	728.7	966.7
Cox20	653	865	1355.4	1279.1	980.2	914.4	1548.4	1540.2	951.9	2322.9	1369.3	1177.4	1362.3	784.2	1450.6	1454.2	1020.1	1413	1583.7	891.4	1.6	3.9	5.4	0.6
Desi2	290.8	589.8	479.3	507.5	875.8	486	569.4	293.7	426.2	596	332.8	249.6	709.5	508.4	655.4	306.6	501.6	388.5	242.5	374.5	494.1	469	781	774.5
Sdccag8	307.6	251	177.9	235.8	76.5	164.8	139.9	200.7	161.2	181	207.9	576.2	379.1	109.3	136.9	157.9	187.8	139.7	215.2	264.2	332.6	328.1	191.2	199.3
Capn2	261.4	340.3	223.8	252.1	301.7	153.8	161.8	262.4	34.9	209.6	157.8	382	432.6	108.6	263.6	299.5	285.9	266.3	292.5	452.7	787.7	786.9	157.7	262.1
Trp53bp2	223.6	567.1	401	260.8	340.3	679.6	544.4	398.5	293.7	269.4	230.3	172.7	782.1	446	396.1	204.4	558.5	539.9	336.5	404	397.1	401.7	197.3	246.5
Srp9	1588.5	1246.2	1106.2	821.6	1145.4	1452.6	1350.6	981.1	1163.5	1136.3	637.9	595.9	797.3	1140	1086.5	750.9	1037	941.5	689.6	917	779	770.5	1130.6	1095.5
Nvl	669.8	1219.2	847.8	1002	953.8	900.6	618.3	845	1747.8	1079.1	1222	996.7	1276.9	1280.1	785	1162.7	902.6	951.7	1196.1	1047.8	711.4	685.1	691.1	814
Tmem63a	871.4	744.2	648.8	706.4	619.9	520.3	473.5	516	404.6	370.1	711.9	491.2	384.7	306.6	403.4	455.4	467.6	624.3	447	551.5	810.8	823.7	451.6	628.3
Pycr2	751.7	960.8	1033.5	675.9	724.3	572.5	1229.7	932.1	544.2	628.7	908.6	926.9	510.8	856.8	881.1	1156.7	707.5	780	1042.7	1327.4	1565.1	1664.7	1949.2	1754.9
Fh1	551.2	560.5	345.2	407.5	757.9	936.3	517.5	490.5	993	767.5	372.4	229.9	576.2	731.4	533	523.2	557.3	465.6	353.1	893.9	2149.2	2071.8	2895.3	2909.2
Mnda	18.9	0	0	0	30	0	35	49	0	0	0	0	8	0	16	0	31.5	75.7	29.7	107.7	4.8	9.4	81.9	57.6
Dusp23	38.8	67.3	58.6	65.2	86.5	70	41	33.3	15.4	69.4	79.3	21.5	20.7	22.7	64.1	146.7	59.4	59.7	27.3	74.4	117.8	126.8	169.1	178.6
Tagln2	4243.7	4024.1	5715.9	5077.1	5787	4753.1	6252.4	5532.1	5922.1	6071.9	7817.9	8303.7	5628.8	5776.2	6291.7	8447.8	4822.9	4820.9	6252.7	6044.6	10298	10301.2	11866.9	12024.5
Slamf9	0	0	0	0	0	0	0	0	0	0	0	0	0	0	0	15.2	0	0	0	11.5	393.9	498	0	0
Copa	1395.3	1701.4	2019.7	1911.5	1743.8	1964.7	1628.3	2185.4	2410.1	2140.6	2879.9	1455.7	2081.4	2475.8	2071	2119	2398.7	2152.2	2074.7	1640.4	5837.3	5701	9017.3	9733.9
Dcaf8	2883	2942.5	2621.1	2558.1	2331.5	2468.5	2268.6	2230.5	2299.2	1820.8	2274.9	2627.7	2459.6	2584.4	2180.3	2722.2	2401.1	2430.1	2714.4	2014.9	3103.2	3052.9	2761.1	2642.6
Vangl2	627.8	409.1	151.8	326	322.5	314.4	380.6	294.7	238.2	344.3	503.3	292.6	549.1	246.5	254.9	404.8	375.6	369.6	637.3	433.5	409.8	368.8	126.1	48.5
Uck2	1507.6	1248.4	1810.7	1632.2	1615.1	1699.7	1675.2	1796.7	1412	1454.7	2013.2	1716	1628.1	1374	2135.1	1934.9	1083.1	1458.1	1282.9	1690.4	2524.8	2596.4	3637.4	3406.8
Tada1	347.5	342.5	400.3	322.8	633.5	378.9	371.6	670.7	626.4	579.7	659.6	597.7	693.5	550.9	466.1	454.4	531.8	720.3	543.3	341.2	436.8	407.9	592.5	485.3
Pou2f1	1356.5	1784.1	1607.4	1462.7	1665.2	1455.3	1050.9	1418.8	1305.2	978.4	1318.4	1385.9	1346.3	1163.5	827.2	1748.7	1554.3	1471.2	1615.8	1110.7	554.6	551.2	182.5	229.1
Mpzl1	297.1	360.8	409.4	357.5	212.3	366.6	285.7	232.1	35.9	16.3	175.7	147.6	91	221.5	107.8	136.6	20.6	52.4	63	55.1	50.9	50.9	79.8	92.5
Mpc2	1245.2	672.5	694.6	940	821.5	967.9	1122.8	786.2	811.2	877.7	615.5	476	1071.8	803.3	1162.2	530.3	1496.2	766.9	646.8	891.4	547.4	548.1	922.6	800.4
Dcaf6	948	676.9	455.3	445.6	316	549.2	241.7	425.9	283.4	272.2	392.6	450.9	288.9	162.1	477.7	373.4	260.5	298.3	254.4	389.9	81.2	72	44.3	32.4
Nme7	82.9	101	157.4	161.9	72.2	79.6	220.8	155.7	59.6	157.9	35.9	77.8	170	140.1	152.9	137.6	143	77.1	323.4	192.4	209.3	211.4	263	258.2
Atp1b1	1	58.5	45.2	100	166.6	0	60.9	116.5	92.4	270.8	37.4	82.3	90.2	0.7	88.8	155.8	167.2	229.9	274.6	502.8	2515.2	2547.1	148.3	196.1
Blzf1	182.7	170.5	198.4	299.9	296.7	265	291.7	200.7	240.3	183.7	254.3	258.6	233.8	203.2	348.1	237.8	311.3	392.9	239	257.8	292.8	262.3	478.4	473
Ccdc181	654.1	544.4	354.4	451	338.9	534.1	141.8	359.3	255.7	385.1	458.4	673.7	303.3	303.7	209.7	361.3	479.7	232.8	403.1	278.3	162.3	211.4	160.4	208.4
F5	168	157.3	98.8	142.4	73.6	267.7	152.8	121.4	53.4	53.1	153.3	43.8	0	0	56.8	2	27.9	39.3	74.9	78.2	107.4	79.9	142.2	113.2
Selp	395.8	246.6	578.2	289.1	266.7	98.9	321.7	315.3	431.3	235.4	201.2	193.3	614.5	655.8	489.4	557.6	156.3	48	64.2	96.2	3.2	1.6	53	88.6
Sell	65.1	100.3	283.8	70.6	567	240.3	901	828.3	1081.3	1355.4	1018.6	1874.4	5050.2	4237.9	5330.5	4536.6	3239.5	2031.4	2589.5	2579.2	12309.5	11658.1	6154.2	6483.6
Scyl3	220.5	415.7	339.6	186.9	293.9	34.3	295.7	154.7	364.5	269.4	313.3	357	267.4	201.7	193.7	282.3	135.7	344.9	143.9	338.6	635	628	870.3	669.7
Kifap3	372.7	404.7	278.1	516.2	263.8	93.4	319.7	156.7	46.2	221.8	284.2	391	342.4	308.8	448.6	259.1	456.7	160.1	277	193.7	179.8	181.7	247.6	382.4
Sec16b	59.8	27.8	96	59.8	3.6	0	51.9	40.1	42.1	0	66.6	37.6	31.1	0.7	64.1	49.6	15.7	0	84.4	55.1	20.7	34.5	58.4	74.4
Ralgps2	657.2	1324.5	885.2	1162.8	1085.3	1116.2	883.1	1265	1577.3	1495.5	1637.8	1590.8	1312	1188.4	1086.5	1530.1	690.5	784.3	837	1014.5	603.9	573.2	279.8	214.2
Abl2	970.1	870.8	837.2	899.8	1384.9	908.9	838.1	1148.5	715.7	899.5	955	1020.9	1214.7	1363.7	764.6	1091.9	965.5	737.8	889.3	602.8	253	220	91.9	71.2
Soat1	590	525.4	674.2	684.6	651.3	464.1	716.2	858.7	332.7	514.4	241.6	76	725.4	713.8	801	406.8	473.7	326	478	563	300.8	314	2812.1	2644.6
Smyd2	908.2	520.3	1545.3	1028	975.2	649.4	1383.5	1328.7	696.2	1351.3	1124.8	1458.4	419	410.8	975.8	1222.4	428.9	711.6	755	958	347.7	317.1	549.5	449.1
Ptpn14	163.8	342.5	276.7	261.9	280.3	145.5	47	62.7	69.8	123.8	62.8	128.8	23.1	0	65.5	99.2	1.2	4.4	4.8	77	4.8	3.1	4	0
Cenpf	420	368.1	547.1	476	2761.2	2140.4	1831.1	1794.8	3693.7	4040.3	5129.4	4709.7	1517.1	2456	1715.7	1974.3	3672	3736.8	3371.8	2415	1377.4	1456.4	83.2	106.1
Kctd3	250.9	333.7	367.8	284.7	545.5	204.6	412.6	278.1	427.2	216.4	347.7	168.2	423	464.4	369.9	293.5	322.3	342	259.2	356.5	295.2	336.7	174.5	245.9
Eprs	3416.3	4526.8	2525.8	2830.9	3642.8	4294.5	2861	3868.6	5009.2	3588.5	3993.5	3093.9	3914.5	4449.9	3668.7	2500.5	4619.4	2529.1	3345.7	3448.7	3204.3	3119.5	3679	4218.3
Cr2	96.6	118.5	66.4	142.4	0	0	0	23.5	0	6.8	0	0	0	0	0	0	0	30.6	38	12.8	85.1	104.1	0	0
Bpnt1	116.5	60	257	103.2	72.9	138.7	299.7	99.9	226.9	157.9	75.5	16.1	132.5	198.8	131.1	130.5	121.1	138.2	84.4	191.1	296.8	368.8	491.2	620.5
Iars2	1189.5	922.8	573.2	478.2	904.4	670	1014.9	538.5	848.2	702.2	544.4	553.8	600.1	1030.7	735.5	570.7	577.9	819.3	472	758	1336	1183.1	1346.7	1552.3
Nek2	150.1	73.9	123.5	108.7	285.3	175.7	504.5	255.6	586.4	685.8	308.1	46.5	73.4	523.8	412.2	312.7	327.1	855.6	162.9	232.1	2136.5	1953.6	587.8	459.4
Lpgat1	456.7	866.4	800.5	734.6	1100.3	735.9	741.2	1175	697.3	1022	772.5	845.5	812.4	1082	853.5	920.9	1091.5	1215.1	951.2	886.2	981.1	855	1144	1275.4
Ppp2r5a	597.4	1080.8	1222.7	845.5	802.9	929.5	1284.6	1224.9	1539.3	1427.5	1865.1	1476.3	1544.3	1270.6	1673.4	1651.5	1236.9	1289.3	1563.5	1900.7	2081.6	2092.2	3336.1	3025.1
Tmem206	56.7	79	25.4	1.1	7.9	107.1	74.9	56.8	211.5	31.3	18.7	135.1	35.1	200.3	65.5	85	323.5	93.1	123.7	80.8	829.1	856.6	569	678.1
Tatdn3	93.4	87.1	186.4	224.9	114.4	94.7	46	98.9	35.9	55.8	52.3	51.9	174	27.9	145.6	162.9	55.7	59.7	124.8	94.9	46.2	55.6	81.9	88
Angel2	1602.1	1912.2	1461.3	1270.4	1423.5	1918	1812.1	1666.5	1384.2	1326.8	1194.3	1165.8	1727	1349.1	993.3	963.4	1593.1	1453.7	1349.5	1385.1	1149.8	1140.1	1091	979
Traf5	164.8	120.7	163.8	157.6	116.5	104.3	161.8	250.7	125.3	93.9	134.6	80.5	171.6	101.2	88.8	130.5	168.4	241.6	187.9	165.4	238.7	204.4	57.7	45.9
Irf6	340.2	525.4	369.9	272.8	85.8	278.7	165.8	224.2	19.5	66.7	111.4	41.2	50.3	5.1	75.7	126.5	140.5	117.9	55.9	20.5	16.7	1.6	0	0
Lamb3	11.5	0	23.3	3.3	27.9	1.4	2	5.9	0	0	0	0	17.6	0	0	6.1	0	0	0	0	112.2	126.1	59	24.6
Plxna2	110.2	101.7	59.3	155.4	17.9	0	73.9	37.2	0	4.1	0	89.5	0	0	33.5	0	31.5	0	2.4	34.6	54.1	65.8	12.1	1.9
Usf1	1	0	0	0	17.9	0	0	0	0	0	0	0	0.8	0	0	0	0	0	7.1	0	915.1	1059.4	1013.8	885.2
Nmt2	1127.6	643.2	826.6	880.2	1002.4	678.2	794.2	924.3	788.6	798.8	682.8	724.7	751.8	746.8	653.9	713.4	550	727.6	585	623.3	121.7	160.5	113.4	87.4
Suv39h2	44.1	125.1	84	88	182.3	108.5	182.8	198.8	221.8	367.4	154.8	37.6	212.3	332.3	122.3	98.2	152.6	213.9	82	252.7	180.6	153.5	308.6	346.8
Dclre1c	181.6	125.9	49.4	130.4	77.2	34.3	177.8	49.9	70.9	182.3	26.9	78.7	99	37.4	59.7	92.1	156.3	141.1	38	110.3	230	316.3	65.8	140.4
Fam107b	4795.9	3833.1	3677.9	2634.2	3714.3	3432.3	4444.3	2987.3	2768.5	2486.2	1102.3	1126.4	4028.6	3505.8	3445.9	2447.9	3720.4	3461.8	2834.4	2684.3	6621	6552.9	13478.6	13171.8
Fcgr2b	0	2.2	40.2	0	110.1	4.1	33	23.5	82.2	62.6	101	55.5	174.8	250.9	166	121.4	146.6	88.8	72.5	153.9	390.7	390.7	1256.7	1236.6
Frmd4a	1494	1090.4	1067.4	871.5	943.1	1441.6	1329.6	1161.3	1417.1	1347.2	561.6	766.8	1222.6	1477.4	1287.5	944.2	1404.1	1087	948.8	543.8	548.2	617	579.7	546.8
Dusp12	453.6	373.2	318.4	432.5	504.8	221	492.5	406.3	446.7	466.8	501.8	337.3	237.8	426.2	455.9	229.7	242.3	266.3	456.6	278.3	110.6	112.8	178.5	128.1
Sephs1	557.5	641	516	385.8	575.6	367.9	635.3	424.9	642.8	730.8	548.9	512.7	562.6	355.8	528.7	467.5	359.8	596.6	434	797.7	1768	1853.4	1686.8	1751.6
Atf6	664.6	343.9	515.3	406.4	504.1	534.1	214.8	253.6	367.6	308.9	353.7	361.5	420.6	384.4	317.5	363.3	501.6	548.6	290.1	397.6	1341.6	1239.5	792.4	872.9
Phyh	593.2	355.6	429.9	667.2	147.3	649.4	673.3	380.9	250.6	210.9	193.7	400.8	121.3	376.3	511.2	326.9	517.3	458.4	554	314.2	416.2	446.3	874.3	951.8
Uhmk1	1992.7	1912.2	1968.9	1544.2	2360.1	2693.7	1985.9	2061.1	2291	1623.4	2099.9	1075.4	2434.9	2189.7	2123.5	1592.8	2687.1	2383.5	1908.3	1400.5	1131.5	1128.3	638.8	718.2
Mcm10	52.5	255.4	308.5	278.2	1150.4	554.7	552.4	919.4	1092.6	1758.2	1616.8	1800.1	1134.1	936.8	1114.2	982.6	991	857.1	1288.8	1323.6	1153	1055.5	1330.5	1441.7
Uap1	634.1	573.7	518.2	517.3	652.8	333.6	597.4	627.6	760.9	547	664.1	457.2	346.4	521.6	479.2	543.4	477.3	638.8	357.9	605.4	677.1	695.3	1672.1	1446.2
Optn	66.1	133.2	104.5	55.4	103.7	166.1	146.8	92	603.8	298	385.9	323.9	44.7	87.3	104.9	2	1.2	18.9	67.8	85.9	69.2	67.3	34.2	57.6
Hsd17b7	106	298.6	211.8	251	229.5	237.5	267.7	323.1	229	121.1	143.6	242.5	142.9	88	241.8	192.3	172	180.4	115.3	200.1	217.2	199.7	130.2	192.8
Nuf2	76.6	147.8	150.4	173.9	622.7	612.3	557.4	578.7	1023.8	1083.2	1400.7	1538.9	661.6	933.1	859.3	661.8	707.5	768.3	1139	654.1	1222.2	1187	826	850.3
Aldh9a1	585.8	948.4	737	1094.3	574.8	947.3	1173.8	920.4	1136.8	1694.2	542.9	730.1	948.1	981.5	1338.5	684.1	988.6	1414.4	802.5	1026	1876.3	1880	4606.3	4683.5
Mgst3	40.9	24.9	28.2	32.6	67.2	0	45	15.7	0	23.1	6.7	9.8	0.8	51.4	5.8	2	23	23.3	4.8	23.1	140	123.7	261.7	203.8
Mettl13	340.2	387.8	463.1	496.6	336.8	321.3	520.4	352.5	343	442.3	687.3	367.7	320.8	258.2	337.9	463.5	239.9	331.8	225.9	393.7	650.9	680.4	844.8	808.8
Vamp4	109.2	212.2	289.4	305.4	125.1	243	287.7	371.1	211.5	213.6	297.6	161.9	88.6	148.9	195.2	196.3	273.8	232.8	221.1	135.9	398.6	420.5	626	645.1
Pigc	531.2	393	485	664	272.4	254	183.8	261.4	516.5	284.4	315.6	353.4	191.5	517.2	469	665.9	441	277.9	362.6	297.5	222.8	235.7	382.5	415.4
Prdx6	3506.6	3246.2	4084.5	4037.1	3820.8	3680.8	3629.2	3685.5	3837.5	3761.3	4472.8	3621.8	2968	3086.9	3882.8	4207.7	2966.9	3745.6	3701.2	3750.1	3491.5	3788.9	7678	7268.5
Klhl20	477.7	597.9	553.5	316.2	366.1	344.6	518.5	381.9	311.1	432.7	391.9	390.1	474.1	330.1	276.7	242.9	298	486	384	316.8	274.5	323.4	185.9	226.5
Nsun6	97.6	139	144.7	168.4	140.9	129.1	502.5	236	185.9	53.1	235.6	195	138.1	150.4	84.5	237.8	72.7	88.8	92.7	115.4	124.9	144.1	91.3	113.9
Cenpl	134.4	128.8	294.4	329.3	475.5	341.9	276.7	321.2	687	495.3	864.5	764.1	234.6	543.6	252	337	345.3	500.6	489.8	374.5	607.9	586.5	383.1	306.7
Dars2	129.1	153.7	57.2	252.1	373.9	145.5	398.6	122.4	224.9	274.9	307.4	265.7	176.4	143.8	387.4	157.9	328.3	74.2	298.4	342.4	887.2	765	1051.4	1116.8
Mrc1	70.3	41	97.4	65.2	75.1	57.7	207.8	71.5	86.3	234.1	419.5	161	0.8	142.3	49.5	42.5	67.8	129.5	149.8	188.5	144.8	144.1	18.8	68.6
Stam	624.7	707.6	696.1	499.9	530.5	538.2	393.6	477.8	807.1	534.8	692.5	283.6	1022.3	784.2	586.9	387.6	791.1	688.3	734.8	480.9	613.5	528.5	393.2	544.8
Rabgap1l	1011	1272.6	1338.5	1179.1	2152.8	2294.2	1974.9	1969	3672.1	2566.5	3400.4	3585.1	2441.3	2001.9	1701.1	2101.8	3390.9	2824.4	2807.1	2029	1381.3	1362.4	760.9	616.7
Trdmt1	124.9	176.4	141.9	67.4	104.4	151	179.8	86.2	117.1	126.6	109.2	135.1	152.4	272.9	103.4	40.5	61.8	68.4	35.7	70.5	122.5	144.1	214	170.2
Rsu1	991.1	984.3	1480.3	1561.6	1304.8	1268.6	2114.8	1635.2	1642	2038.5	1908.5	1231.1	1304	1208.2	1803	1718.3	763.2	1567.2	1067.7	1186.3	1259.6	1283.3	2544.3	2563
Vim	1402.7	1177.4	966.4	913.9	1741	2334	2093.8	1323.8	2997.5	1816.7	1352.1	1690.1	3426.1	3460.3	3256.6	1992.5	3596.9	2035.8	1825	2869	4342.1	3945.5	7242.5	6847.9
Pter	132.3	206.4	324.7	366.2	405.4	151	476.5	384.8	311.1	347	222.9	219.2	304.9	281	343.7	143.7	107.8	243	277	269.3	120.9	77.5	367.7	259.5
Pip4k2a	505	605.2	818.2	665.1	593.4	421.5	1492.4	1158.3	1335	1118.6	1159.9	1674	687.1	809.1	1127.3	1173.9	810.5	1973.2	1388.7	1201.7	2469.1	2478.2	944.7	1032.1
Bmi1	739.1	1006.9	922.7	745.5	950.2	583.5	681.3	699.1	811.2	706.3	598.3	493	846.7	848	972.9	608.2	886.8	1268.9	991.6	820.8	620.6	547.3	482.4	478.2
Dnajc1	1101.3	1880.7	1166.9	1527.9	1993.4	1629.7	1937.9	1487.3	1463.3	1340.4	1598.1	1489.7	1771.7	1316.8	1520.5	1105.1	2037.7	1638.5	1815.5	1680.1	561	533.2	554.9	477.5
Mllt10	1361.7	1510.4	1024.3	1087.8	1256.2	1397.6	959	1303.2	1113.1	1499.6	687.3	653.1	1533.1	1525.1	1471	805.5	1247.8	1287.8	818	995.2	529.9	491.7	281.8	233.6
Plxdc2	835.7	907.4	416.5	498.8	164.4	421.5	292.7	329	213.6	121.1	281.9	110	120.5	169.5	134	166	113.9	1.5	78.5	26.9	218	224.7	9.4	0
Nek6	98.7	31.5	120.7	96.7	165.2	70	126.9	144.9	0	55.8	10.5	27.7	254.6	138.6	250.5	172	129.6	96	128.4	241.1	1796.7	1774.3	493.8	463.3
Psmb7	790.6	682.8	565.5	612.9	619.9	746.9	722.2	742.2	852.3	918.5	693.2	527.9	673.6	899.4	873.9	699.3	654.2	715.9	778.8	905.5	782.2	857.4	1011.8	873.5
Ppp6c	678.2	862	1020.8	1025.9	895.2	660.4	837.1	894.9	791.7	890	1224.2	829.4	807.6	863.4	924.8	551.5	542.7	529.7	1018.9	825.9	1215.8	1360.9	2096.1	1936.7
Golga1	339.1	524	481.4	508.6	469	457.2	593.4	533.6	551.4	240.9	500.3	362.4	418.2	322	423.8	223.6	495.5	235.7	514.8	243.7	130.5	112	71.8	156.6
Arpc5l	1362.8	1178.9	1149.3	1074.8	1142.5	978.9	1130.8	1048.7	1520.8	1141.7	1091.8	1258	1047.1	1253	1152	1163.7	1227.2	1552.6	1626.5	1297.9	2181.8	2218.2	996.4	1158.3
Orc4	420	562	603.6	452.1	770.7	377.6	835.1	447.5	491.9	596	382.1	294.4	619.3	378.5	474.8	460.4	783.8	615.5	575.4	375.8	536.3	556.7	652.2	632.2
Mmadhc	857.8	903	989.7	798.7	649.9	723.5	886.1	870.5	938.6	801.5	930.3	737.2	825.2	744.6	827.2	1019	602.1	729	935.7	1094	882.4	831.5	1243.3	1149.8
Fam188a	132.3	306.6	390.4	510.8	101.5	141.4	463.5	367.2	168.4	368.8	323.8	428.6	345.6	419.6	404.9	340	328.3	525.3	366.2	551.5	344.5	322.6	560.3	513.1
Spopl	768.5	533.5	632.5	802	604.2	468.2	366.6	652.1	883.1	684.5	556.4	296.1	690.3	735.1	728.2	639.6	890.4	631.5	713.4	395	197.3	145.6	132.2	115.2
Pfkfb3	420	468.3	595.8	718.3	464	626.1	527.4	439.6	391.2	530.7	403.8	457.2	779.7	396.1	572.4	633.5	397.4	563.1	612.3	463	405	387.6	475.1	372.1
Yme1l1	621.5	1162.1	1022.9	1011.7	1009.5	1054.4	785.2	795.1	1261	1239.7	1077.6	986	900.2	984.5	659.8	813.6	924.4	996.8	885.8	992.7	1063.1	996.8	1418.4	1379.6
Prkcq	233.1	385.7	370.6	203.2	326.7	177.1	142.8	175.3	106.8	84.4	240.8	69.8	175.6	180.5	115.1	237.8	187.8	173.2	212.8	152.6	98.7	94.7	15.4	18.8
Mastl	23.1	15.4	19.1	17.4	154.4	170.2	188.8	143	200.2	425.9	284.9	286.3	251.4	179	199.5	109.3	140.5	40.7	126	109	261.8	296	92.6	87.4
Acbd5	306.6	289.8	105.9	106.5	166.6	184	175.8	145.9	363.5	360.6	106.9	159.3	233	132.8	64.1	136.6	426.4	243	110.6	127	467.1	451.8	358.3	402.5
Abi2	1121.3	1375.8	1085	1276.9	1429.2	1335.9	1120.8	1263.1	1281.6	1300.9	822.6	1316.1	1008.8	1123.1	1109.8	627.4	1648.8	1148.1	882.2	892.6	710.6	636.6	587.8	643.2
Pdss1	89.2	94.4	132.7	116.3	298.1	207.3	169.8	204.6	241.3	231.3	361.2	47.4	200.3	313.2	183.5	186.2	87.2	164.4	205.7	162.9	193.4	182.4	348.2	369.5
Pkn3	508.1	303	164.5	295.6	233.8	384.4	188.8	336.8	111.9	114.3	142.8	272.9	212.3	168.7	174.8	90.1	138.1	81.5	34.5	28.2	67.6	90	120.8	280.8
Apbb1ip	1477.2	1935.6	1601.1	1907.2	1615.8	1209.6	1720.2	1856.4	1162.4	2078	1779.9	2312.8	1868.3	1594.1	1889	1772.9	1959	2501.4	2467.1	2014.9	606.3	595.1	309.3	319.7
Zbtb43	274	619.1	440.5	473.8	396.8	304.8	235.8	254.6	643.9	362	363.5	235.3	568.2	135	189.3	489.8	382.8	282.3	328.1	314.2	195.7	214.5	227.5	281.5
Odf2	1001.6	1093.3	1375.2	1695.3	1209.7	1489.6	1479.4	1920.1	1606.1	1823.5	2527	2588.4	1778.9	1030	1589	1941.9	1410.2	1308.2	1819.1	1581.4	2194.5	2090.6	1040.7	1077.4
Slc2a8	201.6	38.8	94.6	48.9	27.9	43.9	36	48	43.1	50.4	32.2	28.6	50.3	75.6	42.2	16.2	3.6	53.8	45.2	112.9	178.2	165.2	214.7	229.1
Lrsam1	14.7	35.9	19.1	3.3	0	5.5	72.9	1	0	0	0.7	4.5	0	0	18.9	0	105.4	165.9	1.2	37.2	150.4	108.1	60.4	75.7
Fam129b	186.9	117.1	149.7	155.4	283.1	200.4	165.8	185.1	77	134.7	114.4	229	214.7	192.2	115.1	204.4	247.1	215.4	241.4	224.4	507.7	555.1	399.9	334.5
Stxbp1	595.3	610.3	795.6	860.7	631.3	433.8	641.3	722.6	641.8	762.1	597.5	578.9	436.5	585.4	528.7	456.4	197.5	244.5	293.7	284.7	181.4	183.2	45.6	38.2
Coq4	12.6	117.1	74.8	53.2	152.3	70	21	87.1	114	85.7	23.2	113.6	11.2	115.2	51	44.5	52.1	129.5	89.2	78.2	241.9	250.6	381.1	384.4
Med27	143.8	87.8	169.4	173.9	80.1	127.7	131.9	221.3	101.7	95.3	171.3	300.6	153.2	107.8	206.8	161.9	107.8	196.4	173.6	186	397.1	432.2	346.2	333.9
Ttf1	918.7	1266	771.6	507.5	838.7	587.6	666.3	753.9	654.1	617.8	459.9	474.2	1108.5	709.4	857.8	544.4	546.4	826.5	700.3	731	341.4	334.3	226.1	232.3
Ddx31	255.1	227.6	319.1	185.8	190.2	208.7	431.5	280	136.6	332	207.9	296.1	431.8	245	355.4	245.9	161.1	231.4	298.4	341.2	369.2	394.6	429.4	409.6
Ak8	0	13.9	5.6	0	0	0	20	0	0	0	0	0	0	0	0	0	0	0	0	7.7	215.6	189.5	11.4	12.3
Dpm2	426.3	484.4	658.6	812.9	642	667.2	977	756.9	503.2	455.9	865.3	1141.6	433.3	488.6	524.3	736.7	427.7	958.9	688.4	622	595.2	609.2	581.1	512.5
St6galnac6	194.2	214.4	183.5	246.7	231.7	324	142.8	307.4	87.3	163.3	162.3	293.5	149.2	69	134	100.2	81.2	213.9	127.2	101.3	271.3	267.8	646.8	527.4
Tsc1	1136	807.2	828.1	1002	952.3	741.4	620.3	842.1	682.9	660	767.3	562.8	628.9	831.9	664.1	595	560.9	784.3	764.5	602.8	428.1	451	260.3	174.1
Eng	627.8	614.7	384	424.9	288.9	317.1	218.8	209.5	267	208.2	251.3	126.2	134.9	171.7	139.8	66.8	218.1	179	208.1	207.8	541.9	548.1	368.4	335.8
Gfi1b	304.5	379.1	688.3	597.7	541.2	595.9	867.1	617.8	713.7	830.1	877.2	1183.7	129.3	76.3	225.7	244.9	56.9	181.9	49.9	183.4	307.9	286.6	94.6	55.6
Gtf3c5	174.3	106.8	252	106.5	509.8	270.5	184.8	274.2	612	249	222.1	514.5	223.5	160.7	171.9	180.1	368.3	202.3	268.7	296.3	836.3	846.4	644.1	896.2
Ak1	263.5	150.7	105.2	190.2	68.6	153.8	48.9	62.7	17.5	102.1	32.9	72.5	0	11.7	5.8	34.4	64.2	18.9	53.5	16.7	10.3	13.3	28.2	9.1
Slc25a25	72.4	90.7	44.5	35.9	30	145.5	112.9	88.1	43.1	88.5	88.2	110.9	106.9	64.6	61.2	134.6	109	94.6	112.9	82.1	492.5	473.7	234.2	321.6
Ptges2	92.4	65.9	80.5	108.7	189.5	107.1	174.8	143	61.6	244.9	184	103.8	108.5	58	120.9	54.6	109	68.4	160.5	120.6	348.5	375.8	597.8	663.2
Ralgds	467.2	180	309.9	301	260.3	170.2	128.9	185.1	156.1	122.5	152.6	132.4	103.7	97.6	249	313.7	272.6	244.5	291.3	170.6	474.2	426.7	129.5	84.1
Lcn2	1	0	21.2	55.4	2.1	0	137.9	62.7	0	17.7	85.3	42.9	0	0	49.5	14.2	0	0	33.3	148.8	518	557.5	214.7	237.5
Nr4a2	36.7	141.2	141.9	139.1	69.4	200.4	105.9	138.1	59.6	170.1	175	231.7	57.5	87.3	109.2	77.9	67.8	46.6	103.4	134.7	61.3	52.5	95.9	113.2
Gpd2	1784.8	2002.9	1727.4	1447.5	1746.7	1603.6	1839.1	1713.5	1008.4	1468.3	1660.2	1640	1866.7	1385.7	1268.5	1267	1140	912.4	1526.6	1358.2	701.8	704.7	1203.7	945.4
Cytip	684.5	473.5	931.8	850.9	624.2	889.7	703.3	595.3	539.1	416.4	542.9	490.3	703.1	382.9	885.5	534.3	632.4	503.5	498.2	716.9	1667.8	1620.8	899.8	660.7
Olfm1	4.2	22.7	56.5	0	22.9	74.1	29	76.4	25.7	253.1	130.1	217.4	55.9	16.9	88.8	64.8	18.2	148.4	67.8	143.6	66.8	54.8	139.6	133.3
Fcnb	0	0	0	0	16.4	0	12	31.3	28.8	17.7	0	99.3	0	0	46.6	14.2	0	0	3.6	70.5	65.2	65.8	909.2	845.7
Acvr1	75.6	43.2	108	68.5	45	222.4	149.8	126.3	196.1	160.6	20.9	39.4	111.7	130.6	80.1	79.9	93.3	72.8	59.4	118	39	33.7	30.9	25.2
Abl1	770.6	821.1	726.4	803.1	1196.9	652.1	857.1	933.1	766.1	755.3	774	809.7	923.4	838.5	770.4	774.1	1226	854.2	1051	734.9	1369.4	1376.5	510.6	383.1
Fubp3	501.8	592.7	747.6	893.3	158.7	702.9	880.1	778.4	976.6	760.7	707.5	751.5	358.3	501	560.7	641.6	574.2	1136.5	721.7	398.9	446.4	424.4	411.3	451
Tor1b	760.1	1061.1	793.5	1004.1	726.4	810	816.1	891	826.6	973	1142.7	998.5	555.5	920.6	723.8	967.4	837.1	704.3	896.5	947.8	507.7	525.4	1043.4	886.5
Tor1a	592.1	267.1	432	468.4	432.6	447.6	618.3	378.9	285.5	336.1	614.7	420.5	431.8	592	550.5	408.8	277.4	304.1	306.7	346.3	837.1	844.1	2027.7	1786.6
BC005624	591.1	858.4	673.5	595.5	702.8	723.5	688.3	848.9	767.1	758	1005.1	537.7	920.2	1158.3	792.3	619.3	1148.5	989.5	719.3	706.7	746.4	693	503.9	556.5
Crat	63	51.2	62.1	68.5	2.1	26.1	89.9	31.3	41.1	65.3	32.2	116.3	77.4	75.6	43.7	75.9	60.6	26.2	72.5	56.4	303.2	332	783.7	803
Usp20	267.7	363	249.2	277.1	168	166.1	275.7	120.4	203.3	187.8	255	392.8	226.7	74.8	183.5	175.1	164.8	151.3	237.8	178.3	445.6	478.4	198.6	135.2
Dolpp1	151.2	190.3	281	224.9	158	157.9	321.7	307.4	185.9	432.7	308.9	408	176.4	198.8	316	226.7	124.8	117.9	343.6	297.5	398.6	424.4	520	620.5
Ntmt1	166.9	54.2	28.9	120.6	101.5	103	22	160.6	161.2	72.1	141.3	215.6	73.4	97.6	123.8	73.9	111.5	264.8	99.9	135.9	494.1	505.8	528.7	518.3
Fam73b	120.7	117.8	135.5	163	107.2	87.9	153.8	128.3	41.1	138.8	122.6	195.9	81.4	49.2	101.9	132.6	20.6	197.9	95.1	182.1	269.7	234.9	254.3	181.2
Sh3glb2	412.6	488.8	468	509.7	282.4	167.5	511.5	474.9	264.9	374.2	310.4	517.1	288.9	385.9	279.6	464.5	335.6	302.7	278.2	522	690.7	668.7	472.4	414.1
Hspa5	4434.7	6390.7	5866.3	4973.9	7420.7	3620.4	6523.1	7971.1	4876.7	9053.5	6763.5	7651.5	6220.1	6717.4	9730.3	7020.9	3526.6	6196	5552.4	7516.9	11813	11669.1	44320.1	45539.5
Kynu	0	19.8	2.1	0	0	0	34	13.7	0	0	6	0	0	0	10.2	0	33.9	0	39.2	35.9	235.5	240.4	0	18.8
Gapvd1	2162.8	2897.1	2547	2724.4	3440.5	2903.8	2536.3	2718.1	2517.9	2786.9	2918.8	2896.2	2292	1919.8	2513.8	2666.5	2294.5	2927.8	2687	2735.6	2016.3	1808	2148.5	2176.7
Psmd5	730.7	709.8	977.7	933.5	970.2	520.3	1583.3	895.9	1532.1	1364.9	759.8	657.6	558.6	768.1	1053	863.2	756	699.9	813.2	1105.5	1448.2	1443.9	2468.5	2368.9
Zeb2	1718.7	1913.6	1300.3	1537.7	1606.6	1335.9	1684.2	1928.9	4105.5	3358.5	3053.4	2813.8	2300	2663.6	1274.4	1310.5	1896	857.1	1613.4	1186.3	1543.7	1577	1722.4	1534.9
Phf19	108.1	145.6	137	94.5	95.1	151	136.9	246.7	187.9	110.2	68.8	156.6	70.2	178.3	96.1	189.2	156.3	161.5	96.3	103.9	212.5	197.3	49.7	96.4
Traf1	357	157.3	158.1	255.4	124.4	104.3	45	109.7	37	0	0.7	12.5	0.8	13.9	13.1	18.2	113.9	0	0	60.3	148	190.3	0	0
Rab14	3951.8	4152.2	4177.7	4877.2	4412.1	4029.6	4643.1	4118.2	4099.3	4433.5	4472.1	3889.3	3344.7	4175.6	3778	4463.7	4291.1	4489.1	4150.6	3293.5	2217.6	2305.9	2427.6	2105.6
Gsn	472.5	253.2	341	367.3	197.3	341.9	339.6	230.1	544.2	198.7	359	438.4	137.3	126.9	294.2	153.8	281.1	433.6	431.6	638.7	4979.5	5055.1	556.2	605.7
Stom	9.4	0	7.1	42.4	148.7	20.6	75.9	17.6	61.6	43.5	90.5	13.4	84.6	92.4	21.8	85	3.6	21.8	40.4	28.2	1242.9	1236.4	7041.9	6983.2
Dab2ip	494.5	936.7	522.4	480.3	554.8	411.9	293.7	608	573	443.6	403.8	499.2	857.1	471.7	380.1	550.5	576.7	440.9	470.8	522	136.9	133.9	32.9	31.1
Ttll11	23.1	13.9	16.9	0	0	0	64.9	0	0	0	3.7	0	0	0	0	1	0	0	0	30.8	148.8	127.6	2	29.1
Mrrf	175.3	186.6	344.5	282.5	125.1	201.8	135.9	256.5	125.3	476.3	294.6	296.1	209.1	277.3	221.4	140.7	279.9	216.8	316.3	230.9	191.8	218.5	388.5	327.4
Grb14	0	0	0	0	0	0	0	0	0	0	0.7	6.3	0	0	27.7	0	0	5.8	0	10.3	6.4	2.3	74.5	64.7
Rbm18	685.6	607.4	697.5	397.7	278.8	590.4	619.3	471.9	662.3	582.4	371.7	210.3	319.2	201.7	409.3	329.9	556.1	580.6	384	542.5	544.3	522.3	416.7	445.8
Gca	101.8	22	115.8	128.2	16.4	1.4	227.8	10.8	48.3	77.6	115.2	0	0	29.3	90.3	55.7	98.1	99	36.9	37.2	58.1	79.1	536.8	707.9
Ndufa8	832.6	723	665.7	647.7	745	782.6	936	674.6	1294.9	1084.6	1114.3	766.8	976	1131.2	777.7	589	993.4	766.9	694.3	1040.1	1157	1193.3	1558.7	1528.4
Ifih1	669.8	779.4	818.2	919.4	823.7	917.1	840.1	711.8	619.2	277.6	417.3	540.4	251.4	213.5	329.2	288.4	450.7	292.5	517.2	242.4	96.3	114.3	133.5	117.1
Psmd14	1042.5	1074.3	1903.9	2124.5	1544.3	1474.5	2731.1	1991.6	2457.3	2946.2	3048.2	2988.3	1472.4	1492.1	2672.5	2262.7	1731.2	2080.9	2639.5	2797.2	2157.9	2272.3	3458.2	3248.3
Strbp	2230	2649.1	1417.5	2212.6	2190.7	1532.2	762.2	1737	2031.2	1916	1637.8	1947.8	2366.3	2281.4	1954.5	2122.1	2633.8	2128.9	2564.6	2440.7	2179.4	2014.7	1195.7	1168.6
Wdr5	2055.7	1820.7	2576	1461.6	2126.3	1816.4	2308.6	2135.5	2237.6	2423.6	2201.6	1793.9	1901.8	2156.7	1693.8	2077.5	1636.7	2178.4	1773.9	1777.6	1534.1	1592.6	2628.9	2272.5
Brd3	2063	3159.9	2706.6	3273.2	3644.2	3451.6	3028.8	3591.5	3726.6	3829.3	3965.1	4578.2	4137.2	3918.1	3378.9	3965.8	3721.7	3368.7	3494.3	3625.7	2021.1	2287.9	1232.6	1162.1
Egfl7	425.2	393.7	425	519.4	389.7	391.3	253.7	249.7	422.1	268.1	243	374.9	431	361.7	265.1	660.8	759.6	401.6	1414.8	342.4	1308.1	1290.4	219.4	248.5
Agpat2	257.2	58.5	118.6	139.1	339.6	105.7	113.9	163.5	387.1	234.1	211.6	17.9	280.1	46.9	206.8	171	264.1	293.9	154.6	257.8	587.2	494.1	1217.2	1100.7
Notch1	610	688.6	631.1	942.2	245.2	422.9	229.8	513.1	72.9	217.7	86.7	155.7	427.8	215.7	771.9	504	2208.5	2405.4	2305.4	2516.3	2511.2	2458.6	291.2	462
Sec16a	493.4	524.7	763.8	860.7	765.7	613.7	876.1	733.4	410.8	683.1	603.5	808.8	500.4	890.6	471.9	707.4	394.9	993.9	657.5	773.4	1383.7	1476	819.3	1041.1
Inpp5e	168	191	175.1	226	308.9	184	277.7	283	147.9	246.3	154.8	42.9	120.5	88	215.6	195.3	264.1	203.7	142.7	175.7	349.3	344.5	200.6	217.4
Pmpca	900.8	442	768.8	545.5	752.9	962.4	966	781.4	1135.7	858.7	590	104.7	587.4	999.9	767.5	460.4	634.8	865.8	407.8	979.9	2094.3	2002.9	1902.9	2110.1
Sdccag3	93.4	59.3	103.8	75	114.4	94.7	38	125.3	193.1	42.2	68.1	117.2	74.2	119.6	21.8	92.1	90.9	30.6	129.6	70.5	558.6	577.9	711.2	585.6
Card9	0	0	0	0	0	0	0	0	0	0	0	0	0	0	0	0	0	0	0	0	31	47	436.8	390.8
Gpsm1	36.7	51.2	159.5	170.6	45	204.6	52.9	68.5	118.1	147	105.4	0.9	227.4	303.7	125.3	139.6	311.3	195	372.1	302.7	961.2	950.6	335.5	311.9
Nacc2	158.5	114.2	175.8	167.4	72.9	295.2	178.8	110.6	93.4	108.9	215.4	170.9	144.4	55.8	33.5	131.6	54.5	77.1	180.7	68	93.9	130.8	46.3	62.8
Camsap1	1196.9	1106.5	895.8	1339.9	1246.2	1044.8	812.1	877.3	589.4	661.4	749.3	565.5	1065.4	889.8	704.9	1044.3	1267.2	1168.5	1122.4	620.7	286.5	266.2	95.9	88
Fcna	85	3.7	31.1	42.4	35	28.8	5	72.5	45.2	64	284.2	84.1	12	31.5	128.2	265.1	8.5	27.6	47.6	189.8	214.8	243.5	42.9	27.2
Tmem141	25.2	112.7	63.5	107.6	133.7	54.9	91.9	108.7	24.6	24.5	56.8	69.8	91	2.9	30.6	106.3	70.3	74.2	61.8	91.1	31.8	37.6	256.3	194.1
Traf2	206.8	131.7	136.2	97.8	276.7	148.3	112.9	47	239.3	141.5	61.3	215.6	72.6	39.6	125.3	116.4	35.1	59.7	185.5	139.8	852.2	913.8	1008.5	772.6
Abca2	670.9	842.3	906.4	784.6	742.1	619.2	1042.9	882.2	782.5	1303.7	1517.4	937.6	747.8	933.1	1457.9	1366.1	699	989.5	1029.6	687.4	1496.7	1456.4	659.6	610.2
Nmi	761.2	578.8	401	675.9	511.2	411.9	633.3	468	329.6	246.3	475.6	693.4	423.8	445.3	463.1	554.6	599.7	566.1	473.2	520.7	467.1	401.7	339.5	367.5
Sapcd2	0	16.1	61.4	16.3	63.6	124.9	126.9	72.5	392.3	167.4	71.8	175.4	0.8	242.1	90.3	87	278.6	75.7	84.4	102.6	897.6	944.3	246.9	254.9
Uap1l1	288.7	317.6	266.8	214.1	366.1	259.5	236.7	260.5	88.3	78.9	199.7	150.3	333.6	272.2	241.8	260.1	140.5	129.5	126	175.7	603.9	633.4	1665.4	1647.4
Dpp7	54.6	33.7	149	48.9	53.6	42.6	64.9	53.9	55.5	32.7	48.6	81.4	63	41.8	59.7	90.1	31.5	117.9	98.7	120.6	131.3	104.1	173.8	140.4
Arl6ip6	248.8	204.9	301.4	289.1	1002.4	333.6	980	567.9	711.6	681.8	654.4	380.2	539.5	692.5	774.8	400.7	659	772.7	386.4	430.9	626.2	589.6	645.5	859.3
Anapc2	366.4	421.5	490.6	517.3	445.4	333.6	508.5	425.9	422.1	341.6	697.7	621.8	347.2	413	259.2	358.2	365.9	429.3	425.6	560.5	2038.6	2129	1617.7	1700.5
Ssna1	235.2	295.6	323.3	266.2	307.4	304.8	478.5	389.7	507.3	562	558.6	714	478.8	292	406.3	406.8	290.8	490.4	504.1	455.3	1226.2	1277.1	1246.7	1137.5
Rbms1	975.3	1034	1294.7	1267.1	910.9	1131.3	1770.1	1533.3	1155.2	1695.6	869.7	931.4	988.8	1185.5	1881.7	1217.4	1541	1984.8	1735.9	2559.9	957.2	999.1	754.8	825.7
Arrdc1	355.9	289.8	626.2	414	661.4	295.2	624.3	619.8	291.6	657.3	500.3	573.5	369.5	302.2	432.6	629.4	420.4	538.4	574.3	575.9	874.5	911.4	734	671
Zmynd19	350.7	287.6	240	358.6	526.2	148.3	638.3	637.4	646.9	329.3	391.1	716.7	151.6	418.1	419.4	443.2	348.9	355.1	343.6	609.2	812.4	694.5	699.8	1080.6
Dph7	147	71.7	127.1	57.6	118	126.3	133.9	98.9	63.7	122.5	83.8	38.5	53.5	154.1	65.5	110.3	50.9	125.1	105.8	33.3	222.8	242.7	206	328.1
March7	2190.1	2618.3	2314.1	2172.3	2225.7	1882.3	1824.1	1785	1940.8	2039.9	1833	1562.2	2036.7	2745.1	1811.8	1929.8	2260.6	1565.7	1921.3	1623.7	1258.8	1221.5	897.1	951.2
Psd4	1016.3	995.2	1015.1	894.4	1075.3	929.5	870.1	1040.8	619.2	563.4	816.6	1159.5	1146	802.5	865.1	886.5	972.8	1168.5	940.5	1009.4	1850.8	1826.7	1736.5	1881.7
Ly75	319.2	375.4	533	379.3	146.6	400.9	242.7	391.7	101.7	189.2	117.4	310.5	174.8	266.3	289.8	255	252	430.7	373.3	283.4	217.2	221.6	80.5	50.5
Hnmt	193.2	435.4	564	615.1	189.5	337.7	431.5	287.9	92.4	186.4	140.6	132.4	172.4	201	343.7	272.2	94.5	93.1	140.3	107.7	15.9	14.9	549.5	623.1
Baz2b	5974.9	5014.2	3293.2	4408.8	4008.9	4269.8	2097.8	3012.8	2722.3	2850.9	2561.4	3173.5	5406.1	4242.3	3584.3	4617.5	5358.4	4086.1	5117.2	3975.8	1021.7	962.3	299.3	410.9
Wdsub1	214.2	155.1	246.4	324.9	138	241.6	76.9	143	144.8	65.3	140.6	51.9	16	203.2	99	50.6	216.9	84.4	59.4	197.5	185.4	173	257.7	177.9
Pkp4	502.9	409.8	391.1	424.9	793.6	325.4	471.5	711.8	197.2	492.6	415.1	557.4	375.1	311	541.8	342	472.5	401.6	441.1	314.2	81.2	65	71.1	64.7
Galnt3	0	0	0	1.1	12.2	11	0	11.7	0	0	29.2	0	34.3	22.7	14.6	29.3	42.4	59.7	41.6	51.3	69.2	75.2	67.8	137.2
Nup35	197.4	220.3	160.2	180.4	321	263.6	290.7	314.3	421	362	434.5	252.3	314.4	231.1	254.9	170	181.7	392.9	262.8	155.2	46.9	40.7	70.5	100.3
Dusp19	189	133.9	106.6	214.1	188.8	76.9	96.9	86.2	151	42.2	148.1	213.8	107.7	42.5	119.4	153.8	149	40.7	83.2	150.1	72.4	80.6	132.9	111.9
Nckap1	271.9	219.5	305.7	411.9	120.8	171.6	329.7	226.2	414.9	212.3	387.4	569.9	0	55	11.7	106.3	0	0	25	34.6	32.6	21.9	0	12.3
Dnajc10	896.6	1188.4	737.7	703.1	1199	1087.4	1023.9	1007.5	1040.2	1076.4	894.4	697.9	1116.5	1129.7	959.8	1032.2	1256.3	1434.8	1002.3	718.2	1520.6	1632.6	3549.5	3775.7
Ssfa2	224.7	242.2	327.6	366.2	308.2	333.6	364.6	256.5	119.1	179.6	65.8	32.2	67.8	285.4	214.1	24.3	65.4	208.1	159.3	333.5	404.2	358.6	173.8	150.1
Itga4	1204.2	1424.1	1321.5	1099.8	1575.8	1260.4	1665.2	1228.8	2511.8	1800.4	1764.2	1721.4	1809.2	2248.4	1469.5	1267	1280.5	1730.2	1331.6	1226.1	1834.9	1680.3	804.5	883.3
Slc25a12	929.2	461.8	546.4	693.3	554.8	512.1	961	517	705.5	732.1	409.8	999.4	782.9	990.3	836	850	878.3	1104.5	1009.4	1258.2	1994.8	2017	3893	3820.3
Ube2e3	1335.5	1596	2340.2	1990.9	1930.4	1653	2114.8	2075.8	2160.6	2453.5	2802.9	2660.8	2296	1831.8	2196.3	2809.2	2324.8	2335.5	2203.1	1737.8	1326.4	1349.9	852.1	885.8
Dync1i2	2552.3	2739.1	2229.3	2540.7	1848.2	2301	2032.8	2318.6	1989.1	2110.6	2297.4	3280.9	2452.5	2345.3	2146.8	2452	2376.9	2111.4	2282.8	2132.8	506.1	523	359	386.3
Cwc22	575.3	715	271.8	321.7	487.6	451.7	184.8	437.7	524.7	363.3	431.5	204	408.6	382.2	503.9	349.1	674.8	583.5	279.4	330.9	390.7	308.5	276.4	317.1
Hat1	662.5	565.7	866.2	719.4	1322.7	1017.3	947	1204.3	1238.4	1661.6	1365.6	1523.7	1600.9	1292.6	2036.1	1300.4	1349.6	1440.6	1492.1	1535.2	1684.5	1833.8	2725.5	2728
Stk39	204.7	108.3	132	154.3	82.9	240.3	46	145.9	78	62.6	38.1	200.4	2.4	0	23.3	55.7	84.8	131	32.1	124.4	35.8	51.7	12.1	1.9
Cers6	283.5	179.3	336.7	401	328.9	193.6	648.3	335.8	92.4	288.5	216.1	178	676	690.3	629.2	685.1	338	165.9	398.3	430.9	652.5	637.4	648.2	761
Ssrp1	6169.1	5562.3	4011.8	4891.3	5729.8	5144.4	4098.7	5695.6	5899.5	5610.6	6810.6	8262.6	6501	5234.8	6425.7	6151.7	6867.9	5755.1	6523.7	5258.4	8370	8388.3	6870.1	7254.3
P2rx3	0	0	0	0	0	0	0	24.5	0	0	0	0	0	0	0	0	0	0	0	6.4	113	115.1	13.4	9.7
Prg3	0	0	50.1	0	0	0	0	0	82.2	1.4	59.1	0	56.7	0	0	0	27.9	0	0	46.2	286.5	299.1	896.4	915.6
Prg2	1	0	291.6	10.9	5	0	448.5	18.6	245.4	104.8	107.7	229	0	113.7	151.5	331.9	266.5	0	423.3	345	4650.9	4673	15132.5	13501.1
Slc43a3	927.1	613.2	904.3	921.5	803.6	814.1	1550.4	1406	2034.3	1642.5	1802.3	2044.4	1567.4	1682.1	1484.1	1701.1	1440.4	1958.6	2291.1	1609.6	1941.5	1810.3	2478.6	2585.7
Slc43a1	86.1	22.7	26.1	77.2	103.7	54.9	5	30.4	17.5	32.7	61.3	148.5	23.9	4.4	1.5	39.5	41.2	24.7	84.4	42.3	409.8	375.8	387.2	407
Timm10	205.8	245.9	189.2	166.3	395.4	216.9	54.9	259.5	147.9	299.4	302.9	165.5	196.3	605.9	333.5	287.4	325.9	382.7	315.1	256.5	184.6	188.7	248.9	234.9
Smtnl1	231	283.9	84.7	169.5	0	0	0	0	0	0	0	0	0	0	0	0	0	0	0	1.3	0	0	0	0
Ube2l6	957.5	854.7	2279.5	1798.5	820.8	737.3	2023.9	1420.7	690.1	1291.4	1343.9	2684.1	769.3	446.8	1028.2	1174.9	464	1171.4	1265	845.2	595.2	612.3	352.3	287.3
Clp1	226.8	136.8	154.6	110.8	183.7	313	204.8	109.7	405.6	281.7	276.7	152.1	140.5	230.3	297.1	136.6	143	279.4	151	203.9	572.9	620.9	876.3	1091.6
Med19	247.8	488.8	349.4	255.4	420.4	343.2	422.6	464.1	562.7	424.6	366.4	537.7	185.9	276.6	509.7	629.4	524.6	379.8	520.8	497.6	469.5	433.8	450.2	471.7
Tfpi	732.8	867.2	1134.4	721.6	448.3	756.5	673.3	650.1	636.7	642.3	597.5	499.2	620.9	419.6	786.5	586.9	527	289.6	419.7	559.2	113	101.8	483.1	518.3
Fastkd1	202.6	315.4	136.2	103.2	73.6	134.5	137.9	145.9	193.1	136.1	63.6	80.5	261.8	98.3	142.7	208.5	126	132.4	173.6	194.9	170.3	169.9	399.2	403.8
Itgav	50.4	251.7	307.8	345.6	175.9	35.7	195.8	221.3	246.5	240.9	170.5	246.9	278.5	151.9	171.9	305.6	71.5	212.5	91.5	111.6	297.6	306.2	308.6	321.6
Phospho2	247.8	466.1	209.7	281.5	238.1	521.7	165.8	342.7	627.4	175.5	359	584.2	258.6	256	185	397.7	339.2	347.8	332.9	354	357.3	361.7	667	551.3
Zc3h15	2802.2	2815.2	1893.3	2576.6	2601.8	2909.2	2426.4	2635.8	2904	2622.3	3223.9	2783.4	3534.6	2987.9	2679.8	2565.3	2701.6	2379.2	2673.9	2313.7	750.3	681.2	695.1	775.2
Mtx2	675.1	398.8	525.2	486.8	477.6	730.4	285.7	648.2	511.4	628.7	483.9	252.3	632.9	714.5	648.1	459.4	898.9	605.3	498.2	610.5	519.6	564.5	1017.9	995.2
Atf2	1352.3	1812.6	1474	1532.3	1892.5	2145.9	1321.6	1655.7	1737.5	1754.1	1685.6	1631.9	1502.8	1650.6	1590.4	1292.3	1786.9	1606.5	1457.6	1026	924.6	864.4	1023.2	1309
Ola1	1144.4	1549.2	1124.6	1399.7	2285.8	2530.3	1434.5	1829	2734.6	1631.6	1601.1	1628.4	2329.6	2158.2	2071	2101.8	2299.4	1826.2	1735.9	2158.5	908.7	979.5	1677.4	1619.6
Sp3	757	997.4	790.6	1132.4	1098.9	1139.5	605.4	1249.4	1086.4	1125.4	1056.7	1029.8	1518.7	1522.9	986	1103	1471.9	1257.3	1045.1	1087.6	2446.8	2251.1	2161.2	1970.3
Itga6	3902.4	4141.2	2950.1	3463.4	3251	3498.2	2506.3	2795.4	3096.1	2767.9	2719.2	2599.1	1885	2909.4	1890.4	1970.3	1297.5	896.4	1004.7	915.7	341.4	334.3	979	1028.8
Kif18a	96.6	144.9	187.1	134.8	672.1	713.9	179.8	213.5	497	265.4	678.3	582.5	310.4	407.9	241.8	362.3	505.2	451.1	551.7	212.9	486.2	447.1	259.7	323.5
Arl14ep	737	691.5	465.9	502.1	361.8	583.5	393.6	358.4	469.3	500.8	335	238.9	584.2	414.5	384.5	427	616.6	451.1	493.4	514.3	362	313.2	432.8	444.5
Slc12a6	1073	916.9	1162.7	1263.8	713.5	705.7	1091.8	1111.3	864.6	1122.7	962.5	446.5	955.3	1346.9	1508.9	736.7	1642.8	1335.8	1336.4	1049.1	812.4	796.3	360.3	230.4
Emc4	183.7	103.2	72	132.6	41.5	152.4	153.8	84.2	41.1	85.7	40.4	52.8	126.9	71.9	71.4	29.3	174.5	30.6	60.6	68	448	449.4	650.2	539
Katnbl1	408.4	607.4	531.6	673.8	434.7	454.4	452.5	525.8	833.8	683.1	636.4	501	342.4	454.1	383	309.7	431.3	307	450.6	359.1	171.1	151.9	316	275
Nop10	1979	1847	2696	2358.2	1881.1	2538.6	3513.3	2740.6	2693.5	3551.7	3090.8	4596.1	2441.3	2670.2	3706.6	3363.7	2290.9	3112.6	3023.5	2997.3	1335.2	1385.1	2298.1	1932.8
Lpcat4	0	0	0	0	0.7	0	0	0	0	0	0	0	0	0	0	4	0	0	0	0	317.5	256.8	762.9	750.6
Ccdc34	922.9	774.2	811.8	1281.2	1507.2	1372.9	1279.6	1572.5	2408	2449.5	1939.2	1892.3	1924.1	1902.9	1905	1758.8	1997.7	1757.8	1940.4	1860.9	350.1	369.6	295.9	253
Lin7c	1166.4	812.3	1018.7	721.6	1023.8	906.1	1227.7	921.4	1402.7	902.2	847.3	548.5	1003.2	1068.8	611.7	743.8	1092.8	871.6	834.6	614.3	1412.4	1494	1402.3	1657.8
Commd9	21	75.4	80.5	70.6	47.2	149.6	4	49.9	138.6	46.3	65.1	59.1	137.3	74.8	10.2	13.2	17	80	90.4	88.5	240.3	253.7	302.6	227.1
Traf6	371.7	460.3	211.8	324.9	713.5	660.4	543.4	260.5	504.2	492.6	289.4	81.4	329.6	177.5	291.3	327.9	466.4	558.8	316.3	407.8	985.1	987.4	693.1	714.4
B230118H07Rik	509.2	409.8	493.4	674.8	345.3	477.8	570.4	572.8	352.2	586.5	792.7	867.9	713.5	681.5	847.6	1138.4	542.7	909.5	1348.3	845.2	140.8	145.6	536.8	497
Dnajc24	152.2	186.6	101.7	129.3	323.2	114	186.8	123.4	159.2	153.8	118.9	71.6	234.6	137.2	100.5	155.8	268.9	234.3	140.3	66.7	182.2	149.6	243.6	226.5
Elp4	175.3	221	120.7	108.7	205.2	175.7	147.8	115.5	166.4	212.3	135.4	78.7	193.9	205.4	39.3	55.7	101.8	122.2	108.2	220.6	267.4	278.7	331.5	314.5
Eif3m	2105	1896.8	1999.2	1690.9	1681.6	2161	2361.5	1199.4	2096.9	1747.3	1378.3	959.1	2158.8	2416.4	2290.9	1610	2340.6	2066.3	1344.7	2264.9	1484.8	1526.1	2417.5	2229.8
Prrg4	23.1	129.5	24.7	20.6	117.3	46.7	40	77.4	92.4	23.1	56.1	7.2	7.2	8.8	18.9	10.1	36.3	0	71.3	52.6	191	176.2	12.7	7.1
Depdc7	19.9	0	0.7	3.3	2.1	64.5	109.9	14.7	0	66.7	2.2	13.4	12.8	1.5	29.1	47.6	6.1	0	0	9	26.3	28.2	175.8	94.5
Tcp11l1	266.7	257.6	204	372.7	220.9	162	226.8	163.5	139.7	253.1	133.1	109.2	238.6	237.7	281.1	228.7	267.7	104.8	233	193.7	52.5	57.2	158.4	85.4
Cstf3	683.5	780.1	663.6	561.8	1277.7	454.4	482.5	636.4	1241.5	986.6	599	857.1	683.9	1049	817.1	428.1	1020.1	798.9	763.3	649	549	613.1	922.6	1034
Hipk3	1497.1	1322.3	1476.8	1746.4	832.9	1313.9	1211.7	1192.6	760.9	1152.6	1105.3	586	897	1286	875.3	1113.1	735.4	1143.7	951.2	1131.2	872.1	850.3	961.5	825.7
Fbxo3	1882.5	1633.3	2016.9	1437.7	1468.6	2019.6	1780.1	1786.9	2143.1	1913.3	1971.3	1963.9	1676.7	2392.2	2197.7	1652.5	2297	2028.5	2062.8	1872.5	1585	1530	2111.6	2086.8
Caprin1	2809.5	3801.6	3052.5	3511.2	4485.8	4784.7	4106.6	4493.3	4790.4	4081.1	3979.3	3963.5	4616.8	4319.3	4897.9	4689.4	4573.3	4988.3	3967.5	4860.8	7446.2	7503.5	10066.7	10307.8
Nat10	452.5	605.2	419.3	681.4	473.3	432.5	370.6	579.6	638.7	770.2	1002.1	1100.5	806.8	655.1	549.1	769.1	387.7	542.8	595.7	736.2	864.9	842.5	1611.7	1282.5
Cat	569	984.3	1184.6	1193.2	830.8	764.7	1053.9	795.1	1076.2	1083.2	888.4	1172.1	741.4	589.1	879.7	1214.3	631.2	781.4	871.5	858	2985.5	2798.4	1988.1	1884.9
Trim44	1559.1	1404.3	1757.1	1498.6	1392.1	1732.6	1452.5	1536.3	1223	1389.4	1503.2	1435.1	1284.1	1008.7	1150.6	1275.1	1390.8	1348.9	1693.1	1464.6	1539.7	1467.3	1116.5	1191.9
Api5	1288.2	942.5	2547.7	1681.1	1397.1	1227.4	2034.8	2237.3	2409.1	2720.3	2622.7	2386.2	1260.9	1557.4	2120.5	2417.6	1342.3	1800	1829.8	2144.4	3314.9	3148.4	6111.3	6176.3
Ttc17	277.2	340.3	537.2	516.2	322.5	227.9	195.8	325.1	299.9	244.9	169.8	161.9	399	375.6	326.2	340	382.8	557.3	454.2	361.7	498.1	509.7	230.8	233.6
Hsd17b12	711.8	903	921.2	780.3	985.2	833.4	602.4	691.3	702.4	856	1043.2	1046.8	1121.3	874.4	739.9	1338.8	565.8	585	856	784.9	1382.9	1282.6	1672.7	1609.9
Ext2	375.9	218.8	591.6	523.8	188.8	410.5	273.7	264.4	162.2	460	535.5	349.8	438.9	197.3	476.2	377.5	428.9	228.5	341.2	457.9	1500.7	1568.4	2278.6	2516.5
Gatm	452.5	682.8	683.3	632.5	1187.6	823.8	1386.5	1172	1028.9	1467	428.5	247.8	1188.3	1272.8	1424.4	981.6	607	794.5	661.1	1094	313.5	330.4	6431.3	6517.3
Myef2	284.5	522.5	688.3	529.2	970.2	959.7	693.3	655	789.7	594.7	1180.8	668.3	620.9	510.6	498.1	958.3	708.7	502	738.3	400.1	233.9	197.3	91.3	71.2
Dut	1625.2	1612.9	1225.5	1099.8	3590.6	3465.3	2406.5	2307.8	3911.4	3912.3	3265.1	3001.7	3520.3	4100.7	4048.8	3249.4	3172.9	2642.6	2693	3816.8	2694.2	2727.2	3022.8	2645.2
Cops2	902.9	861.3	641	502.1	608.4	948.7	652.3	606.1	919.1	601.5	408.3	362.4	561.8	853.9	620.4	554.6	780.2	905.1	411.4	509.2	722.5	768.9	1263.4	1175.7
Galk2	406.3	307.4	537.9	306.5	444	292.4	419.6	217.4	498	332	233.3	340	241.8	430.6	386	438.2	387.7	317.2	298.4	268	522	521.5	893.1	878.1
Cd82	160.6	107.6	58.6	80.4	15	37.1	7	38.2	11.3	23.1	4.5	6.3	51.1	2.9	29.1	29.3	54.5	133.9	159.3	128.3	1085.3	1122	538.8	531.2
Slc28a2	634.1	802.8	477.9	702	616.3	406.4	751.2	628.6	424.1	344.3	378.4	176.3	1264.9	1035.1	1232.1	1247.7	723.3	761	831.1	846.5	226.8	269.4	1721.7	1564
Pex16	138.6	52.7	174.4	42.4	34.3	85.1	122.9	98.9	235.2	127.9	145.8	161.9	74.2	152.6	122.3	62.7	149	101.9	64.2	197.5	364.4	373.5	326.8	332.6
Sord	2681.4	2063.6	2441.8	2439.7	1961.2	2365.6	2527.3	1723.3	2026	2230.4	1982.5	2151.8	1309.6	1186.9	1188.4	905.7	943.7	753.8	834.6	994	408.2	399.3	1529.2	1499.3
Eif3j1	2021	2442.7	1812.1	1771.3	1670.2	2384.8	1521.4	1511.8	2358.8	2269.8	1981.8	2263.6	2446.9	2083.4	2006.9	2189.9	1707	1415.9	1897.6	1517.2	91.5	83.8	151	139.1
Wdr76	222.6	466.1	590.9	363	760.7	859.5	856.1	1043.8	1240.5	1562.2	941.5	773	1004	804	1115.6	1185	1098.8	1034.6	1303.1	994	282.5	231	173.8	193.5
Harbi1	202.6	308.1	223.8	202.1	90.1	215.6	224.8	189	275.2	108.9	114.4	67.1	183.6	94.6	225.7	141.7	235	337.6	190.2	201.4	197.3	120.6	189.2	221.9
Atg13	190	276.6	261.2	185.8	160.2	189.5	250.7	197.8	186.9	179.6	257.3	317.6	251.4	147.5	189.3	371.4	209.6	253.2	271.1	296.3	963.6	816.7	1213.1	1173.8
Hypk	102.9	60	105.9	68.5	92.9	234.8	74.9	99.9	184.8	179.6	105.4	63.5	95.8	296.4	151.5	60.7	136.9	75.7	49.9	83.4	48.5	39.9	34.2	25.9
Arhgap1	792.7	562.7	826.6	1093.2	649.9	461.3	902	696.2	926.3	613.7	777.8	796.3	702.3	704.2	853.5	678	585.1	667.9	739.5	527.1	1295.4	1315.4	1787.5	1822.2
Pdia3	325.5	872.3	319.8	348.8	1225.5	929.5	446.5	744.1	956	562	881.7	930.5	778.9	1016.7	684.5	456.4	822.6	857.1	595.7	763.1	11427.9	11261.1	23245.3	24543.4
Arfgap2	603.7	518.1	895.8	466.2	358.9	605.5	839.1	784.3	749.6	495.3	770.3	596.8	499.6	642.6	825.8	440.2	736.6	365.2	831.1	569.4	690.7	777.5	619.3	685.9
Adal	13.6	114.9	144	21.7	53.6	87.9	115.9	74.4	190	136.1	102.5	219.2	82.2	1.5	88.8	105.2	247.1	173.2	133.2	93.6	202.9	220.8	340.2	383.7
Tubgcp4	260.4	278.8	529.5	359.7	310.3	351.5	427.5	457.3	745.5	713.1	624.4	293.5	724.6	505.4	568	408.8	419.2	558.8	519.6	488.6	378.8	400.1	391.9	514.4
Ubr1	1159.1	1356.7	1049.7	1131.3	1442.1	1725.8	1282.6	1213.1	1453	1020.6	782.2	518	1142	1416.5	1203	812.6	1096.4	1631.2	1222.2	624.6	498.9	454.1	437.5	500.2
Mkks	539.6	423	365.7	440.1	429.7	319.9	452.5	257.5	374.8	485.8	365.7	462.6	239.4	357.3	435.5	292.5	466.4	407.4	341.2	402.7	234.7	238.8	289.9	282.8
Slx4ip	189	190.3	149.7	343.4	293.1	501.1	340.6	184.1	192	315.7	273.7	76.9	494	274.4	198.1	287.4	530.6	280.8	268.7	291.1	85.9	101.8	71.8	121
Mtch2	834.7	816.7	1093.5	648.8	1194.7	910.3	1199.7	1107.4	1443.8	1592.2	1239.2	1522.8	1209.9	1167.1	1055.9	1299.3	981.3	1180.1	1140.2	1114.5	1340.8	1371.8	2035.7	2120.5
Cdan1	360.1	204.9	336	391.2	287.4	432.5	553.4	294.7	286.5	357.9	362.7	391.9	392.6	329.4	348.1	275.3	277.4	387.1	317.4	334.7	525.2	487.8	330.8	399.2
Haus2	399	477.1	237.2	265.2	661.4	425.6	348.6	411.2	596.6	536.2	229.6	244.3	240.2	358.7	291.3	308.6	571.8	343.4	418.5	496.3	487	565.3	583.8	647.7
Lrrc57	136.5	64.4	260.5	224.9	103	254	195.8	233	170.5	191.9	129.4	46.5	139.7	30.8	173.3	95.1	135.7	154.2	139.1	111.6	167.1	173	175.8	188.9
Snap23	1056.2	1506.7	795.6	708.5	978.1	984.4	628.3	575.7	703.4	924	570.6	499.2	461.3	544.3	787.9	525.2	433.7	266.3	416.1	371.9	428.1	419.7	1063.5	1052.1
Zfp106	3291.4	3731.4	3618.6	3832.8	4349.2	3642.4	3181.6	4166.2	3294.3	3304.1	4071.3	4352.7	3536.2	3491.1	3802.7	3602.6	2873.6	3608.8	3105.5	2971.6	1402.8	1474.4	848.1	891
Vps39	439.9	387.8	352.3	301	298.1	389.9	326.7	190.9	311.1	285.8	373.2	410.7	240.2	369	185	393.7	248.4	212.5	407.8	361.7	1024.9	1026.5	597.8	689.1
Ehd4	2015.8	1852.9	2033.1	2179.9	1988.3	1598.1	1261.7	2203.1	1386.3	1452	1805.3	2160.7	1869.1	1696	1594.8	2238.4	1201.8	1577.4	1683.5	1677.5	1086.1	1046.1	1742.5	1851.3
Ubox5	97.6	130.3	26.1	94.5	92.2	61.8	115.9	82.2	100.6	39.5	82.3	66.2	75	93.2	74.3	62.7	151.4	61.1	80.8	91.1	310.3	263.1	284.5	331.9
Ptpra	974.3	1259.4	1104.1	930.2	1001	782.6	1131.8	915.5	1121.4	894.1	920.6	792.7	1039.1	641.9	798.1	1037.3	1346	963.3	1281.7	661.8	2142	2149.3	1645.9	1830.6
Rtf1	3540.2	2999.6	2511.7	2785.2	2579.6	2885.9	2088.8	2783.7	3115.6	2938	3292.7	3757.7	3280.8	2467.8	3266.8	2861.8	2954.8	2482.5	2821.4	2586.9	584.8	568.5	229.5	232.9
Ndufaf1	228.9	184.4	276.7	125	170.2	226.5	160.8	150.8	299.9	280.3	121.2	308.7	303.3	95.4	257.8	185.2	141.7	165.9	218.8	162.9	330.2	362.5	559.6	560.4
Nusap1	94.5	255.4	379.8	304.3	1200.4	1165.6	755.2	938	2443	1775.9	3090.8	3256.7	733.4	1338.8	725.3	1807.4	2088.6	2050.3	2343.4	1011.9	2987.9	3077.2	842.7	790.7
4930402H24Rik	585.8	503.5	364.3	535.8	328.2	376.2	258.7	349.6	283.4	231.3	293.2	311.4	308.9	231.1	291.3	273.2	218.1	334.7	297.2	253.9	105	142.5	101.3	161.1
Atrn	400	495.4	355.8	628.1	316	200.4	382.6	545.4	507.3	485.8	235.6	166.4	569.8	303	460.2	293.5	402.2	649	259.2	465.6	236.3	173	467	534.5
Rad51	96.6	218.8	271.1	273.9	1017.4	958.3	807.1	848.9	1111.1	1209.8	1115.8	1347.4	814.8	1088.6	1616.6	866.2	1040.7	1212.1	1228.2	1077.3	1503.1	1462.6	1698.2	1697.3
Rpusd2	12.6	46.1	22.6	35.9	35	17.8	0	33.3	109.9	44.9	48.6	0	0	58.7	30.6	14.2	1.2	34.9	27.3	38.5	95.5	61.1	76.5	91.9
Casc5	45.1	60	90.4	163	538.4	335	361.6	393.6	1413	941.7	1239.2	1004.8	618.5	1105.5	416.5	465.5	949.8	701.4	575.4	711.8	1298.6	1120.5	700.5	579.8
1700037H04Rik	411.6	366.6	586.6	696.6	608.4	571.1	703.3	625.7	344	809.7	734.4	970.8	637.7	784.2	604.4	590	631.2	378.3	582.6	634.9	644.5	642.1	1407.7	1321.3
Spef1	89.2	41	27.5	70.6	111.5	63.2	36	53.9	124.3	70.8	86.7	170	28.7	12.5	40.8	139.6	47.2	0	28.5	57.7	21.5	14.9	10.1	18.8
Cdc25b	119.7	198.3	136.2	274.9	266	238.9	279.7	353.5	586.4	421.9	732.9	926	201.1	266.3	268	377.5	448.2	410.4	448.2	404	1678.1	1506.5	121.4	185.1
Knstrn	19.9	144.9	146.8	113	319.6	304.8	334.6	442.6	855.4	541.6	901.1	548.5	261	471.7	400.5	392.6	551.2	372.5	596.9	592.5	1035.2	1030.4	952.1	1013.3
Ivd	712.9	655.7	604.3	567.3	202.3	528.6	446.5	545.4	247.5	638.2	372.4	549.3	390.3	655.1	735.5	614.3	719.6	739.2	866.7	629.7	1581.9	1462.6	2239.7	1933.4
Smox	165.9	238.6	288.7	289.1	237.4	130.4	127.9	206.6	134.5	216.4	138.4	44.7	185.9	275.1	99	168	422.8	250.3	240.2	274.5	288.8	276.4	180.5	237.5
Rassf2	1645.2	1419.7	1238.9	1150.8	1322.7	826.5	1047.9	1088.8	473.4	645	417.3	336.4	1298.5	1295.5	983.1	1878.2	1696.1	1468.2	1344.7	1718.6	1228.6	1225.4	636.8	478.2
Slc23a2	1171.7	621.3	845	511.8	552.7	643.9	1170.8	525.8	397.4	328	225.8	215.6	414.2	263.4	378.7	362.3	437.3	474.4	363.8	214.2	505.3	453.4	193.9	181.2
Tmem230	330.7	274.4	582.4	458.6	224.5	427	450.5	363.3	435.4	387.8	348.5	265.7	284.1	263.4	238.9	456.4	323.5	408.9	436.3	513	247.5	216.1	230.8	247.2
Pcna	3142.3	2864.2	3233.2	3561.2	5924.3	7122.8	8299.2	6658.1	7487	11835	6382.8	6294.2	5478.7	7117.2	10135.2	6825.6	6448.7	8918.6	5091.1	7048.8	1934.4	1898	1572.8	1562.7
Gpcpd1	669.8	889.1	884.5	810.7	881.6	538.2	1071.9	770.6	457	962.1	459.2	323.9	696.7	636	600	475.6	970.4	631.5	609.9	724.6	1193.6	1103.2	436.8	371.4
Rasgrp1	0	0	17.6	1.1	30	0	6	28.4	0	51.7	20.9	19.7	0	15.4	40.8	0	0	7.3	14.3	130.8	237.1	202	0	0
Fam98b	1157	1118.9	1688.6	1664.8	1836.8	1640.7	1949.9	1930.9	1543.4	1627.5	1727.5	2005.9	1368.7	2063.6	2224	2242.5	1415	2360.3	2129.4	2023.8	102.6	104.9	79.2	65.4
Spred1	875.6	1102.8	1342.7	1261.7	1141.1	981.6	1287.6	1401.1	1161.4	922.6	961.7	635.2	1146	772.5	843.3	794.4	984.9	1378	915.5	579.7	613.5	549.7	448.2	641.2
Mcm8	75.6	60.7	31.1	60.9	184.5	337.7	340.6	319.2	695.2	212.3	332.8	102	193.1	189.3	147.1	215.5	236.2	199.4	211.6	192.4	353.3	332	551.5	616.7
Crls1	157.5	191	124.2	60.9	182.3	222.4	176.8	167.4	158.1	107.5	195.9	281.8	58.3	80	126.7	110.3	113.9	112	107	155.2	453.6	368	801.8	942.8
Slc27a2	0	2.2	0	19.6	0	0	0	0	24.6	0	0	0	0	0	0	28.3	12.1	0	4.8	5.1	100.3	89.3	10.1	0
Hdc	2.1	0	12	40.2	27.2	0	20	41.1	120.1	66.7	39.6	63.5	438.9	927.2	506.8	617.3	0	0	15.5	174.4	440.8	508.2	5739.5	5524
Gabpb1	491.3	482.2	516.7	632.5	717.8	832	850.1	865.6	799.9	898.1	761.3	523.4	871.5	819.4	828.7	685.1	1044.3	982.2	944	988.8	1454.5	1425.8	1240.6	997.8
Usp8	754.9	1134.3	689	706.4	1082.5	593.1	843.1	749	606.9	866.8	861.5	722	856.3	680.8	640.8	745.8	877.1	864.4	837	892.6	1430.7	1338.9	1287.6	1432
Usp50	153.3	106.8	141.9	86.9	127.3	149.6	140.9	135.1	182.8	156.5	209.4	218.3	155.6	275.8	234.5	216.6	139.3	133.9	104.6	259.1	11.9	11.7	10.1	9.7
Trpm7	1397.4	1829.5	1151.4	1258.4	1572.2	1713.4	1020.9	1155.4	1421.2	1343.1	1480.7	1605.1	1652	1536.1	1156.4	1469.4	1573.7	1174.3	1378	1123.5	903.9	849.6	1013.8	1045
Sppl2a	1078.2	1564.6	1816.4	1467.1	1091.8	1743.6	2194.7	1715.4	1736.5	1684.7	1135.2	1082.6	1490.8	1795.1	2173	1076.7	1991.7	1589	1360.2	1689.1	1353.5	1331.1	1893.5	1771
Stard7	2971.2	2300	2569.6	2444	2345.8	2202.2	2417.4	2618.2	2992.3	2894.4	3337.6	4235.5	2637.6	2111.3	2473	2507.6	2077.7	2120.2	2489.6	2749.7	2821.6	2762.4	3441.4	3449.5
Dusp2	3340.7	5324.5	4760.8	4267.5	1858.9	1826	3152.7	3319.3	832.8	1660.2	1574.2	2867.5	3110.1	1522.2	2330.3	3344.5	3183.8	6015.6	5746.2	3725.7	4283.3	4263.4	491.8	465.2
Fahd2a	201.6	113.4	336.7	260.8	396.8	378.9	359.6	224.2	183.8	310.3	150.3	78.7	178.8	206.9	123.8	186.2	126	247.4	176	271.9	118.6	149.6	214	223.2
Mrps5	1237.8	1631.9	873.9	879.2	792.2	774.3	921	987.9	1073.1	876.4	835.3	901.9	1210.7	1027.8	926.3	1026.1	1256.3	1089.9	914.3	1006.8	664.4	617.8	899.8	794
Nphp1	214.2	100.3	182.1	115.2	118.7	83.7	238.7	170.4	62.6	225.9	158.5	39.4	93.4	89.5	206.8	163.9	279.9	270.7	292.5	137.2	319.9	309.3	175.1	183.1
Bub1	50.4	35.1	29.6	65.2	516.2	306.2	543.4	321.2	919.1	944.4	617.7	665.7	387.1	648.5	586.9	501.9	488.2	803.2	460.1	586.1	1171.3	1234	765.6	894.3
Bcl2l11	129.1	172	346.6	269.5	568.4	321.3	270.7	572.8	390.2	465.4	430.8	549.3	735	583.9	522.9	598.1	980.1	762.5	1061.7	560.5	412.2	371.1	153	201.9
Ndufaf5	237.3	311	93.9	155.4	42.2	64.5	166.8	155.7	216.7	185.1	93.5	143.2	433.3	326.4	209.7	213.5	196.3	160.1	279.4	348.8	127.3	121.4	218.7	235.5
Zc3h8	200.5	384.2	132	215.2	336	388.5	197.8	348.6	184.8	227.3	132.4	217.4	332.8	235.5	243.2	282.3	296.8	167.3	128.4	236	53.3	57.9	36.9	38.2
Ttl	380.1	195.4	197	388	265.3	216.9	141.8	321.2	164.3	243.6	166.8	410.7	128.5	116.6	126.7	121.4	172	115	223.5	94.9	80.4	70.5	77.8	86.1
Polr1b	234.1	305.2	293	269.5	358.9	362.5	267.7	347.6	493.9	367.4	190.7	295.3	323.2	341.8	422.4	316.7	292	244.5	288.9	422	931.8	810.4	1836.5	1689.5
Slc20a1	481.9	333	198.4	231.5	399.7	450.3	241.7	548.3	567.9	446.3	604.3	534.1	543.5	423.3	372.8	412.9	449.5	269.2	527.9	359.1	415.4	375.8	259.7	346.8
Snrpb	2116.6	1910	3083.5	3224.3	2954.3	2895.5	3736	3468.1	3241.9	4538.3	5913.2	5403.1	2638.4	3257.8	3990.6	5322.9	2552.6	3800.9	3939	3756.5	6841.4	6866.9	5997.9	5465.8
Nop56	1605.3	2090.7	1139.4	1208.4	1715.2	1782.1	1408.5	1728.2	2069.2	2106.5	2446.2	2638.5	2015.9	2427.4	1835.1	1924.7	2336.9	2015.4	1983.2	2874.1	2238.3	2238.6	2480.6	2739
Idh3b	1012.1	1594.6	945.2	1149.7	769.3	1010.5	958	1103.5	1216.9	1254.7	972.9	799.9	1113.3	922.8	978.7	1445.1	1339.9	1044.8	1014.2	1294.1	1018.5	1030.4	1178.2	1268.9
Cpxm1	75.6	113.4	55.8	125	88.7	65.9	0	55.8	20.5	5.4	45.6	15.2	1.6	55.8	4.4	14.2	48.5	56.8	13.1	23.1	22.3	14.1	6.7	34.9
Vps16	670.9	567.9	357.2	442.3	265.3	440.7	676.3	571.8	544.2	466.8	672.3	611.1	343.2	791.5	563.6	358.2	481	740.7	631.3	691.3	975.5	1075.8	938.7	896.8
Rrbp1	2333.9	3013.5	1800.8	2979.8	4027.5	2501.5	2125.7	3349.6	3163.8	2871.3	3618.8	3931.3	3625.6	3984.8	3323.6	4160.1	3147.4	2699.3	3137.6	2849.8	1589.8	1660.7	1095.7	1175.1
Snx5	2516.6	1643.6	1843.9	1611.6	2329.4	2859.8	1929	2790.5	3180.3	2899.9	3695.1	3484.9	2549.8	3726.6	3224.5	3541.8	2877.3	1925.2	2750	2740.8	3152.6	3097.6	2226.3	2309.4
Mgme1	669.8	290.5	364.3	261.9	434.7	567	566.4	534.6	267	435.5	436.7	350.7	383.1	464.4	506.8	479.7	485.8	382.7	623	536.1	384.3	442.4	740.8	679.4
Csrp2bp	385.3	586.9	408	539	272.4	899.3	361.6	538.5	240.3	508.9	487.6	833.9	434.1	650	439.8	582.9	398.6	528.2	618.3	525.8	886.4	842.5	900.5	963.5
Polr3f	620.5	583.2	473.7	581.4	516.9	801.8	604.4	605.1	629.5	449.1	393.4	205.8	599.3	570	410.7	462.5	603.3	436.5	304.4	534.8	450.4	378.2	388.5	366.9
Rbbp9	450.4	345.4	290.1	398.8	250.2	233.4	368.6	347.6	46.2	264	73.3	93	434.1	110	234.5	162.9	104.2	133.9	116.5	186	90.7	83.8	236.9	169.5
Sec23b	432.6	497.6	1167.6	1209.5	865.1	926.7	1406.5	1352.2	1077.2	1498.3	1432.9	1794.8	748.6	939	1427.3	1104	579.1	1931	1080.8	1067.1	1801.5	1782.1	2874.5	2956.5
Dtd1	938.6	1116	920.5	724.8	739.3	1059.9	1191.7	666.8	1297	779.7	700.7	840.1	482.8	592	686	750.9	745.1	414.7	571.9	393.7	394.7	458.1	867.6	832.8
Xrn2	3349.1	4068.7	3440.7	4821.8	3833	3974.6	4070.7	4768.4	3710.1	5549.4	4928.3	5035.4	4904.9	4295.9	4946	5348.2	4288.6	6231	5330	4069.5	2853.4	2663	2687.3	2530
Cd93	3842.6	4417.1	5030.5	4971.7	4632.3	5333.8	5885.8	5505.7	4016.2	4731.5	5125	5523	6323.9	6494.4	5782	6516	10384.8	10500.4	11667.1	9035.4	2460.3	2385	1567.4	1538.7
Napb	99.7	141.2	172.2	332.5	110.1	127.7	94.9	108.7	70.9	132	145.8	170	132.5	170.2	109.2	73.9	99.3	199.4	156.9	47.5	9.5	11.7	1.3	0
Gzf1	375.9	477.9	626.2	571.6	358.2	641.2	467.5	530.7	463.1	366.1	485.3	701.4	525.1	462.9	461.7	459.4	382.8	499.1	453	393.7	353.3	316.3	546.2	596
Cst3	1981.1	1568.9	3649	3316.7	2296.5	1257.6	3997.8	3099.9	1725.2	3113.5	2888.2	3378.4	1663.2	2987.9	3578.4	3424.5	2384.2	4569.2	3958	5299.4	4907.1	5099.7	7368.7	6951.5
Acss1	727.6	560.5	831.6	757.4	394.7	322.6	718.2	547.3	1342.1	921.3	1441.1	1267.8	547.5	926.5	579.7	817.7	460.4	406	818	654.1	1869.9	1892.5	471	418
Gins1	66.1	72.4	85.4	59.8	293.1	233.4	184.8	149.8	458	204.1	205.7	92.2	146	209.1	253.4	213.5	339.2	235.7	235.4	239.8	431.3	462.8	620.7	485.3
Nsfl1c	1142.3	998.2	1535.4	1331.2	819.4	823.8	1590.3	1336.5	743.5	1381.2	1412.7	1308.9	1059	1188.4	1511.8	1130.4	777.8	1081.2	1073.6	1294.1	971.6	1016.3	1055.4	829.5
Fam110a	460.9	328.6	355.8	399.9	184.5	270.5	239.7	337.8	140.7	306.2	288.7	348.9	438.9	206.9	332.1	400.7	267.7	384.2	394.7	465.6	805.3	793.2	487.1	455.5
Tbc1d20	729.7	551	523.1	819.4	634.2	786.7	440.5	453.3	423.1	234.1	400.1	171.8	597	316.9	234.5	360.3	562.1	679.6	602.8	529.7	838.7	968.6	899.8	771.3
Rbck1	741.2	561.3	864.1	771.6	760	668.6	685.3	500.3	777.4	676.3	759.1	1036.1	569.8	798.1	511.2	909.7	533.1	426.4	809.7	915.7	4003.2	4086.5	3411.9	3793.1
Tpx2	154.3	263.4	360.7	489	1208.3	1635.2	928	895.9	2616.5	1842.5	2310.8	2179.5	793.3	1745.2	876.8	1167.8	1612.5	1413	1486.2	1333.8	3147.8	3123.4	1521.1	1487.6
Pdrg1	1351.2	1561.6	995.4	1536.6	1349.2	1109.3	1134.8	1302.3	959.1	1152.6	1560.7	1986.2	1386.2	1239.8	1329.7	1513.9	1173.9	1212.1	1608.6	1496.7	1318.5	1346.8	1227.9	1104.5
Ccm2l	642.5	357.8	307.1	302.1	242.4	70	81.9	128.3	0	35.4	48.6	0	127.7	83.6	106.3	38.5	38.8	32	23.8	29.5	9.5	19.6	56.4	91.9
Kif3b	514.4	499.8	609.2	684.6	300.3	243	448.5	426.9	263.9	495.3	432.3	378.5	313.6	196.6	447.1	572.8	413.1	433.6	593.3	497.6	205.3	223.2	91.3	89.3
Dnmt3b	779	1147.4	991.1	1256.2	1390.6	1388	677.3	1322.8	1167.6	1109.1	912.4	697.9	1408.6	1456.9	1280.2	1400.5	1235.7	1268.9	1586.1	1011.9	783.8	748.5	671.6	561
Mapre1	3277.8	3903.3	4030.9	5094.5	4862.6	4556.8	4503.2	5506.7	5528.8	5456.9	5548.2	5961.4	4105.3	4747	4679.5	4096.4	4419.5	5266.2	4843.8	3582.1	4004	4074.7	3812.5	3952.3
Cdk5rap1	526	208.6	258.4	454.2	348.2	344.6	222.8	377	180.7	225.9	213.9	222.8	43.1	223	268	317.8	339.2	333.2	263.9	274.5	230	204.4	235.5	222.6
E2f1	319.2	404.7	525.2	407.5	1119.7	848.5	876.1	878.3	990.9	1020.6	1358.8	1995.2	699.1	780.5	1073.4	1343.9	701.4	500.6	1262.7	631	1238.1	1166.7	1597.6	1431.3
Fam210b	170.1	92.9	126.4	122.8	62.9	145.5	1	67.6	19.5	58.5	20.9	61.7	43.9	102.7	110.7	128.5	10.9	10.2	28.5	55.1	185.4	149.6	205.3	124.9
Aurka	141.7	79.8	169.4	100	493.3	278.7	431.5	274.2	633.6	517.1	958.7	681.8	194.7	540.7	397.6	575.8	840.8	586.4	479.1	557.9	1850	1685.8	1044.7	1149.8
Cstf1	481.9	396.6	273.9	378.2	370.4	238.9	484.5	333.9	351.2	319.8	625.9	672.8	662.4	336.7	268	210.5	588.8	681	356.7	539.9	1020.9	956.8	1108.5	1219.7
Pkia	197.4	112	112.9	89.1	7.9	59	88.9	94	60.6	46.3	28.4	76.9	4.8	0	16	82	18.2	59.7	51.1	3.8	12.7	10.2	0	0
Rtfdc1	494.5	536.4	521	342.3	555.5	330.9	638.3	564	454.9	560.7	826.4	1348.3	524.3	575.1	630.6	706.3	431.3	883.3	604	850.3	2383.1	2388.9	1804.9	1868.1
Tpd52	1153.8	1536.8	1620.8	1800.7	1214.7	1322.1	1095.8	1133.8	510.4	764.8	867.5	879.5	806.8	873	1048.6	946.2	1299.9	1276.2	1386.3	1097.8	2647.3	2629.3	1433.9	1573
Pag1	1391.1	1095.5	1008.8	1633.3	1155.4	1173.9	746.2	1297.4	806.1	711.7	658.8	504.6	796.5	921.4	1149.1	959.3	1789.4	2072.1	1758.4	1033.7	639.7	690.6	78.5	93.2
Rae1	1355.4	1008.4	1108.3	1416	1234	848.5	908	1055.5	1088.5	1231.5	1649	1175.6	1079	1036.6	1230.7	1556.4	718.4	942.9	781.1	1304.3	1601	1709.3	2320.2	2354
Rbm38	826.3	986.4	723.6	594.4	431.1	473.7	484.5	374	288.6	281.7	301.4	114.5	459.7	391.7	441.3	254	290.8	254.7	246.1	247.5	379.5	384.5	219.4	216.1
Rab22a	405.3	491	451.8	579.2	511.9	542.3	438.5	559.1	751.7	285.8	628.2	403.5	607.3	502.5	439.8	479.7	393.7	468.6	487.5	242.4	619.9	573.2	343.5	362.4
Stx16	1683	2044.6	1847.4	2062.6	1826.8	1276.8	1865	1716.4	1699.5	1657.5	1832.2	1764.4	1561	1475.2	1702.6	1817.5	1641.6	1047.7	2080.7	1110.7	416.9	404	250.3	290.5
Gnas	3059.4	3661.9	3965.9	3293.8	3315.3	3794.8	5065.6	4339.5	4372.5	4810.5	1478.5	1226.6	3426.9	3442	4519.3	1832.6	3633.2	5902.1	2555	5068.6	147.2	133.9	201.3	207.7
Impa1	1497.1	1282.1	1601.8	1261.7	2071.3	1688.7	1426.5	1638.1	1631.7	1899.7	1255.6	1113	1490.8	1374.7	1925.4	1187	1245.4	1833.5	1149.7	1173.5	1205.5	1225.4	2239.7	2208.5
Fabp5	181.6	488.1	212.5	303.2	838	539.6	693.3	675.6	1169.6	870.9	1003.6	1427.1	770.9	849.5	859.3	531.3	496.7	395.8	416.1	411.7	361.2	400.9	477.7	462
Snx16	285.6	316.9	327.6	616.2	370.4	458.6	345.6	307.4	214.6	161.9	183.2	135.1	333.6	129.8	196.6	313.7	168.4	336.1	243.7	162.9	31.8	25.8	49.7	31.1
Ptpn1	1018.4	1380.9	1464.8	1534.4	1462.1	1975.7	1667.2	1490.2	1319.5	1367.6	1552.5	2011.3	1515.5	1556.7	1628.3	1137.4	2051	1573	1681.2	1367.2	1951.1	2020.1	1415.1	1518.7
Nfatc2	623.6	510.1	587.3	408.6	223.1	229.3	394.6	387.7	30.8	89.8	103.2	4.5	100.6	50.6	173.3	209.5	461.6	516.6	634.9	395	346.9	338.3	10.1	12.3
Lrrcc1	1944.4	1828.7	973.5	1132.4	1548.6	1718.9	1524.4	1406	1684.1	1724.1	895.9	1165.8	1636.8	1435.6	1150.6	900.6	1026.1	960.4	1051	915.7	376.4	416.6	424.1	469.8
Zfp64	225.7	133.2	188.5	284.7	157.3	205.9	391.6	223.2	317.3	244.9	199.7	360.6	328	389.5	166	121.4	226.5	317.2	134.4	182.1	410.6	470.6	581.7	624.4
E2f5	291.9	183.7	283.8	304.3	294.6	427	104.9	154.7	271.1	123.8	155.6	58.2	382.3	125.4	112.1	109.3	292	80	161.7	80.8	113	150.3	51	58.9
Car13	11.5	21.2	5.6	50	0	0	22	46	0	181	71.8	103.8	0	66.8	0	67.8	20.6	0	19	2.6	132.9	112	47	67.3
Car1	391.6	65.1	319.8	292.3	242.4	17.8	390.6	488.6	3165.9	2454.9	1794.8	1120.2	0.8	849.5	672.9	370.4	8.5	61.1	0	2090.5	109	70.5	15.4	0.6
Car3	54.6	52.7	100.9	220.6	125.8	38.4	126.9	236	91.4	223.2	65.8	43.8	156.4	237.7	240.3	65.8	121.1	149.9	153.4	87.2	50.9	43.8	57.7	36.9
Car2	15103.7	13665.4	19265.6	16823.4	12831.7	13781.5	19928.9	14269.9	11931.4	12047.3	8338.4	9636.8	6386.1	6102.7	7605.4	6687	6031.9	6840.7	4928.2	5826.5	1492.7	1604.4	363	338.4
Psma7	3488.8	2683.5	2355	2504.9	3190.2	3301.9	2742.1	2647.6	4189.7	3153	3157.4	3543.9	3248.9	3261.5	2777.4	3050	3097.7	3020.9	2771.4	4208	3357.1	3662.9	6177	5538.3
Mrgbp	229.9	331.5	643.1	476	526.2	362.5	593.4	277.1	413.8	502.1	295.4	394.6	286.5	534	260.7	238.8	221.7	503.5	305.6	347.6	439.2	440	267.7	269.2
Gid8	715	668.1	888.8	899.8	641.3	915.7	816.1	692.2	1044.3	793.4	1119.5	992.2	502	961	866.6	885.5	684.5	532.6	759.7	793.9	397.1	397	559.6	384.4
Arfgap1	471.4	725.9	523.8	591.2	656.3	605.5	601.4	672.7	338.9	419.1	421.8	647.8	391.9	460	734	778.2	380.4	918.2	741.9	510.4	851.4	994.4	1121.9	818.5
Helz2	543.8	457.4	809.7	983.5	619.9	381.7	646.3	454.3	302.9	249	487.6	220.1	332	494.4	429.6	619.3	484.6	867.3	714.6	837.5	379.5	339	65.8	33.6
Zgpat	7.3	76.8	66.4	44.6	100.8	50.8	7	28.4	3.1	0	0.7	49.2	1.6	0.7	61.2	72.9	83.6	4.4	51.1	28.2	470.3	510.5	375.1	386.3
Zbtb46	92.4	101.7	72.7	78.2	4.3	0	43	17.6	0	17.7	52.3	0.9	0.8	5.1	36.4	1	38.8	5.8	10.7	42.3	19.1	19.6	0	0
Pcmtd2	1318.7	941.8	1794.5	2124.5	860.8	1197.2	1464.4	1269.9	634.6	650.5	866	1041.4	887.4	794.5	1087.9	1164.8	1331.4	1120.5	1254.3	663.1	684.3	609.2	503.2	442.6
Raly	74.5	31.5	79.1	82.6	62.2	30.2	191.8	97.9	59.6	119.8	48.6	75.2	138.9	111.5	94.7	56.7	118.7	32	84.4	38.5	1647.1	1331.9	985.7	1059.9
Ahcy	227.8	340.3	209.7	129.3	549.8	278.7	434.5	442.6	473.4	438.2	522	438.4	470.1	437.9	439.8	384.5	367.1	349.2	445.9	598.9	142.4	133.1	297.9	293.1
Itch	543.8	1373.6	615.6	898.7	920.9	972	493.5	855.8	546.3	711.7	774.8	662.1	910.6	1371.1	632.1	819.7	1024.9	762.5	894.1	498.9	1271.5	1309.2	1266.1	1332.3
Armc1	1169.6	1180.4	1435.2	1609.4	1628	1437.5	1690.2	1770.3	1744.7	1589.4	1616.1	2426.4	1592.1	1624.2	1839.5	2087.7	1474.4	1504.6	1936.8	1521.1	758.3	752.5	1265.5	1220.4
Mtfr1	421	444.9	562.6	414	343.9	446.2	487.5	397.5	315.3	291.2	124.1	112.7	451.7	314	521.4	223.6	428.9	541.3	187.9	370.7	707.4	708.6	979.6	1019.8
Map1lc3a	152.2	224.7	293	176	133.7	119.4	117.9	155.7	108.8	160.6	312.6	316.7	32.7	15.4	116.5	164.9	106.6	16	65.4	46.2	184.6	223.9	138.2	70.5
Acss2	359.1	346.9	211.8	166.3	301	249.9	316.7	235	544.2	224.5	274.5	270.2	282.5	353.6	304.4	234.8	157.5	132.4	137.9	34.6	247.5	200.4	116.8	148.2
Gss	129.1	59.3	103.1	90.2	71.5	100.2	152.8	88.1	55.5	174.2	106.2	112.7	134.1	133.5	99	60.7	99.3	149.9	97.5	127	308.7	331.2	321.4	421.2
Procr	1547.5	1114.5	1101.3	1541	376.1	707.1	421.6	383.8	39	0	34.4	34	177.2	107.8	193.7	201.4	152.6	256.1	178.3	47.5	2.4	2.3	22.8	9.1
Eif6	817.9	539.3	684.1	729.2	868.7	1280.9	677.3	984	1217.9	1174.4	1679.7	1483.4	1114.1	946.3	930.7	1198.2	1161.8	940	986.8	1344.1	2565.3	2523.6	3705.1	3460.5
Hps3	467.2	266.4	339.6	704.2	306	385.8	496.5	307.4	384.1	543	292.4	165.5	759.8	463.6	761.7	545.4	346.5	472.9	435.2	427.1	446.4	441.6	538.8	536.4
Nfs1	769.6	496.9	836.5	757.4	900.9	652.1	945	845	941.7	1141.7	995.4	891.1	900.2	768.1	920.5	880.4	810.5	845.4	1017.7	802.9	591.2	556.7	904.5	816.6
Rbm39	15182.4	15478.7	12034.1	11264.9	12617.2	12729.8	12028.3	12160.9	10968.2	11243	10549.8	9294.2	10769.9	11038.2	11067.3	10111.4	13575.8	11308	11485.2	9747.2	4038.2	3968.3	3262.3	3343.4
Epb41l1	148	99.5	110.8	113	74.4	83.7	167.8	124.4	148.9	78.9	137.6	85.9	222.7	125.4	176.2	247.9	52.1	71.3	72.5	118	26.3	24.3	0	0
Aar2	155.4	335.9	322.6	370.6	318.2	387.2	256.7	388.7	262.9	166	431.5	288.1	325.6	281	369.9	434.1	95.7	365.2	348.4	256.5	710.6	802.6	906.5	1045
Tbl1xr1	2186.9	2012.4	1968.9	1447.5	2274.3	2542.7	1904	1981.8	2520	2122.9	2269	2289.5	2374.2	2062.8	2298.2	2243.5	2642.2	2350.1	2096.1	2107.2	1694	1490.8	1672.7	1640.3
Ndrg3	498.7	569.3	660	704.2	436.9	628.8	483.5	446.5	660.3	390.6	459.2	356.1	329.6	457.8	388.9	388.6	482.2	449.6	392.4	416.8	617.5	596.6	821.3	641.2
Dsn1	221.5	212.9	204	110.8	127.3	130.4	559.4	178.2	349.1	453.2	364.9	518.9	292.1	292.7	253.4	276.3	481	315.8	296	239.8	592	594.3	499.9	458.1
Sla2	219.4	278.1	260.5	422.7	338.9	87.9	255.7	222.3	45.2	76.2	122.6	103.8	47.9	3.7	29.1	20.2	118.7	129.5	36.9	132.1	928.6	865.2	7.4	0.6
1110008F13Rik	1469.8	1356.7	1872.8	2494	1791.7	1540.4	1872	2271.6	1973.7	2475.3	2013.9	2872	1975.2	2175.1	2513.8	2082.6	1877.8	2596	2160.3	3047.3	677.1	725.8	2298.1	2104.9
Samhd1	3278.8	3564.5	3453.4	3310.1	2195.7	1907	2490.4	2734.7	1450	1944.6	1919.7	2664.4	2245.8	1818.6	2149.7	2219.2	2209.7	2574.2	2250.7	2613.8	831.5	896.5	656.9	687.8
Rbl1	1023.6	775	691.1	741.1	1346.3	1650.3	1159.8	1091.7	1136.8	1722.8	1088.1	1199.8	1843.5	1295.5	1328.3	1117.2	1622.2	1391.1	935.7	1154.3	1338.4	1277.1	1099.7	1001.7
Rpn2	1308.2	1187.7	1468.3	1649.6	1842.5	1777.9	1805.1	1509.8	2474.8	2107.9	2227.1	2353.1	1739	2192.7	1874.4	1651.5	2042.6	1664.7	1511.1	1852	6656	6658.6	15112.4	14327.4
Src	241.5	202.7	178.6	118.5	125.8	293.8	109.9	116.5	51.3	92.5	80.8	99.3	37.5	21.3	48.1	44.5	88.4	64	79.7	26.9	31	39.2	0	4.5
Ctnnbl1	349.6	282.5	163.8	365.1	634.9	624.7	166.8	234	301.9	296.7	457.7	605.7	399	412.3	321.9	398.7	645.7	289.6	395.9	420.7	1468.9	1497.1	1807.6	1922.4
Tti1	160.6	221	164.5	267.3	254.5	354.2	271.7	280	352.2	265.4	371.7	226.4	270.5	124.7	598.6	439.2	239.9	295.4	299.6	354	706.6	707.8	894.4	999.7
Rprd1b	1121.3	1405	1339.2	984.6	1434.2	1449.8	1422.5	1361	1302.1	1246.5	788.2	796.3	1044.7	1051.2	1364.7	853.1	1218.7	1513.4	815.6	1077.3	1502.3	1319.4	1258.8	1441
Ralgapb	611	496.2	548.5	590.1	772.9	757.9	741.2	741.2	562.7	608.3	704.5	520.7	634.5	553.9	579.7	585.9	426.4	678.1	482.7	429.6	397.9	429.1	238.9	361.1
Fam83d	40.9	0.7	46.6	92.4	390.4	274.6	108.9	172.3	388.2	74.8	167.5	182.5	139.7	146.7	151.5	171	282.3	298.3	300.8	230.9	284.9	279.5	53	81.5
Dhx35	145.9	198.3	237.9	113	105.1	67.3	389.6	186	195.1	208.2	403.8	206.7	127.7	235.5	259.2	168	151.4	222.6	365	232.1	380.3	401.7	404.6	412.8
Skil	333.9	360	427.1	637.9	438.3	307.5	429.5	428.9	110.9	276.2	261.7	534.1	185.9	131.3	269.4	246.9	106.6	184.8	165.3	152.6	354.9	334.3	148.3	100.9
Zmat3	174.3	66.6	172.2	85.9	218.1	30.2	63.9	74.4	15.4	160.6	75.5	95.7	88.6	8.1	80.1	111.3	21.8	56.8	91.5	87.2	25.5	39.2	4	2.6
Pik3ca	818.9	905.2	813.9	510.8	433.3	1009.1	934	850.9	794.8	572.9	404.6	358.8	898.6	665.4	844.7	375.4	825	1065.2	552.9	691.3	636.6	660.1	532.1	566.8
Zfp639	360.1	515.9	727.1	795.5	441.1	734.5	437.5	622.7	1071	611	869.7	965.4	383.9	949.3	790.8	888.5	491.9	1060.8	678.9	378.3	334.2	355.5	575.7	448.4
Mfn1	363.3	256.9	149.7	242.3	287.4	292.4	339.6	241.8	264.9	342.9	198.9	156.6	288.9	179.7	235.9	245.9	364.7	85.9	255.6	147.5	444	395.4	500.5	544.8
Gnb4	305.5	599.3	428.5	411.9	504.1	469.5	206.8	646.2	1356.5	1450.6	1367.1	960	711.9	652.2	585.5	680	313.8	499.1	417.3	152.6	310.3	350.8	58.4	99.6
Actl6a	767.5	1012.1	1274.9	988.9	1818.2	1407.3	1337.6	1787.9	2011.7	2246.7	1806.8	1862.8	1628.9	1211.9	2215.2	1645.4	1346	1250	1619.3	1037.6	2111.8	2337.3	1768.7	1681.7
Ndufb5	1686.1	1551.4	1538.2	1434.5	1801	1453.9	2011.9	1571.5	2349.5	1931	2132.1	2774.5	1881	2505.2	2334.6	2017.8	2013.5	2088.1	1904.7	2444.5	865.7	923.2	1427.2	1287
Ccdc39	25.2	172	40.9	148.9	0	0	42	0	22.6	0	64.3	0.9	0	0	27.7	5.1	20.6	30.6	14.3	5.1	0.8	3.9	0.7	0
Ttc14	3484.6	3915.1	3031.3	4327.3	3273.2	2847.5	2972.9	3251.7	1472.6	2399.1	2396.8	1062	2898.6	2219.1	2269.1	2336.6	2786.4	2597.4	3088.9	1803.2	506.9	487	397.2	330.7
Ncoa3	767.5	674.7	307.1	448.8	326.7	649.4	466.5	376	1124.4	468.1	601.3	691.6	426.2	613.3	257.8	373.4	731.7	861.4	439.9	559.2	1359.1	1489.3	478.4	356.5
Dnajc19	547	663.7	624	620.5	892.3	642.5	735.2	626.6	1471.5	815.1	465.9	458.1	1228.2	462.9	750.1	674	771.7	488.9	554	737.5	211.7	194.2	310	314.5
Fxr1	1605.3	3034.7	1807.9	2624.4	2104.9	3499.6	1522.4	2018	2690.4	1843.9	2411.8	2108.8	2878.6	2554.3	2006.9	2184.8	2553.8	1993.6	2343.4	1468.5	443.2	454.1	557.6	581.7
Mecom	5433.2	4211.4	4268.8	4966.3	2299.4	2754.1	2164.7	2438	400.5	534.8	939.3	754.2	852.3	693.2	825.8	1155.7	957.1	1241.2	945.2	690	15.1	30.5	12.7	0
Tnik	337	518.8	305	594.4	672.1	365.2	688.3	695.2	560.7	960.7	1067.2	736.3	521.1	692.5	595.7	507	403.4	359.4	371	302.7	75.6	58.7	34.2	45.9
Pld1	183.7	54.2	251.3	196.7	26.5	96.1	144.8	150.8	122.2	92.5	108.4	85	103.7	42.5	87.4	50.6	90.9	14.6	21.4	32.1	35.8	23.5	97.3	106.1
Nceh1	1684	2043.1	2053.6	2088.7	1186.9	2036.1	1892	1468.7	617.2	620.5	679	762.3	1374.3	826.7	1232.1	971.5	736.6	590.8	680.1	716.9	966	985.8	860.2	962.8
Ect2	116.5	71	144.7	138	290.3	289.7	647.3	442.6	1138.8	468.1	570.6	539.5	416.6	672	623.3	779.2	754.8	1076.8	862	643.8	1974.9	1918.4	932	977.1
Sec62	5780.7	4817.3	3965.2	3699.2	4333.5	4032.3	3875.9	3764.8	4470	3932.7	3013.1	2291.3	4733.3	4101.5	4274.6	3095.6	4464.3	4362.5	3507.4	3282	670.8	700	868.2	842.5
Dcun1d1	6026.4	6796.8	5578.3	6055.2	7062.5	7453.7	5719.9	5554.6	4426.9	4995.5	4997.8	3452.7	6695	5041.2	5059.6	5976.6	7318.5	5283.7	5831.8	3824.5	509.2	493.3	897.1	1026.9
Mccc1	245.7	303	185.7	366.2	352.5	103	179.8	264.4	133.5	141.5	116.7	192.4	221.1	220.1	227.2	161.9	204.7	164.4	198.6	173.1	206.9	234.1	459.6	362.4
Acad9	12.6	38.8	26.8	48.9	40	93.4	104.9	44.1	72.9	47.6	23.2	137.8	182	66.8	26.2	21.3	150.2	34.9	64.2	30.8	605.5	628	1366.8	1314.2
Anxa5	1627.3	2019.7	1898.3	2087.6	1588.7	1615.9	2153.7	1453	1310.3	1250.6	1475.5	1699	1066.2	1027	1255.4	1635.3	648.1	844	853.7	627.2	936.5	981.1	2541.7	2335.9
Exosc9	899.8	777.9	1030	1053	1232.6	1154.6	982	1422.7	1088.5	1735	1543.5	2392.4	1779.7	1336.6	1348.6	1690	1239.3	1855.3	1173.5	1645.5	695.4	682.8	819.9	763.5
Ccna2	255.1	322.7	377	504.2	1698.8	1631	1340.6	1445.2	2370.1	3093.1	3113.3	2560.6	1018.3	1466.4	1587.5	2189.9	2315.1	2481	2093.7	1559.6	4900.7	4961.1	2902.6	2936.4
Il2	61.9	62.2	74.1	64.1	59.3	39.8	37	59.7	39	55.8	124.1	84.1	90.2	126.9	52.4	110.3	110.2	55.3	85.6	101.3	2.4	3.1	1.3	2.6
Spata5	218.4	221	192	122.8	223.1	492.9	147.8	211.5	422.1	356.5	144.3	99.3	276.1	157.7	180.6	157.9	203.5	123.7	192.6	211.6	606.3	490.2	750.2	618.6
Rab33b	117.6	150	229.4	223.9	207.3	284.2	210.8	97.9	94.5	136.1	181.7	150.3	153.2	225.2	295.7	102.2	453.1	187.7	206.9	109	987.5	1025.7	173.8	212.9
Cog6	325.5	472.7	393.2	292.3	243.8	289.7	412.6	247.7	386.1	270.8	265.5	227.3	114.9	314	128.2	241.9	186.6	189.2	82	277	615.9	545.8	748.1	704.7
Ufm1	556.4	609.6	503.3	597.7	960.2	749.6	774.2	497.4	692.1	808.3	647.6	527.9	622.5	672.7	812.7	573.8	631.2	435.1	537.4	454	500.5	529.3	789.7	667.8
Supt20	1062.5	1502.4	1044.8	1486.6	1635.9	1485.5	667.3	1007.5	1025.9	816.5	959.5	948.4	1344.7	1379.9	1305	1278.1	1359.3	1276.2	1647.9	737.5	944.5	1048.4	895.1	928.5
Exosc8	564.8	818.9	800.5	890	860.1	1048.9	1213.7	1067.3	1153.2	1149.9	1276.6	1705.3	1055.8	1192.8	1122.9	1189	1034.6	1226.7	873.9	1398	1086.1	1108.7	1583.5	1330.4
Mbnl1	6387.5	7168.6	6409.2	5549.9	7636.7	7493.5	6822.8	6404.5	8961.6	7122.5	6213.1	5922	6655.9	6276.5	5232.9	4300.8	6987.8	5614	4628.6	5058.3	9182.4	9051.5	8614.7	9203.9
P2ry1	160.6	314.7	240.7	241.3	295.3	178.5	691.3	375	816.4	696.7	916.1	1262.4	69.4	126.9	167.5	375.4	17	65.5	55.9	156.5	19.9	25.8	56.4	99
Dhx36	1974.8	2601.5	2573.1	2627.7	2115.6	1827.4	1996.9	2692.6	1734.4	1909.2	1791.1	1574.7	1810	1539.8	2465.7	1861	2059.5	2338.4	1842.9	1900.7	898.3	912.2	1056.8	980.3
Gfm1	253	128.1	241.4	303.2	377.5	451.7	420.6	356.4	301.9	364.7	198.2	119	115.7	451.9	308.8	229.7	335.6	211	139.1	389.9	880.8	868.3	1123.2	1380.8
Mfsd1	1415.3	1738.7	1276.3	1370.3	1297	1108	1060.9	1396.2	1281.6	978.4	1157.7	1566.6	1332	1635.2	1487	1435	1233.3	1235.4	952.3	1201.7	1164.1	1170.6	3314.6	3355.7
Il12a	181.6	226.1	120.7	2.2	125.1	148.3	264.7	94	119.1	259.9	12.7	112.7	188.3	325	128.2	1	961.9	1228.1	341.2	295	955.6	1023.4	99.3	177.3
Ift80	458.8	235.6	448.3	646.6	360.3	406.4	286.7	454.3	570.9	454.5	405.3	248.7	467.7	277.3	209.7	279.3	361	558.8	280.6	401.4	249.1	288.1	320.7	211.6
Kpna4	825.2	1113	971.4	910.7	872.3	782.6	842.1	918.4	1423.3	834.2	955	938.5	819.6	806.2	710.7	1288.2	1072.2	733.4	900	1167.1	1146.6	1137.7	984.3	979
Ppm1l	155.4	170.5	260.5	239.1	125.1	175.7	117.9	126.3	119.1	84.4	67.3	246	43.1	104.9	118	77.9	235	104.8	121.3	206.5	501.3	404	66.4	111.9
Nmd3	298.2	423.7	394.6	291.2	618.5	756.5	641.3	335.8	534	337.5	247.5	372.2	344.8	528.9	594.2	308.6	350.1	308.5	398.3	518.1	923.8	943.5	1007.8	1010.1
Nbea	1029.9	1165	982.7	1180.2	454.7	359.7	395.6	553.2	0	85.7	142.1	151.2	51.1	96.1	55.3	10.1	36.3	0	15.5	9	4	1.6	0	4.5
Tm4sf1	44.1	41.7	147.5	111.9	0	15.1	31	3.9	0	0	0	22.4	0	0	42.2	0	0	0	0	46.2	1.6	0	0	0
Ppid	1355.4	1774.6	1429.5	1036.7	1490	1548.7	2202.7	1838.8	1155.2	2027.6	1954.9	1535.3	1659.2	1952.8	1954.5	1648.5	1736	2060.5	1567	1822.5	965.2	972.5	1859.3	1736.1
Tsc22d2	422.1	641.8	444.7	355.4	659.9	617.8	380.6	478.8	383	438.2	480.9	243.4	633.7	355.1	512.7	280.3	348.9	583.5	355.5	339.9	803.7	786.9	377.8	354.6
Serp1	1546.5	1544.8	1409.8	1201.9	2365.1	1507.5	2539.3	1544.1	1516.7	2015.4	1490.4	1409.2	1686.3	2343.1	2384.2	1486.6	2121.3	2566.9	1625.3	2425.3	10265.4	10093.7	15395.6	15287.7
Etfdh	416.8	316.1	163.1	244.5	235.9	189.5	369.6	272.2	176.6	181	216.1	355.2	268.2	223	327.7	224.7	289.5	374	212.8	328.3	646.9	729.8	1164.1	1146
Eif2a	1189.5	1233.1	919.1	705.3	867.3	1259	999.9	725.5	1186.1	1042.4	689.5	553.8	779.7	1162	1009.3	864.2	1250.2	892	834.6	669.5	663.6	721.1	1115.2	850.9
4930579G24Rik	189	88.5	81.2	110.8	135.1	216.9	281.7	155.7	309.1	323.9	6	20.6	142.9	155.5	269.4	23.3	384	580.6	63	233.4	686.7	667.1	764.9	840.5
Slc33a1	459.9	406.9	505.4	443.4	351.1	352.8	417.6	310.4	277.3	522.6	296.1	229.9	338.4	255.3	246.1	240.8	287.1	470	260.4	427.1	251.4	206.7	667	815.3
Gmps	828.4	1118.2	969.2	1024.8	815.1	1348.2	878.1	1198.5	1836.1	1405.7	1370	1933.5	1506	1657.9	1200.1	1249.8	1249	1478.4	1102.2	1417.2	1702.8	1725.7	3845.4	3537.5
Ssr3	2704.5	1789.2	4440.3	2989.6	2537.5	2463	5055.6	3966.5	3152.5	5026.8	2227.1	2054.2	3149.2	3433.2	4921.2	3128	2376.9	3796.5	3034.2	3084.5	2744.4	2589.4	9055.5	9330.1
Ccnl1	4659.4	4576.6	3617.2	4223	3196.7	3695.9	3235.6	3796.1	3393.9	3649.7	4033.9	2990.1	3185.9	3071.5	2711.9	3998.2	3582.3	3658.2	4158.9	3039.6	983.5	999.1	426.7	581.7
Serpini1	101.8	138.3	133.4	127.1	88.7	123.6	151.8	134.1	0	78.9	79.3	110	70.2	127.6	64.1	54.6	146.6	203.7	290.1	83.4	109.8	126.8	34.9	20.7
Pdcd10	528.1	766.9	424.3	684.6	811.5	793.6	604.4	665.8	1354.5	966.2	908.6	809.7	942.5	990.3	932.1	764	1390.8	887.6	915.5	582.3	341.4	303	359	447.1
Ptpn22	598.4	799.1	458.9	616.2	526.9	317.1	599.4	535.6	283.4	606.9	506.3	139.6	411	528.2	400.5	340	581.5	472.9	483.9	293.7	378	422	780.3	848.3
Dclre1b	269.8	507.1	421.4	650.9	555.5	466.8	643.3	523.8	368.7	548.4	565.4	612	328.8	498.8	407.8	417.9	723.3	410.4	495.8	445	328.6	279.5	448.2	479.5
Nras	3969.6	3418.9	3826.9	3783.9	2832	3334.9	3769	4359.1	4308.8	4189.9	3809.5	3625.3	3662.3	3535.1	4558.6	3360.7	3543.6	3975.5	3597.7	3543.6	1385.3	1270	1251.4	1367.9
Sike1	782.2	602.3	737	703.1	441.1	392.7	750.2	690.3	416.9	439.5	337.3	159.3	589.8	422.5	553.4	440.2	443.4	846.9	594.5	513	443.2	419.7	530.1	478.2
Tspan2	85	0	29.6	15.2	0	141.4	68.9	55.8	105.8	27.2	76.3	1.8	127.7	245.8	276.7	151.8	318.6	362.3	271.1	279.6	1172.1	1168.2	628	823.7
Vangl1	66.1	78.3	80.5	51.1	184.5	82.4	73.9	60.7	0	38.1	66.6	14.3	1.6	0	4.4	81	55.7	71.3	38	59	19.9	36	1.3	0
Cd2	0	0	1.4	0	0	0	0	25.5	0	27.2	0	0	0	0	0	21.3	0	5.8	0	50	224.4	229.4	0	0
Gdap2	231	229.8	417.2	274.9	130.1	579.4	361.6	263.4	113	367.4	421.8	410.7	150	386.6	141.3	323.8	164.8	218.3	243.7	220.6	350.9	374.3	720	673.6
Hmgcs2	0	2.2	2.1	0	0	0	0	0	0	0	0	0	0	0	0	0	0	0	0	0	297.6	255.3	30.2	15.5
Notch2	1287.2	1711.6	2256.9	1894.1	1656.6	2041.6	1850	1608.7	1606.1	1650.7	1230.2	828.5	1870.7	1311.6	1319.5	1036.2	2334.5	2564	1683.5	1694.2	1344.7	1353.8	477.1	701.4
Sec22b	844.1	932.3	716.5	933.5	855.1	1075	996.9	887.1	1344.2	797.4	611.7	612	630.5	1103.3	988.9	450.3	942.5	563.1	508.9	814.4	1173.7	1109.5	2128.3	2163.8
Prpf38b	7220.1	6714.1	3496.5	4330.6	4497.9	5247.4	3574.2	4007.6	4684.7	4183.1	4410.8	5198.2	5009.5	4981	4129	4688.4	5299	4985.3	5264.6	3410.2	1157.7	1086.8	575.7	669.7
Stxbp3	628.9	562	573.9	368.4	464.7	799	645.3	514	698.3	514.4	231.8	238	271.3	440.9	521.4	377.5	587.6	532.6	237.8	223.2	236.3	244.3	220.8	289.9
Gpsm2	111.3	119.3	110.1	133.7	382.5	324	452.5	301.6	771.2	462.7	999.9	233.5	106.9	269.2	116.5	256	256.8	596.6	214	83.4	473.4	532.4	194.6	192.8
Clcc1	1314.5	1153.3	1107.6	1062.8	817.9	864.9	817.1	1525.5	963.2	1349.9	1892.8	2427.3	1075	963.9	1194.3	1415.7	1204.2	1260.2	1468.3	1153	713.7	637.4	1370.8	1196.4
Ampd2	2738.1	2330.7	2578.8	2268	1956.9	1894.6	1856	2040.5	1521.8	1366.3	1411.9	1317.9	1451.7	971.3	1527.8	1535.1	1285.4	1073.9	1406.5	1165.8	1524.6	1570.7	3972.9	3668.2
Gstm4	102.9	246.6	137	107.6	126.6	38.4	145.8	80.3	68.8	99.3	180.2	141.4	7.2	147.5	199.5	128.5	167.2	133.9	202.1	142.4	167.1	205.1	993	828.3
Ahcyl1	1727.1	1544.1	1584.1	1988.7	1518.6	2398.5	1833.1	1709.6	1635.8	1260.1	1595.9	1560.4	1613.7	2070.9	1562.7	1629.2	1971.1	1667.6	1469.5	1671.1	2262.2	2327.1	2798.6	2791.5
Dram2	521.8	262.7	602.9	421.6	376.1	215.6	502.5	344.7	471.3	464	291.7	159.3	265	115.9	206.8	265.1	279.9	360.9	330.5	186	245.9	198.9	385.1	416.7
Dennd2d	1688.2	1266	1344.8	1549.7	770.7	976.2	753.2	1115.2	845.1	560.7	835.3	912.6	359.9	828.9	658.3	507	511.2	308.5	443.5	480.9	183	152.7	398.6	366.2
Ddx20	752.8	597.9	629.7	785.7	532.7	1024.2	531.4	774.5	1171.7	952.6	629.7	773.9	761.4	552.4	991.8	776.2	643.3	838.2	755	693.8	795.7	736.8	1286.9	1045.7
S100a11	670.9	758.9	1083.6	915	1219.7	943.2	1148.8	1142.7	987.9	887.2	779.3	1018.2	950.5	1186.9	863.7	976.5	901.3	1046.3	1073.6	1271	580.9	566.1	1838.5	1818.3
Ints3	810.5	729.6	741.9	652	991.7	933.6	705.3	723.6	1189.1	747.1	1021.6	779.3	618.5	367.5	707.8	930	732.9	365.2	712.2	779.8	799.7	736.8	724	782.3
Rab13	129.1	131	45.9	39.1	8.6	94.7	28	35.2	43.1	31.3	29.2	20.6	14.4	0	0	0	60.6	10.2	0	12.8	4	6.3	9.4	23.9
Crtc2	993.2	470.5	312	103.2	173.7	303.4	410.6	102.8	243.4	142.9	0	1.8	291.3	374.1	168.9	7.1	249.6	212.5	0	87.2	926.2	1017.9	482.4	396
Jtb	1039.4	524	915.6	1034.6	602.7	564.3	1295.6	851.8	666.4	1072.3	940	1181	800.5	636.8	754.4	896.6	660.3	844	834.6	745.1	792.5	789.3	983	1041.1
Tpm3	8735.1	10270.6	8440.9	8722	9602.8	8571.2	8778.7	9446.7	9551.1	10026.5	9386.2	13237.1	9494.6	9635.6	10525.6	10170.1	8543.3	10840.9	9491.3	9586.9	4464.7	4492.9	4859.9	4757.9
4933434E20Rik	1021.5	851.8	1130.2	1222.6	1199.7	637	672.3	825.4	617.2	805.6	1251.9	694.3	727.8	462.2	726.8	987.7	724.5	960.4	948.8	525.8	488.6	426.7	430.8	512.5
Hax1	60.9	172	132.7	490.1	220.9	226.5	137.9	235	135.5	406.9	490.6	484	229.8	271.4	399.1	377.5	229	189.2	350.7	274.5	199.7	173.8	295.2	268.5
Il6ra	442	417.1	340.3	310.8	192.3	186.7	456.5	318.2	170.5	334.8	315.6	388.3	314.4	488.6	374.3	564.7	701.4	919.7	851.3	841.3	286.5	296	263	310.6
Adar	794.8	1247.7	1284.8	988.9	617.7	1112.1	1021.9	1110.3	730.1	805.6	957.2	1336.7	1077.4	448.2	872.4	1187	809.3	1293.6	930.9	1197.9	1540.5	1500.2	803.8	781.7
Pmvk	267.7	174.2	158.8	182.6	187.3	145.5	133.9	160.6	231	204.1	259.5	108.3	95.8	113.7	186.4	179.1	132.1	13.1	193.8	162.9	312.7	340.6	200	177.3
Slc50a1	943.9	601.5	975.6	670.5	662.8	729	464.5	610	345	364.7	317.8	497.5	403	506.9	595.7	435.1	513.7	452.6	671.8	496.3	588	685.9	565	500.2
Efna1	108.1	86.4	145.4	141.3	22.9	17.8	11	8.8	0	0	0	0	0	0	0	0	0	0	0	2.6	4.8	0	0	0
Slc35a3	480.8	373.9	588.7	478.2	669.2	698.8	807.1	648.2	1080.3	1228.8	716.4	326.6	806.8	648.5	693.3	434.1	742.6	676.6	601.6	531	529.1	526.2	1072.9	1071.5
Sass6	221.5	311.7	130.6	396.7	572.7	444.8	352.6	363.3	510.4	529.4	718.7	374.9	423	366.8	474.8	319.8	637.2	640.3	399.5	223.2	355.7	312.4	336.8	320.9
Vcam1	291.9	202.7	117.9	318.4	301.7	115.3	165.8	153.7	233.1	582.4	860	272.9	208.3	292	353.9	330.9	65.4	253.2	129.6	419.4	619.1	655.4	1163.5	1356.9
Extl2	431.5	252.5	450.4	540.1	365.4	466.8	485.5	368.2	370.7	411	486.1	291.7	201.1	214.2	367	423	564.5	350.7	187.9	212.9	179.8	188.7	604.6	471.7
Larp7	2807.4	2515.1	2081.1	2686.4	2388.7	2215.9	2181.7	2615.3	3332.2	2882.2	2757.3	3319.3	2513.1	2384.9	2608.4	2714.1	2799.7	2604.7	2423.1	2754.9	787.7	695.3	528.7	596
Rnpc3	364.3	424.4	233.7	489	167.3	470.9	174.8	345.6	117.1	197.3	394.1	165.5	372.7	261.9	291.3	228.7	298	333.2	231.8	200.1	229.2	204.4	251.6	203.2
Hadh	1611.6	1328.9	2148.2	1974.6	1812.5	1625.6	2078.8	1619.5	1292.9	1741.8	2329.5	1895	1276.1	1249.3	1492.8	2798.1	1596.7	1920.8	2131.8	1819.9	1156.2	1123.6	1685.5	1839.6
Lef1	0	0	0	0	42.2	0	23	15.7	31.8	0	0	0	0	35.9	45.1	0	18.2	32	0	106.4	1296.2	1353.8	0	0
Ccdc109b	0	0	9.9	36.9	0	0	4	11.7	0	0	36.6	0	4.8	0	11.7	31.4	7.3	43.7	0	79.5	20.7	18	97.3	95.1
Tlr2	101.8	131	62.1	31.5	5.7	34.3	120.9	21.5	1	68	61.3	43.8	30.3	0	74.3	109.3	69.1	13.1	89.2	25.7	188.6	194.2	532.8	389.5
Casp6	503.9	358.6	611.3	331.4	584.1	536.8	732.2	367.2	484.7	430	369.4	226.4	371.1	538.5	269.4	406.8	341.6	628.6	497	418.1	628.6	586.5	282.5	252.4
Plrg1	1060.4	663.7	998.2	962.8	439	523.1	907	931.2	862.6	771.6	1247.4	1816.2	892.2	619.9	862.2	1354	639.7	881.8	953.5	1078.6	1110	1151	1292.3	1219.1
Pla2g12a	176.4	222.5	292.3	274.9	128	244.4	213.8	321.2	377.9	209.6	258	254.1	144.4	203.2	329.2	183.2	123.6	267.7	214	296.3	898.3	879.3	636.1	547.4
Gucy1b3	31.5	133.2	103.8	54.3	118	389.9	54.9	114.6	143.8	110.2	206.4	116.3	0.8	0	27.7	27.3	0	16	38	46.2	4.8	2.3	0	0
Snx7	63	56.3	19.1	9.8	21.4	49.4	0	49	82.2	62.6	28.4	1.8	4	40.3	77.2	12.1	70.3	132.4	65.4	52.6	89.1	115.1	288.5	221.3
Gar1	1176.9	1200.1	1687.9	1350.8	2302.9	1810.9	2153.7	1696.8	2325.9	2067.1	1552.5	832.1	1940.9	2260.9	1929.8	1791.2	1896	1864	1554	1604.4	1382.9	1298.2	1588.2	1540.7
Ppa2	207.9	251	291.6	314.1	275.3	189.5	162.8	367.2	338.9	506.2	438.2	312.3	411.8	462.2	415.1	298.5	370.7	257.6	227.1	447.6	734.4	677.3	1118.5	1173.1
Ctso	477.7	473.5	583.1	643.3	276	578	552.4	383.8	363.5	375.6	218.4	229.9	263.4	240.6	219.9	306.6	639.7	704.3	473.2	369.4	817.2	766.6	405.3	372.7
Ints12	255.1	79	158.8	125	99.4	190.8	271.7	111.6	60.6	223.2	123.4	12.5	114.1	58.7	266.5	75.9	190.2	18.9	156.9	110.3	340.6	362.5	571.7	431.6
Egf	66.1	70.3	52.2	92.4	37.2	68.6	58.9	129.2	28.8	34	41.9	24.2	231.4	18.3	87.4	63.8	89.6	33.5	51.1	14.1	12.7	14.9	17.4	1.3
Gstcd	556.4	370.3	473	282.5	574.1	422.9	788.2	443.5	745.5	431.4	397.1	506.4	505.2	594.9	597.1	384.5	386.5	513.7	343.6	397.6	172.7	124.5	155	128.1
Enpep	0	32.9	14.1	0	0	17.8	0	21.5	0	0	0	0	0	0	0	0	0	0	0	16.7	93.9	85.3	0	0
Alpk1	88.2	143.4	98.1	119.5	121.5	105.7	134.9	89.1	44.2	98	53.1	161	130.9	71.9	48.1	108.3	130.8	16	59.4	25.7	67.6	46.2	74.5	123.6
Aimp1	1726	2404.6	1856.6	2100.6	1828.9	1615.9	1529.4	2371.5	2015.8	2182.7	2792.4	3435.7	2278.5	2098.8	2526.9	3245.3	2172.2	1530.8	2820.2	2315	474.2	504.3	730.7	579.1
Tbck	299.2	336.6	338.8	468.4	540.5	433.8	338.6	496.4	536	725.3	338.8	583.3	207.5	496.6	249	320.8	353.8	439.5	486.3	406.6	289.6	299.9	249.6	273.1
Papss1	625.7	275.2	679.1	487.9	422.6	910.3	611.4	527.8	504.2	494	638.7	569	560.2	594.2	589.9	773.1	653	391.4	432.8	373.2	674.8	724.3	1015.9	976.4
Kcnq5	34.6	49.8	25.4	17.4	65.1	60.4	47	76.4	42.1	72.1	5.2	2.7	110.9	41.1	29.1	32.4	61.8	43.7	27.3	16.7	165.5	173.8	71.1	118.4
Fubp1	3721.9	5755.5	3718.2	4943.5	5945	4276.7	3981.8	5599.7	4522.4	5429.6	6058.3	5571.3	4691	5746.9	5700.4	6133.5	5205.7	4208.3	6025.6	4787.7	2314.7	2377.2	2153.8	2187.7
Dnajb4	692.9	1036.9	621.2	1126.9	1101.8	854	876.1	662.9	793.8	673.6	714.2	365	643.2	459.2	441.3	574.8	620.3	496.2	436.3	407.8	178.2	140.2	297.2	236.2
Ifi44	1278.8	1421.9	1238.2	1418.2	964.5	659	1125.8	627.6	394.3	310.3	195.9	135.1	543.5	432.8	397.6	342	874.7	841.1	988	454	243.5	251.3	16.8	1.9
Adam15	218.4	64.4	93.2	73.9	188	48.1	47.9	50.9	65.7	57.2	72.5	160.2	144.4	172.4	109.2	182.2	146.6	40.7	105.8	161.6	259.4	200.4	1258.8	1384.7
Zbtb7b	102.9	22.7	91.8	104.3	63.6	28.8	39	69.5	40	40.8	28.4	104.7	71.8	14.7	67	13.2	12.1	106.2	22.6	78.2	19.9	23.5	82.5	54.4
Cks1b	1111.8	1285	1733.1	1842	3119.4	2360.1	3742	3209.6	4642.6	5070.4	6189.9	6313.9	3155.6	3955.5	4539.7	5209.5	3984.6	4825.3	4871.1	4163.1	2161.1	2212.8	2355.8	2187.1
Gba	325.5	327.8	513.2	532.5	206.6	166.1	390.6	359.3	156.1	481.7	414.3	663	326.4	381.5	438.4	576.8	232.6	234.3	548.1	397.6	934.9	974.1	1347.3	1509.6
Scamp3	163.8	168.3	203.3	170.6	215.2	252.6	298.7	420	263.9	362	460.7	300.6	529.9	289.8	464.6	308.6	399.8	227	200.9	384.8	766.3	836.2	1406.4	1401.6
Ash1l	3964.4	5050.1	2609.8	4429.4	3012.2	3367.8	1863	3622.8	1674.9	2181.4	2743.8	2124	2750.9	2456.8	2914.3	2652.3	3623.5	3377.4	3184	2268.8	689.9	642.8	250.9	271.8
Rit1	342.3	193.2	169.4	191.3	218.1	114	123.9	164.5	278.3	80.3	257.3	108.3	111.7	248	26.2	161.9	196.3	39.3	170	152.6	284.1	270.1	326.8	324.8
Arhgef2	3563.3	3510.4	3154.8	3727.4	3239.6	4540.3	2998.8	4284.7	4423.8	3257.8	3156.6	4411.8	2942.5	3138.3	3539.1	2600.7	3313.4	2831.7	2459.9	2276.5	1920.8	1817.3	1213.1	1284.4
2810403A07Rik	2798	2285.4	1942.7	1808.3	1941.2	1868.6	2261.6	2086.5	1290.8	1765	1391.7	623.6	1504.4	1986.5	1390.9	1501.7	1617.3	1490.1	1222.2	1097.8	563.4	570.8	524.7	577.2
Lamtor2	48.3	112.7	30.4	22.8	223.1	38.4	15	38.2	42.1	68	72.5	70.7	136.5	66.8	134	123.5	207.2	59.7	71.3	55.1	563.4	563	1011.2	1018.5
Sema4a	0	41.7	118.6	2.2	127.3	64.5	277.7	140	33.9	77.6	78.5	135.1	104.5	166.5	212.6	74.9	133.3	270.7	55.9	351.4	781.4	675.7	2515.5	2139.2
Pmf1	225.7	121.5	306.4	402.1	560.5	391.3	476.5	446.5	708.6	738.9	1088.1	1263.3	642.4	574.4	498.1	999.8	375.6	509.3	992.8	873.4	1421.9	1472	1284.9	1115.5
Iqgap3	56.7	76.8	119.3	156.5	469	451.7	357.6	244.8	781.5	329.3	581.8	507.3	280.1	360.2	96.1	196.3	256.8	487.5	361.4	383.5	898.3	978	409.3	330
Gpatch4	1554.9	1955.3	780.1	1217.1	1492.9	1103.8	945	1319.9	1501.3	865.5	1245.9	1741.1	1343.9	1235.4	1494.3	1094.9	1566.4	830.9	1145	615.6	443.2	477.6	412.7	417.4
Apoa1bp	681.4	854	1125.3	1050.9	627.7	833.4	745.2	891	595.6	937.6	783	806.1	643.2	876.6	990.4	931	886.8	714.5	1027.2	783.6	673.2	713.3	1024.6	978.4
Sh2d2a	0	0	0	0	0	0	0	0	0	0	0	17.9	0	0	37.9	0	0	0	17.8	37.2	144	169.1	0	0
Pear1	1116	1257.9	1704.8	1921.3	1140.4	1286.4	1192.7	1328.7	636.7	662.7	860.8	952	921	479	492.3	820.7	788.7	1018.6	785.9	699	395.5	440.8	10.7	83.5
Cd1d1	1185.3	809.4	1008.8	1112.8	391.8	762	950	1097.6	874.9	839.6	574.3	459.9	845.9	1020.4	892.8	1161.7	829.9	1542.5	936.9	628.4	253	307.7	315.4	298.9
Dclk2	55.6	122.2	81.9	70.6	30	181.2	151.8	71.5	146.8	125.2	55.3	110.9	46.3	47.7	51	59.7	123.6	30.6	85.6	70.5	89.1	84.6	8.7	5.8
Lrba	502.9	567.9	974.9	810.7	618.5	760.6	821.1	708.9	606.9	725.3	682	875	575.4	547.3	533	629.4	722	1015.7	751.4	584.8	152	103.4	45	38.2
Rps3a1	15548.9	13061.6	12828.2	11284.4	10358.6	10262.7	12750.5	8975.7	10547.2	10351.7	8769.2	10926.1	10682.9	11001.5	9494.4	9174.4	10658.6	10496	10521	13629.4	1804.7	1805.6	2687.9	2544.9
Sh3d19	46.2	201.2	102.4	117.4	87.9	114	97.9	60.7	122.2	74.8	53.8	52.8	242.6	99.8	75.7	86	3.6	43.7	38	84.6	59.7	37.6	393.2	486.6
Gatb	77.7	27.1	91.8	64.1	231.7	35.7	103.9	67.6	81.1	205.5	74	85	167.6	67.5	158.7	129.5	126	40.7	71.3	25.7	296.8	292.8	431.4	419.3
Fbxw7	1014.2	948.4	528.7	913.9	763.6	951.4	518.5	749	777.4	681.8	611.7	691.6	1012.7	600.1	480.6	528.2	732.9	561.7	920.2	502.8	370	390.7	165.7	166.3
Fmo5	232	68.1	241.4	315.1	104.4	119.4	92.9	79.3	47.2	102.1	41.1	25.9	53.5	135	30.6	37.4	225.3	110.6	69	139.8	97.1	129.2	112.7	98.4
Chd1l	407.4	715.7	655.1	792.2	616.3	696.1	691.3	890	1233.3	1081.8	1201	1444	774.1	815.7	809.8	1058.5	596	878.9	1118.8	759.3	837.1	808.8	686.4	919.5
Acp6	263.5	407.6	437	421.6	342.5	248.5	452.5	488.6	248.5	285.8	181.7	389.2	413.4	396.9	268	370.4	368.3	413.3	353.1	389.9	1104.4	1026.5	1011.2	975.1
Gpr89	100.8	166.1	152.5	158.7	347.5	35.7	113.9	111.6	149.9	285.8	263.2	337.3	237.8	147.5	295.7	159.9	82.4	157.2	209.3	236	356.5	357.8	685.1	693
Rnf115	983.7	716.4	927.6	1082.4	1043.2	1278.2	1109.8	1042.8	747.6	1237	1135.2	823.1	1109.3	1215.5	1533.6	1105.1	1206.6	1076.8	892.9	788.8	1501.5	1444.6	1521.8	1514.1
Polr3c	582.7	375.4	447.6	454.2	599.2	289.7	505.5	409.3	887.2	557.9	478.6	513.6	527.5	432.8	597.1	637.5	659	337.6	481.5	538.7	884	903.6	903.1	1032.1
Pias3	479.8	452.2	755.3	696.6	580.6	546.4	463.5	489.6	288.6	579.7	607.2	851.8	395	426.2	534.5	521.2	491.9	442.4	646.8	522	192.6	226.3	65.1	50.5
Pex11b	278.2	254.7	573.2	658.5	664.9	433.8	787.2	571.8	687	766.1	1082.9	700.6	455.7	338.2	761.7	816.6	540.3	368.2	461.3	415.5	377.2	346.9	467.7	427.1
Polr3gl	224.7	261.2	206.1	191.3	179.5	86.5	153.8	165.5	102.7	74.8	364.9	161.9	129.3	217.1	164.6	354.2	153.9	238.6	178.3	127	99.5	100.2	77.8	44
Rprd2	1026.8	1143	1096.3	1334.5	1272.7	1175.2	685.3	1212.2	1008.4	989.3	1287.8	835.7	925	1007.9	940.8	1128.3	1041.9	1056.4	1022.5	924.7	342.2	263.1	182.5	187.7
Tars2	364.3	488.8	231.5	165.2	346.8	392.7	547.4	464.1	693.1	340.2	406.8	411.6	371.1	287.6	324.8	404.8	272.6	497.7	450.6	282.2	1135.5	1165.9	1451.3	1367.3
Ecm1	110.2	151.5	52.9	20.6	35	5.5	112.9	26.4	25.7	9.5	34.4	41.2	1.6	18.3	7.3	4	1.2	0	14.3	28.2	33.4	44.6	34.2	48.5
Ctsk	8.4	0	7.1	0	82.2	0	748.2	66.6	0	0	0	46.5	0	0.7	27.7	0	0	0	0	411.7	0	0	0	0
Mettl14	951.2	876.7	928.3	991.1	659.2	1131.3	888.1	1175.9	1010.5	1092.7	1096.3	853.5	931.3	796.7	1009.3	1059.5	1106.1	749.4	925	1113.2	617.5	634.2	577	436.1
Bcar3	15.7	59.3	29.6	12	0	0	0	44.1	0	0	0	0	0	0	0	0	9.7	0	0	0	112.2	101	0	1.9
Gclm	1053	911.1	1045.5	1076.9	1313.4	1525.3	1466.4	1504.9	1728.2	1547.2	1103.8	1572	1301.6	1770.9	1762.3	1195.1	905	784.3	839.4	1042.7	611.1	668.7	1845.9	1754.2
Pip5k1a	1498.2	1869	1592.6	2088.7	1344.9	1194.5	1164.8	1329.7	1594.8	1349.9	1946.6	1621.2	1441.3	1740.8	1634.1	1808.4	1600.4	1143.7	1587.2	1147.9	436	450.2	393.2	300.2
Abcd3	469.3	677.6	829.5	704.2	578.4	1043.4	929	862.6	783.5	915.8	1094.8	874.1	841.2	914.8	840.4	738.7	740.2	624.3	770.4	778.5	484.6	499.6	1195.7	1130.4
Tmem56	21	113.4	100.9	265.2	0	87.9	54.9	40.1	0	34	17.2	2.7	0	0	4.4	0	17	0	0	132.1	0	3.1	0.7	3.9
Rwdd3	381.1	274.4	202.6	464	171.6	190.8	111.9	212.5	119.1	118.4	48.6	94.8	154.8	116.6	155.8	164.9	356.2	181.9	212.8	218	34.2	32.9	36.2	33.6
Ptbp2	878.8	629.3	607.1	892.2	747.9	950.1	751.2	771.6	745.5	557.9	711.9	483.1	1054.2	822.3	776.3	953.3	827.4	785.8	1040.3	407.8	102.6	122.9	51	18.8
Snx27	702.4	826.2	804.1	800.9	1104.6	1302.9	633.3	828.3	1003.3	804.2	715.7	680.9	1177.1	983.7	888.4	643.6	903.8	1124.8	542.2	774.6	526	498.8	537.5	687.8
Adh5	1239.9	1049.4	929.7	537.9	1183.3	1927.6	1188.7	1018.3	1081.3	1013.8	765	380.2	1129.3	1196.5	1574.4	904.7	1301.1	1117.6	1014.2	1106.8	2379.1	2439.8	2238.4	2181.9
Mrpl9	423.1	479.3	201.9	197.8	275.3	223.8	248.7	156.7	241.3	310.3	136.9	126.2	213.1	318.4	257.8	180.1	386.5	334.7	279.4	301.4	593.6	533.2	469	480.8
Them4	133.3	152.9	89.7	122.8	100.8	135.9	57.9	82.2	161.2	20.4	68.8	76.9	73.4	85.8	91.8	43.5	81.2	13.1	98.7	61.6	74	61.1	110	87.4
Rap1gds1	1085.6	668.9	1027.1	980.2	1177.6	734.5	877.1	1427.6	445.7	1194.8	1093.3	864.3	778.1	851.7	965.6	1389.4	820.2	1001.1	940.5	1047.8	544.3	577.1	901.8	1030.8
Tspan5	144.9	224.7	327.6	392.3	253.8	398.2	300.7	236	202.3	317.1	273	175.4	648	247.2	256.3	299.5	416.7	641.7	324.6	343.7	544.3	530.9	1574.8	1644.9
Eif4e	1306.1	1513.3	1807.9	1803.9	1914	1828.7	2404.5	2383.2	2509.7	3210.2	2427.5	3188.7	1707.9	2078.2	2875	2382.1	1761.5	2037.2	1980.8	1809.6	1055.9	1064.9	1790.2	1742.6
Mttp	421	178.6	318.4	322.8	47.9	50.8	66.9	140	62.6	24.5	111.4	94.8	190.7	74.8	85.9	63.8	80	112	102.2	52.6	120.2	90.8	32.9	18.1
Dapp1	6109.3	5635.5	6234.1	6029.1	6741.5	6719.1	7287.3	7061.5	6914	7766.2	9857.3	10653.2	7206.5	7619.7	6964.6	8449.8	5253	5024.6	6507.1	3666.8	1229.4	1226.2	1713.7	1980
Ppp3ca	5295.6	5762.8	4651.4	5614	3736.5	4302.8	4761	4695	3046.8	3724.5	2097.7	2666.2	4333.5	4397.8	5040.7	3488.2	5309.9	6875.6	4501.3	5122.4	1850	1733.6	1643.2	1692.7
Nfkb1	2793.8	2111.2	2288.6	1869.1	2291.5	2734.9	3867.9	2729.8	4555.3	2792.4	1199.5	761.4	2398.2	3590.2	3019.2	1230.5	2856.7	2965.6	1495.7	2245.7	2263.8	2314.6	1718.4	1747.1
Manba	307.6	154.4	64.2	103.2	90.1	108.5	335.6	113.6	94.5	176.9	26.2	63.5	72.6	201	205.4	52.6	162.3	132.4	22.6	146.2	772.6	761.1	1439.2	1641.6
Cisd2	2444.1	2482.9	2411.5	2829.8	2871.3	2301	2811	2807.2	2730.5	2665.8	2448.4	1654.3	2182.7	1978.5	2489	2169.6	2447.2	2491.2	2348.2	1730.1	1011.3	1032.8	1663.4	1413.2
Bdh2	374.8	169.8	160.2	248.9	123.7	156.5	61.9	90.1	156.1	36.7	18.7	29.5	59.9	28.6	23.3	72.9	6.1	58.2	71.3	33.3	3.2	2.3	0	5.8
Wls	1981.1	2098	2535	2326.7	1906.1	2172	2349.5	1708.6	1028.9	1251.9	1099.3	1019.1	1613.7	1794.3	1332.6	1216.4	1283	1388.2	1052.2	870.8	413.8	445.5	2714.1	2820.6
Depdc1a	0	0	22.6	16.3	47.2	146.9	2	7.8	41.1	191.9	38.9	59.1	14.4	33.7	14.6	44.5	152.6	138.2	46.4	29.5	78	83	30.2	17.5
Zranb2	5005.9	5443.8	4083.8	4684.8	4465.7	4578.7	4606.1	4839.9	4224.6	5554.8	5339.6	5728.8	3960.8	3660.6	4286.2	4962.6	3680.5	4139.9	4510.9	3179.4	1184	1237.9	1680.8	1508.3
Adgrl2	631	835.7	846.4	1004.1	809.4	847.1	1019.9	1103.5	1135.7	1413.9	1217.5	1414.5	313.6	926.5	656.8	817.7	278.6	266.3	292.5	261.6	427.3	342.2	222.1	116.5
Rpf1	707.6	431.8	418.6	591.2	647.1	579.4	581.4	653.1	722.9	695.4	652.9	610.2	1133.3	688.1	438.4	403.8	660.3	745	558.8	529.7	770.2	820.6	1097	1039.2
Spata1	337	128.1	231.5	206.5	255.2	292.4	276.7	176.2	86.3	68	198.9	43.8	59.9	86.6	67	116.4	77.5	103.3	128.4	110.3	17.5	21.9	11.4	11.6
Ctbs	153.3	106.1	89.7	157.6	92.9	97.5	92.9	52.9	0	32.7	64.3	0	71	60.2	46.6	21.3	155.1	88.8	32.1	107.7	115.4	93.2	202	197.4
Bcl10	477.7	480.1	596.5	627	428.3	880.1	755.2	540.5	513.4	548.4	274.5	227.3	618.5	479.8	610.2	508	473.7	742.1	668.2	441.2	1106.8	994.4	1113.2	1003.6
Cryz	103.9	252.5	210.4	265.2	223.1	223.8	284.7	155.7	55.5	239.5	209.4	306.9	160.4	208.3	125.3	207.5	88.4	231.4	200.9	266.8	54.1	37.6	127.5	151.4
Asph	655.1	855.5	641	848.7	938	400.9	421.6	415.2	888.3	809.7	1225	693.4	344.8	554.6	447.1	732.7	823.8	472.9	557.6	242.4	766.3	706.3	334.8	435.5
Trp53inp1	508.1	180	237.2	163	160.2	369.3	462.5	205.6	336.8	230	136.9	271.1	735.8	526	436.9	180.1	654.2	640.3	273.5	446.3	1005.8	890.3	71.8	97.7
Ccne2	45.1	143.4	100.9	118.5	412.5	394	283.7	383.8	526.8	673.6	324.6	120.8	498.8	212.7	573.8	323.8	275	395.8	252.1	516.9	635.8	669.5	1370.8	1507
Gem	327.6	360.8	162.4	126.1	166.6	164.8	152.8	23.5	99.6	0	64.3	0	68.6	27.1	87.4	76.9	193.8	500.6	173.6	164.2	414.6	431.4	10.7	3.9
Fam92a	231	479.3	390.4	440.1	251	357	466.5	411.2	403.6	341.6	321.6	410.7	177.2	311	356.8	318.8	574.2	374	153.4	287.3	401.8	358.6	489.1	482.1
Tmem55a	249.9	478.6	565.5	470.5	555.5	428.4	344.6	366.2	337.8	306.2	281.9	136	538.7	289.8	544.7	316.7	233.8	222.6	413.8	233.4	304	258.4	738.1	705.3
Decr1	699.2	601.5	384	372.7	449.7	547.8	345.6	340.7	465.2	443.6	362.7	641.5	649.6	677.8	447.1	346.1	453.1	180.4	305.6	354	331	316.3	636.8	597.2
Nbn	385.3	794	538.6	343.4	303.1	308.9	805.1	549.3	784.5	468.1	568.4	434.8	399.8	390.3	639.4	429.1	434.9	611.2	347.2	500.2	514	563.8	679.7	527.4
Mmp16	96.6	354.9	64.2	122.8	103	111.2	35	16.6	26.7	0	0	0	0	0	0	1	0	0	0	0	0	2.3	0	0
Cpne3	2807.4	2611	3202.1	3043.9	2857.8	2785.7	3911.9	3763.8	2737.7	3027.8	2357.9	1993.4	3248.9	3684.1	4063.4	3190.7	2851.8	3653.9	3308.8	2338.1	972.3	927.9	1721.7	1530.3
Rmdn1	153.3	450	189.2	468.4	127.3	395.4	330.6	225.2	39	276.2	198.2	118.1	299.3	181.2	199.5	204.4	162.3	235.7	243.7	97.5	43	61.1	141.6	111.3
Tmem68	298.2	287.6	432.7	404.3	508.3	284.2	269.7	339.8	446.7	518.5	429.3	211.1	423	327.2	406.3	551.5	261.7	248.8	418.5	253.9	206.9	245.9	527.4	434.2
Tgs1	1427.8	1842.6	1555.9	1558.3	2265	1841.1	1954.9	2014.1	2129.8	2363.7	2939.8	2130.3	2189.9	1383.5	2135.1	1948	1722.7	2694.9	1968.9	1744.2	619.9	677.3	720.6	762.2
Rps20	27247.8	24200.9	25680.5	23995.7	23974.6	23916.5	23563	17444.3	27894.3	20390.4	26855.8	33484.2	28905.1	25541.9	19352.9	30232.1	27580.5	23061.2	29161.2	28638.9	709	597.4	686.4	632.8
Ubxn2b	297.1	346.1	355.8	344.5	316	376.2	508.5	288.8	602.8	364.7	257.3	179.8	300.1	175.3	387.4	302.6	391.3	167.3	237.8	289.9	198.9	201.2	269.1	306.1
Nsmaf	1890.9	1408	1634.9	2009.3	1235.5	1252.1	990	1231.8	1219.9	1106.3	1045.5	1020.9	1354.3	1598.5	1249.6	1242.7	1118.2	1041.9	1222.2	1271	1721.9	1742.2	1636.5	1395.1
Coq3	91.3	108.3	158.1	125	128.7	168.9	289.7	178.2	181.8	238.1	224.4	204	91.8	259	209.7	113.3	93.3	164.4	61.8	62.8	114.6	160.5	356.3	300.2
Pnisr	12269	10274.3	6673.9	8513.3	6104.5	5714.2	5688	7065.4	5519.5	5651.5	5708.3	5551.6	7178.6	4799.8	6029.6	4301.8	6589.2	5803.1	6421.5	4570.9	698.6	626.4	206.7	286.7
Sdcbp	8784.4	8547.3	7541.5	6991.9	5367.3	6097.2	6205.4	6485.8	5472.3	6427.1	5569.9	4606.8	6086	6305.1	6497.1	5481.8	4346.8	5544.1	4217.2	5258.4	5408.4	5469.3	8738.1	8769.1
Tstd3	33.6	30.7	10.6	30.4	21.4	22	72.9	33.3	87.3	145.6	123.4	51	0	27.9	40.8	8.1	10.9	52.4	34.5	73.1	57.3	25.8	192.6	166.9
Ccnc	475.6	463.2	288	301	189.5	433.8	238.7	333.9	261.9	262.6	119.7	136	357.5	274.4	393.2	325.8	583.9	165.9	202.1	192.4	393.9	353.1	701.8	726.7
Odf2l	344.4	381.3	280.3	119.5	426.1	234.8	136.9	171.3	261.9	355.2	210.9	158.4	567.4	312.5	228.7	148.8	567	123.7	338.8	135.9	162.3	161.3	138.2	126.2
Ndufaf4	573.2	742	575.3	865	907.3	763.4	441.5	839.1	1190.2	894.1	863.8	1211.4	938.5	917	1187	601.1	1058.8	1001.1	627.8	656.7	335.8	371.1	812.6	782.3
Lmo4	1548.6	1265.3	1662.5	1600.7	1359.2	1204.1	1628.3	1710.6	1759.1	1739.1	1456.8	2031.9	2782.9	2883.7	2695.8	2597.7	1945.6	1674.9	2224.5	2344.5	474.2	379	595.2	577.8
Gbp3	667.7	539.3	371.3	540.1	201.6	245.8	545.4	267.3	21.6	310.3	23.2	258.6	360.7	474.6	326.2	194.3	397.4	506.4	375.7	287.3	501.3	610.7	1362.8	1415.1
Gbp2	608.9	484.4	1082.9	671.6	438.3	502.5	978	474.9	187.9	472.2	259.5	593.2	526.7	102	476.2	390.6	371.9	344.9	514.8	260.4	152.8	156.6	146.3	75.7
Gtf2b	762.2	628.6	705.2	653.1	440.4	594.5	1016.9	799	1087.5	1155.3	661.8	326.6	654.4	1038.8	1364.7	349.1	936.5	909.5	581.4	623.3	953.3	984.2	949.4	862.5
Pdlim5	255.1	425.2	299.3	251	302.4	243	182.8	353.5	219.8	519.8	302.1	153.9	221.9	176.1	155.8	224.7	139.3	163	252.1	214.2	306.3	253.7	389.2	548.7
Rngtt	287.7	300.8	393.2	389	315.3	216.9	254.7	367.2	613.1	577	465.9	680.9	557	565.6	407.8	465.5	425.2	390	386.4	323.2	669.2	656.9	771	700.8
Ube2j1	200.5	221	417.9	579.2	296.7	405	886.1	554.2	317.3	627.3	416.5	687.1	516.3	316.9	524.3	400.7	577.9	452.6	369.8	469.4	1782.4	1616.9	2128.3	1976.8
Rragd	0	0	25.4	0	0	0	4	0	0	2.7	0	0	0	0	0	0	2.4	0	0	48.7	86.7	72.8	0	0
Casp8ap2	932.3	893.5	674.2	786.8	1005.3	1164.2	751.2	984	1015.6	1237	1133	1061.1	1459.7	1164.2	1191.4	1109.1	1558	1257.3	877.4	869.6	674.8	681.2	677	590.8
Map3k7	404.2	507.1	387.6	635.7	499.8	587.6	851.1	726.5	682.9	743	582.6	739	661.6	753.4	834.5	805.5	703.9	838.2	765.7	610.5	863.3	876.2	785	737
Epha7	1	40.2	29.6	47.8	15.7	82.4	0	35.2	0	157.9	64.3	0	255.4	341.8	285.5	101.2	275	327.4	230.7	203.9	24.7	7	90.6	115.2
Akirin2	1922.3	1736.5	2056.4	1461.6	1452.1	1363.3	1284.6	1805.5	1244.6	1397.6	1208.5	982.4	1404.6	1354.2	1433.1	1128.3	1933.5	1184.5	1216.3	1105.5	612.7	602.9	561.6	502.1
Rars2	493.4	515.9	648	324.9	542.7	597.2	483.5	494.5	592.5	676.3	488.3	548.5	583.4	683	552	410.9	330.7	545.7	392.4	309.1	589.6	613.9	951.4	946
Slc35a1	1034.1	548.8	1091.4	1068.2	1033.1	639.8	1152.8	956.6	659.3	949.8	628.9	476	729.4	861.2	627.7	1000.8	573	739.2	736	416.8	292	330.4	508.6	562.3
Smim8	220.5	217.3	247.1	215.2	240.2	293.8	309.7	106.7	129.4	205.5	173.5	261.3	147.6	143	132.5	197.3	167.2	237.2	247.3	284.7	232.3	224.7	142.2	144.3
3110043O21Rik	217.3	164.7	354.4	389	263.8	100.2	50.9	171.3	133.5	148.3	292.4	143.2	60.7	18.3	104.9	169	104.2	215.4	183.1	150.1	33.4	47.8	21.5	46.6
Rnf20	2277.2	2049.7	1831.2	1593.1	1980.5	1729.9	1504.4	1752.7	1451	1434.3	2014.7	1682.9	1438.1	1726.9	1399.6	1591.8	1405.3	1303.8	1295.9	1627.5	783	685.9	489.1	602.4
Smc2	1325	1492.1	1049.7	1409.5	3474.1	3117.9	2307.6	2663.2	4984.5	4297.4	3930.7	2819.2	3798	3617.3	2758.5	2586.6	4190.5	3351.2	3275.5	2701	2405.4	2412.4	1283.6	1383.4
Polr1e	69.3	158.8	84	76.1	136.6	97.5	104.9	252.6	159.2	123.8	55.3	235.3	63	89.5	122.3	137.6	245.9	71.3	73.7	197.5	454.3	456.5	643.5	709.2
Exosc3	316	254.7	231.5	135.8	341	271.8	475.5	242.8	285.5	357.9	111.4	17	178	501	706.4	164.9	208.4	321.6	167.6	359.1	886.4	956.8	1466.1	1369.2
Xpa	884	564.2	487.8	456.4	259.5	378.9	617.3	462.2	842	313	450.9	391.9	350.4	151.1	292.7	495.9	432.5	429.3	500.5	479.7	113.8	104.9	142.2	117.1
Ncbp1	602.6	937.4	991.8	791.1	1121.8	1558.3	1358.6	1378.6	1405.8	1622.1	1500.2	1662.4	1387	1596.3	1498.7	1014	982.5	1055	1443.4	1262	1971.7	2035.8	2868.4	2636.8
Trmo	149.1	83.4	31.1	48.9	92.9	127.7	111.9	112.6	157.1	112.9	10.5	34.9	162.8	78.5	101.9	56.7	118.7	104.8	60.6	35.9	183.8	241.9	259	267.2
Hemgn	1159.1	1058.9	780.1	736.8	2146.4	2170.6	1689.2	1255.3	2955.4	2125.6	1600.4	1879.8	1229	1307.2	955.4	834.9	479.7	593.7	347.2	528.4	101.1	129.2	42.9	34.3
Anp32b	14373	13543.2	11950.1	12636.3	16089.8	17430.8	17140.8	15751.4	20448.4	20046.1	24304.1	33951.3	16741.8	18671.9	18736.9	21130.6	17121.8	16839	19164.6	11777.5	4737.6	4687.8	4725	5120.3
Nans	376.9	438.3	365	209.7	615.6	679.6	476.5	324.1	588.4	617.8	738.1	1131.8	305.7	459.2	447.1	548.5	318.6	590.8	269.9	663.1	914.3	949.8	1578.8	1505.7
Coro2a	1739.7	2533.4	2756	2783.1	2039.8	2332.6	2972.9	2709.3	1117.3	2011.3	1358.8	1190	2124.5	1399.7	2258.9	2127.1	2871.2	4244.7	2983.1	2910.1	4076.4	4040.3	881	913
Erp44	399	507.1	507.6	467.3	750	376.2	836.1	595.3	768.1	626	444.2	560.1	586.6	675.6	645.2	679	398.6	640.3	549.3	832.4	1530.9	1400.8	3451.5	3284.5
Invs	467.2	307.4	341	335.8	360.3	358.3	174.8	227.2	85.2	126.6	146.6	178	296.1	104.2	198.1	203.4	191.4	164.4	253.2	107.7	125.7	144.1	149	131.4
Tex10	460.9	761.1	547.8	589	518.4	661.8	467.5	522.9	644.9	511.7	644.6	799.9	759	402.7	544.7	714.4	926.8	484.6	661.1	675.9	962	882.4	1223.9	1390.6
Fmn2	52.5	76.8	70.6	166.3	220.2	34.3	38	103.8	55.5	16.3	69.5	25.9	0	41.8	11.7	65.8	10.9	0	2.4	29.5	23.9	11	0	0
Zfp618	216.3	171.2	140.5	206.5	59.3	98.9	68.9	84.2	33.9	40.8	0	29.5	17.6	1.5	26.2	41.5	167.2	72.8	90.4	109	28.6	24.3	6.7	3.9
Txn1	4827.4	4637.3	6433.9	5514	7207.7	7479.7	10621.7	6656.2	8230.5	7983.9	5780.1	4189.9	6375.7	7278.6	8919.1	7094.8	6470.5	6040.3	5280.1	5940.7	2325	2445.3	3502.5	2834.2
Ptgr1	405.3	172	125	96.7	81.5	174.4	195.8	143.9	254.7	258.6	125.6	408	444.5	444.6	396.1	337	207.2	170.3	96.3	265.5	483.8	483.9	2269.9	1982.6
Ugcg	858.8	905.2	687.6	740.1	587.7	888.3	980	728.5	1911	1767.7	741.9	305.1	772.5	740.9	852	313.7	1080.6	868.7	321	761.8	1051.1	1065.7	883	933.1
Ptbp3	4756	5176.7	4401.5	4461	5553.2	5493.1	6173.5	6679.7	9149.6	10116.3	8064.7	8925.5	6800.3	7988	7710.3	6331.8	7062.9	7620.6	5880.5	6404.9	4698.6	4531.2	4886.7	5419.2
Hsdl2	445.2	270.8	300	299.9	308.9	451.7	348.6	304.5	213.6	317.1	276	232.6	254.6	349.2	228.7	189.2	267.7	253.2	162.9	241.1	590.4	561.4	1448	1697.3
Snx30	642.5	998.2	582.4	800.9	717.1	623.3	1103.8	1206.3	1344.2	1081.8	1085.9	1183.7	795.7	1108.4	1181.2	986.7	1419.9	1782.6	1510	1273.6	1308.1	1248.9	384.5	271.8
Wdr31	65.1	94.4	98.8	29.3	85.8	50.8	79.9	60.7	127.3	25.9	73.3	0.9	6.4	19.1	186.4	47.6	182.9	202.3	55.9	92.3	71.6	45.4	23.5	41.4
Alad	397.9	163.9	273.2	192.3	461.2	270.5	410.6	336.8	476.5	526.6	486.8	477.8	610.5	465.8	327.7	422	266.5	176.1	302	488.6	867.3	888.7	787.7	654.8
Pole3	980.6	1091.8	1164.1	1166	1281.2	885.5	1609.3	1372.7	1315.4	1816.7	1889	2371	979.2	1164.9	1692.4	2032	1416.2	1127.7	1751.3	1572.4	1121.9	1126.7	1322.5	1275.4
Kdm4c	315	354.2	173	211.9	271.7	205.9	227.8	229.1	263.9	159.2	162.3	59.9	56.7	279.5	160.2	67.8	226.5	221.2	103.4	196.2	432.1	420.5	392.5	414.1
Tmem261	602.6	338.1	487.8	376	369.6	532.7	528.4	319.2	808.2	583.8	640.9	284.5	193.1	386.6	176.2	440.2	505.2	426.4	386.4	578.4	541.1	572.4	807.2	759
Mpdz	352.8	367.4	190.6	520.5	238.1	255.4	253.7	306.5	8.2	114.3	74.8	24.2	163.6	58	65.5	0	38.8	68.4	22.6	33.3	9.5	1.6	6.7	0
Zdhhc21	979.5	1375.8	1329.3	1484.5	1599.4	1942.7	1360.6	1572.5	1351.4	1613.9	1301.2	1366.2	1703.9	1351.3	1463.7	1404.6	1441.7	1744.7	1230.6	931.1	424.1	365.7	573.7	586.9
Aco1	123.9	229.8	223.8	315.1	173.7	212.8	289.7	424.9	232.1	370.1	345.5	150.3	271.3	215.7	231.6	258	190.2	340.5	256.8	293.7	625.4	595.1	796.4	1070.3
Toporsos	648.8	443.5	975.6	930.2	366.1	560.2	971	546.4	469.3	421.9	631.9	1127.3	419.8	316.2	509.7	631.5	391.3	647.5	648	545.1	83.5	81.4	71.1	65.4
Smu1	858.8	868.6	1267.2	1311.7	1050.3	1164.2	921	1167.1	1014.6	1487.4	1883.8	1328.6	907.4	1402.6	1437.5	1667.7	1148.5	1388.2	1249.6	1367.2	2460.3	2350.6	2916.1	2761
Dnaja1	3159.1	2504.9	3505.7	3190.6	3366.8	2375.2	3564.2	4313.1	3412.3	4177.7	3482.7	3725.5	3543.4	3073	5055.2	3992.2	3357	4253.4	3653.6	4284.9	763.9	753.2	916.6	876.1
Aptx	359.1	230.5	230.1	357.5	183	142.8	285.7	273.2	214.6	242.2	340.3	229	122.1	250.9	228.7	215.5	186.6	244.5	129.6	151.3	276.9	297.5	239.5	238.1
Slc44a1	96.6	199	178.6	97.8	248.1	256.7	239.7	71.5	254.7	225.9	129.4	64.4	38.3	80	125.3	67.8	56.9	116.4	83.2	129.5	1075.8	1079	142.2	102.2
B4galt1	1032	1139.4	1037.7	986.7	1123.9	1355.1	1211.7	926.3	1316.5	1056	1773.1	1829.7	1009.6	1264	1171	1432.9	1440.4	1474.1	1431.5	1345.4	1690.1	1605.9	2734.9	2858.8
Fktn	248.8	287.6	362.1	478.2	194.5	252.6	286.7	384.8	295.7	304.8	341.8	206.7	454.9	247.2	195.2	250	307.7	107.7	215.2	174.4	96.3	125.3	98.6	146.9
Bag1	838.9	870.8	646.6	852	845.1	823.8	697.3	691.3	1323.7	767.5	913.1	1534.4	1098.1	1338.1	1147.7	1059.5	1104.9	829.4	1312.6	1464.6	2329.8	2256.6	3800.4	3774.4
Chmp5	1165.4	1195.7	1507.9	1251.9	1221.2	1039.3	1001.9	1428.6	1345.2	1313.2	1099.3	1303.6	1390.2	955.1	1021	1007.9	1287.8	1286.4	1231.7	1104.3	589.6	683.6	685.1	595.3
Tmem38b	228.9	162.5	151.8	90.2	110.1	126.3	188.8	102.8	25.7	39.5	15	37.6	92.6	206.9	123.8	108.3	53.3	101.9	69	70.5	95.5	90.8	738.1	780.4
Nfx1	1185.3	1175.2	1267.2	1084.5	1460	1217.8	1022.9	1146.6	1268.2	1405.7	1210	876.8	1692.7	1269.1	1318.1	1028.1	1410.2	756.7	1145	935	1463.3	1357.7	1643.9	1724.4
Rad23b	2127.1	2523.2	2309.8	2240.8	3059.4	2788.4	2797	2531.1	2506.6	2689	2469.4	2904.2	2476.4	2497.1	3097.8	2384.2	1917.8	2003.7	2352.9	1787.8	1029.6	932.6	807.2	757.1
Nol6	401.1	466.9	397.4	382.5	303.1	211.4	385.6	508.2	378.9	313	371.7	414.2	390.3	267.8	302.9	333.9	278.6	308.5	332.9	597.7	1814.2	1925.4	1687.5	1694
Ikbkap	408.4	650.6	643.8	1131.3	857.3	635.7	572.4	722.6	861.6	771.6	821.1	573.5	656.8	714.5	672.9	734.7	919.5	481.7	718.1	910.6	1183.2	1086	1150.1	1255.3
Ubap2	2167	1789.9	1824.1	1861.5	2425.9	2250.2	1424.5	1851.5	2292	2097	2829.1	3064.4	2461.2	2478.8	2085.6	2599.7	1978.3	2146.3	2187.7	1826.3	2542.3	2522.8	1654	1529
Epb41l4b	2404.2	2530.5	2741.8	2779.8	1640.9	1624.2	1670.2	1535.3	547.3	567.5	474.1	432.1	557	383.7	553.4	598.1	1263.6	1571.6	1399.4	1018.3	1558.8	1516.7	73.8	26.5
Dcaf12	688.7	535.7	826.6	680.3	526.9	1011.9	761.2	820.5	492.9	892.7	851.8	1359.1	791.7	1225.1	837.4	1190.1	810.5	1194.7	1204.4	1041.4	2574.1	2519.7	2226.3	2498.3
Ubap1	290.8	415.7	459.6	340.1	369.6	249.9	656.3	308.4	302.9	187.8	311.9	324.8	377.5	352.9	467.5	270.2	335.6	408.9	387.6	220.6	669.2	741.5	681.7	755.1
Kif24	0	83.4	16.2	47.8	97.2	74.1	101.9	32.3	199.2	126.6	82.3	97.5	8	103.4	59.7	111.3	151.4	13.1	165.3	70.5	261	235.7	85.9	78.3
Fam219a	253	204.9	189.2	252.1	180.2	160.6	48.9	95	8.2	81.6	46.4	78.7	21.5	95.4	69.9	111.3	99.3	26.2	116.5	68	24.7	33.7	8.1	11
Nudt2	139.6	164.7	41.7	67.4	107.2	81	161.8	59.7	88.3	244.9	46.4	3.6	82.2	36.7	29.1	45.5	112.7	104.8	39.2	94.9	188.6	170.7	288.5	271.8
Enho	34.6	32.9	72.7	25	29.3	41.2	27	3.9	0	0	0	0	12	30.8	5.8	31.4	4.8	33.5	39.2	55.1	96.3	65.8	0	0
Dctn3	408.4	246.6	253.4	473.8	530.5	407.8	537.4	380.9	577.1	332	554.2	623.6	615.3	382.9	330.6	498.9	478.5	519.5	447	586.1	728.9	735.2	719.3	768.1
Vcp	9449	9819.1	10584.8	9274	8573.3	8251.3	9178.3	10279.9	8455.4	9393.7	11708.2	13735.5	8935.9	9598.9	10263.4	11731.6	8790.5	8605.8	10088.2	9222.7	1347.9	1323.3	1722.4	1815
Fancg	229.9	181.5	335.3	274.9	443.3	402.3	393.6	520.9	377.9	487.2	373.2	365.9	182.8	141.6	342.3	470.6	510	296.9	363.8	233.4	543.5	430.7	709.2	630.2
Pigo	182.7	121.5	77.7	226	56.5	30.2	69.9	183.1	282.4	98	241.6	95.7	143.7	132	167.5	181.1	133.3	164.4	133.2	306.5	455.9	479.2	452.9	456.2
Stoml2	719.2	449.3	249.2	301	388.9	464.1	417.6	509.2	656.2	640.9	311.9	556.5	505.2	559.7	418	442.2	437.3	299.8	414.9	525.8	1270.7	1314.7	1788.8	1805.3
Unc13b	47.2	85.6	91.8	328.2	9.3	49.4	0	29.4	72.9	6.8	53.1	0.9	60.7	0	0	0	0	0	0	0	0	3.1	0	1.3
Atp8b5	70.3	97.3	110.1	64.1	7.1	229.3	139.9	55.8	228	12.2	104	0	0	83.6	48.1	39.5	69.1	2.9	4.8	12.8	0.8	3.1	0	6.5
Tesk1	99.7	151.5	125.7	358.6	44.3	116.7	74.9	183.1	103.7	159.2	133.9	144	436.5	163.6	62.6	142.7	129.6	324.5	126	159	467.1	442.4	156.3	110
Cd72	215.2	93.7	149.7	130.4	359.6	94.7	345.6	239.9	134.5	257.2	131.6	156.6	356.7	390.3	460.2	195.3	627.5	567.5	368.6	715.7	1192	1253.6	75.8	67.9
Sit1	0	0	0	0	0	0	0	0	0	1.4	0	0	0	0	21.8	0	0	0	0	0	175.1	198.1	0	0
Ccdc107	289.8	161	146.1	125	272.4	185.3	100.9	128.3	46.2	266.7	188.5	210.3	273.7	209.1	192.2	131.6	418	106.2	147.4	161.6	581.7	517.6	378.4	339.7
Car9	151.2	120.7	75.5	44.6	87.2	22	169.8	127.3	261.9	119.8	47.9	48.3	99.8	51.4	81.6	93.1	155.1	62.6	112.9	32.1	116.2	100.2	214.7	282.1
Tpm2	116.5	49	127.1	96.7	57.9	119.4	132.9	151.8	145.8	96.6	127.9	45.6	149.2	6.6	144.2	129.5	139.3	125.1	142.7	234.7	358.9	360.2	22.8	22.6
Tln1	4083	4930	4166.4	4503.3	4917.6	4792.9	4325.4	5285.4	4841.8	4610.4	6445.7	8785.1	4753.3	4202.7	3593	4454.6	3879.2	4043.9	4094.7	4107.9	8032.6	8821.3	3595.1	3831.3
Creb3	123.9	116.4	165.9	100	166.6	30.2	65.9	142	218.7	61.2	115.2	58.2	56.7	63.1	177.7	242.9	172	74.2	91.5	198.8	692.3	594.3	471.7	390.2
Gba2	370.6	244.4	336.7	229.3	419	115.3	306.7	117.5	196.1	95.3	255	416.9	128.5	135.7	192.2	210.5	128.4	128.1	200.9	242.4	499.7	581	434.1	423.2
Rgp1	953.3	995.2	921.9	937.8	853.7	417.4	600.4	588.5	703.4	640.9	633.4	337.3	960.1	785.7	632.1	501.9	588.8	713	680.1	600.2	187.8	191.8	79.2	122.3
Npr2	270.9	297.1	158.8	144.5	40.8	59	60.9	79.3	0	53.1	65.8	0	67.8	12.5	2.9	1	36.3	46.6	27.3	89.8	34.2	25.1	18.1	19.4
Hint2	744.4	378.3	825.9	871.5	574.8	501.1	593.4	548.3	399.5	597.4	694.7	867.9	424.6	413	238.9	500.9	501.6	608.3	449.4	291.1	285.7	258.4	344.9	272.4
Reck	67.2	87.1	67.1	86.9	28.6	22	2	45	17.5	74.8	0	0	0	0	21.8	15.2	20.6	0	1.2	7.7	69.2	95.5	34.2	52.4
Clta	2220.5	2781.5	2131.9	2453.8	2227.9	2559.1	1970.9	1983.7	2683.3	2616.8	2656.3	3272.8	3095.7	3137.5	2491.9	3135	2820.3	2716.8	2883.2	3147.3	1833.3	1842.4	2518.2	2368.3
Gne	312.9	225.4	312	289.1	238.8	424.2	383.6	315.3	480.6	415	449.5	249.6	307.3	153.3	375.8	303.6	443.4	189.2	392.4	243.7	1323.3	1262.2	1671.4	1596.3
Glipr2	219.4	428.1	243.5	140.2	256	314.4	178.8	243.8	107.8	122.5	71.8	204.9	101.4	142.3	317.5	94.1	126	289.6	328.1	359.1	723.3	700	532.1	471.1
Snapc3	532.3	466.1	383.3	347.7	238.1	388.5	313.7	244.8	410.8	213.6	90.5	103.8	274.5	284.6	314.6	226.7	541.5	375.4	151	216.7	180.6	180.1	140.2	161.1
Psip1	4808.5	4517.3	3157.6	3091.7	4783.9	5410.7	4078.7	5165.9	5887.1	5905.9	4389.8	4301.7	5046.2	3866.7	5157.2	4074.1	5232.4	4518.2	3751.1	4088.7	2044.2	1922.3	1207.8	1113
Plin2	442	395.9	396.7	576	413.3	221	263.7	330.9	302.9	419.1	521.2	942.1	473.3	371.9	321.9	656.8	394.9	295.4	240.2	470.7	422.5	438.5	1559.4	1338.8
Rps6	1461.4	1500.9	597.9	657.5	1314.1	1397.6	1170.8	903.7	1754.9	1090	614.7	393.7	1195.5	1124.6	1137.5	539.4	992.2	1328.6	782.3	945.2	23.9	39.2	55.7	54.4
Mllt3	3914	4253.1	3984.3	4538.1	1408.5	1620.1	1320.6	1793.8	465.2	390.6	591.5	1036.1	656	856.1	495.2	605.1	497.9	270.7	539.8	651.5	179	180.1	55	67.9
Hacd4	3272.5	3446.7	3709	4442.5	2112.8	2677.2	1584.3	1954.4	894.4	608.3	613.2	455.4	640	465.1	425.3	480.7	533.1	363.8	629	351.4	60.5	36	59.7	64.7
Usp24	751.7	958.6	1144.3	942.2	835.1	1006.4	790.2	1214.1	1348.3	1341.8	1431.4	1216.8	706.3	1324.9	1038.4	932	669.9	819.3	847.7	531	521.2	541.1	364.3	384.4
Plpp3	160.6	179.3	217.4	473.8	123.7	105.7	229.8	68.5	64.7	54.4	5.2	75.2	0	0	139.8	10.1	0	2.9	19	56.4	95.5	91.6	0	0
Prkaa2	111.3	198.3	167.3	232.6	95.1	90.6	66.9	145.9	98.6	111.6	2.2	34.9	12	15.4	75.7	85	50.9	61.1	51.1	71.8	29.4	8.6	11.4	2.6
Slc35d1	325.5	222.5	304.3	291.2	319.6	233.4	288.7	211.5	224.9	262.6	187.7	77.8	352.7	279.5	356.8	181.1	89.6	237.2	181.9	277	144.8	147.2	414.7	337.8
Mier1	2076.7	3057.4	1778.2	1965.9	2038.4	2472.7	1725.2	2100.2	2038.4	1608.5	1723	2561.5	2414.9	2534.5	1864.2	1851.9	2896.6	1631.2	1879.7	1368.5	651.7	589.6	524	407
Sgip1	0	32.9	7.1	0	0	0	48.9	0	0	0	28.4	0	0	0	13.1	24.3	43.6	0	27.3	34.6	12.7	5.5	165.1	143
Pde4b	943.9	1124.8	1231.9	909.6	1096.1	1389.4	1109.8	1304.2	1065.9	977.1	439.7	505.5	1589.7	1055.6	876.8	869.3	1508.3	1161.2	763.3	1169.7	1281.9	1266.9	183.2	214.8
Ak4	294	258.3	302.8	209.7	472.6	354.2	284.7	447.5	103.7	230	229.6	286.3	541.1	272.9	522.9	338	152.6	400.2	287.7	346.3	57.3	55.6	408.6	464.6
Dnajc6	80.8	157.3	205.4	65.2	148.7	350.1	592.4	476.8	309.1	518.5	601.3	459	1003.2	749.7	672.9	590	693	798.9	823.9	371.9	82	81.4	126.8	64.1
Jak1	5737.6	5794.3	6063.3	6520.3	6238.9	5170.5	4035.7	4563.8	4397.1	4647.2	5058.4	5594.6	5656.7	4978.1	4630	5500	4839.9	4624.5	5219.5	5182.7	4288	4239.2	2739.6	3100.1
St3gal3	106	37.3	36.7	13	67.9	65.9	121.9	68.5	1	58.5	80.8	14.3	118.9	55.8	62.6	61.7	33.9	14.6	104.6	96.2	265	203.6	111.4	170.2
Dph2	67.2	94.4	197.7	170.6	115.1	167.5	142.8	170.4	209.5	87.1	307.4	81.4	100.6	228.9	67	71.8	106.6	248.8	116.5	114.1	300.8	317.1	442.8	424.5
Bend5	99.7	202.7	32.5	161.9	105.8	45.3	24	85.2	47.2	6.8	0	0	23.1	80.7	65.5	68.8	190.2	135.3	58.3	85.9	157.5	192.6	14.8	3.2
Itgb3bp	202.6	60	126.4	77.2	302.4	262.2	264.7	186	351.2	209.6	214.6	159.3	52.7	293.4	260.7	240.8	308.9	216.8	300.8	296.3	188.6	182.4	197.9	175.4
Atg4c	237.3	221.7	336	229.3	367.5	219.7	121.9	223.2	278.3	196	209.4	143.2	160.4	170.2	302.9	178.1	96.9	101.9	318.6	118	76.4	65.8	102.7	117.1
Cdkn2c	93.4	13.9	30.4	50	242.4	236.1	182.8	143	212.6	182.3	163	102	104.5	122.5	37.9	134.6	210.8	181.9	155.8	196.2	1752.1	1724.2	676.3	530.6
Eps15	1022.6	1076.5	1234.7	1426.9	835.1	1787.6	1259.7	1341.4	1033	1390.7	1098.6	581.6	963.3	706.4	1287.5	1044.3	1207.8	1110.3	1062.9	1169.7	2030.6	1890.9	1545.9	1380.2
Dock7	982.7	1268.9	1201.5	1447.5	1276.2	1426.5	1604.3	822.5	809.2	1049.2	866.7	222.8	1137.2	859.8	1325.3	1172.9	972.8	1602.1	1005.8	743.9	256.2	191.1	178.5	216.1
Rnf11	868.3	740.6	744.8	749.8	851.5	833.4	999.9	613.9	382	537.5	445.7	205.8	676	710.1	718	332.9	639.7	678.1	454.2	551.5	572.1	537.1	569	675.5
Osbpl9	659.3	922.1	1052.5	1095.4	835.8	1108	963	975.2	719.8	696.7	603.5	384.7	724.6	655.8	735.5	488.8	872.3	921.1	878.6	809.3	1519	1502.6	1071.6	896.2
Usp1	1190.6	2112.7	1599.6	1469.2	3737.9	2644.3	2625.2	3195.9	3791.3	3836.1	3974	4487.8	2992.7	3350.3	3759	3592.4	3799.2	3210.1	3239.9	3167.8	2633.8	2476.6	2742.3	3219.2
Tm2d1	239.4	465.4	599.3	495.5	398.2	107.1	1009.9	783.3	398.4	736.2	595.3	654.9	397.4	402	506.8	596	369.5	619.9	575.4	446.3	214.8	237.2	271.1	251.1
Nfia	1055.1	867.9	1520.6	1699.6	1530	1205.4	1360.6	1054.5	851.3	717.1	572.1	501.9	510.8	423.3	706.4	353.2	405.8	363.8	218.8	433.5	48.5	50.9	4	31.1
Txndc12	219.4	136.8	245.7	159.7	90.8	115.3	214.8	212.5	106.8	147	264	331.9	137.3	322	179.1	350.1	245.9	160.1	284.2	266.8	332.6	397.8	496.5	522.8
Btf3l4	262.5	483	497	263	544.1	527.2	835.1	363.3	201.3	374.2	269.2	85.9	234.6	395.4	396.1	182.2	565.8	273.6	299.6	279.6	124.1	95.5	110	91.9
Hook1	627.8	966	947.4	489	868	819.6	606.4	870.5	484.7	443.6	525.7	639.7	678.4	872.2	700.5	379.5	524.6	650.5	462.5	486.1	390.7	389.9	153.7	190.2
Fggy	140.7	197.6	106.6	238	258.1	362.5	307.7	147.8	37	104.8	65.1	77.8	142.9	38.9	164.6	21.3	33.9	33.5	140.3	83.4	129.7	112.8	97.3	113.2
Ift74	267.7	404.7	227.3	246.7	105.8	223.8	159.8	351.5	76	161.9	160.8	416.9	444.5	255.3	129.6	157.9	259.3	283.8	322.2	210.3	123.3	114.3	65.8	66
Plaa	923.9	777.2	871.8	719.4	1013.8	889.7	702.3	852.8	1213.8	1119.9	1020.1	575.3	885.1	1622	1293.3	1299.3	915.9	1130.7	1020.1	1117.1	1177.6	1118.9	1459.4	1663.6
Caap1	255.1	387.8	272.5	319.5	244.5	200.4	468.5	243.8	143.8	421.9	365.7	80.5	402.2	404.2	235.9	296.5	388.9	295.4	285.3	206.5	365.2	358.6	456.9	407
Pum1	3238.9	4289	3546.6	4151.2	3542	4385.2	2829	3754	3849.8	3344.9	3607.6	3018.7	3740.5	3646.6	3756.1	3333.4	4394	3381.8	3714.3	3044.7	2441.2	2382.7	1513.7	1597.6
Laptm5	9477.3	9349.3	8841.1	8782.8	8548.3	7626.6	7921.6	6713.9	6628.6	5739.9	8399.8	10112.8	8473.9	8938.7	6936.9	9808.9	9826.3	9359.5	11753.9	7574.6	17930.3	18365.3	16105.5	16434.9
Cc2d1b	548	690.8	521	646.6	843.7	399.5	452.5	463.1	356.3	623.3	601.3	739.9	399	214.9	530.1	898.6	319.8	403.1	727.6	656.7	1090.1	1154.9	712.6	499.5
Orc1	82.9	28.5	16.2	26.1	89.4	81	313.7	109.7	164.3	230	99.5	97.5	110.9	121.8	141.3	53.6	146.6	200.8	181.9	120.6	259.4	159.7	373.1	489.8
Tnfrsf1b	736	324.2	573.2	777	138	726.3	605.4	487.6	314.2	138.8	273.7	143.2	288.9	334.5	464.6	316.7	245.9	240.1	265.1	410.4	1047.1	1133.8	3481	3364.1
Scp2	442	1004.7	665.7	528.1	715.7	491.5	470.5	646.2	1080.3	650.5	576.6	616.4	521.9	545.8	795.2	663.8	546.4	480.2	829.9	756.7	857	953.7	1583.5	1585.3
Cpt2	164.8	172.7	378.4	224.9	180.9	439.3	268.7	157.6	42.1	178.3	388.1	169.1	229	181.9	126.7	176.1	109	247.4	193.8	337.3	345.3	346.9	679	610.8
0610037L13Rik	141.7	390.8	379.1	402.1	257.4	237.5	203.8	250.7	263.9	351.1	300.6	245.1	218.7	415.9	367	276.3	414.3	157.2	186.7	287.3	413.8	424.4	473	370.1
Magoh	1205.3	1189.9	655.8	887.8	1543.6	1429.2	1105.8	997.7	1580.4	1261.5	923.6	952.9	879.5	1539.1	1389.4	674	1448.9	781.4	950	829.8	745.6	801	1200.4	1015.3
Lrp8	210	517.4	232.3	311.9	485.5	369.3	353.6	595.3	228	353.8	533.2	407.1	427.8	271.4	324.8	421	379.2	224.1	409	443.8	1404.4	1367.1	579.7	518.3
Ndc1	246.7	330	310.6	441.2	496.9	659	618.3	535.6	791.7	770.2	937.8	1031.6	625.7	1149.5	601.5	657.8	731.7	663.5	702.7	613	1219.8	1224.6	3255.6	3089.8
Lrrc42	513.4	499.8	370.6	456.4	321.7	580.8	323.7	495.4	390.2	273.5	465.2	744.4	391.9	226.7	321.9	265.1	220.5	305.6	334.1	228.3	263.4	278.7	190.6	152.7
Tmem59	2230	1893.1	2768.7	3085.2	1764.6	2733.5	3162.6	2449.8	2076.4	2303.9	2486.6	2587.5	1407	1976.3	2149.7	2352.8	1927.5	3266.8	2685.8	2162.3	3380.9	3630.8	4690.1	4522.4
Tceanc2	754.9	916.2	634.6	888.9	552	719.4	540.4	605.1	607.9	494	444.2	476.9	654.4	514.2	402	663.8	574.2	324.5	738.3	551.5	265.8	296	369	476.2
Cyb5rl	55.6	49.8	84.7	30.4	93.7	12.4	1	39.2	0	51.7	27.7	66.2	23.9	80	21.8	46.5	32.7	49.5	25	69.3	121.7	148	253	245.2
Mrpl37	622.6	378.3	685.5	904.1	528.4	693.3	350.6	530.7	568.9	767.5	666.3	780.2	529.1	688.8	889.9	634.5	496.7	550	580.2	976	1194.3	1075.1	1376.8	1400.9
Exo5	757	303	283.8	482.5	421.1	152.4	572.4	432.8	537.1	296.7	315.6	105.6	285.7	194.4	289.8	263.1	255.6	190.6	469.6	336	381.1	359.4	338.2	432.9
Dyrk2	52.5	61.5	62.8	171.7	0	124.9	43	24.5	0	87.1	108.4	67.1	33.5	85.8	87.4	173	7.3	151.3	127.2	101.3	354.1	335.9	101.3	116.5
Ctps	699.2	465.4	921.9	727	1229.8	1110.7	1316.6	1356.1	1367.8	1143.1	1512.1	1741.1	1015.1	1090.8	1175.3	920.9	785	975	934.5	1073.5	1267.6	1072.7	1429.9	1850
Hivep3	469.3	388.6	288	121.7	335.3	285.6	182.8	306.5	307	55.8	91.2	35.8	127.7	106.4	122.3	186.2	304.1	216.8	267.5	216.7	616.7	600.6	100	86.1
Ppcs	559.6	293.4	277.4	416.2	342.5	542.3	250.7	390.7	137.6	265.4	425.5	498.3	294.5	359.5	319	411.9	298	391.4	271.1	359.1	156	143.3	291.2	241.4
Ybx1	10035.9	11189.7	7986.9	9131.7	13919.2	13261.2	11006.3	14069.2	19427.7	18915.3	15356.2	18518.5	17441.7	21491.1	19395.2	15255.2	16416.7	14748	13213.9	19345.7	5226.2	5391	8495.9	8118.8
P3h1	168	177.1	101.7	72.8	2.9	39.8	247.7	34.3	27.7	69.4	89	97.5	47.1	68.2	49.5	100.2	72.7	59.7	76.1	87.2	50.1	53.2	208.7	330.7
Svbp	365.4	221.7	390.4	368.4	201.6	326.8	391.6	435.7	585.3	268.1	327.6	393.7	160.4	371.9	409.3	280.3	236.2	363.8	393.5	501.5	416.2	404	294.6	258.2
Ermap	1	27.1	54.4	42.4	111.5	12.4	252.7	96	512.4	227.3	278.9	341.8	0	77.8	62.6	84	0	2.9	1.2	433.5	27.1	13.3	0	12.3
Slc2a1	234.1	207.1	302.1	426	218.8	181.2	162.8	204.6	251.6	100.7	51.6	83.2	200.3	172.4	185	76.9	242.3	52.4	191.4	236	421.7	422.8	598.5	605.7
Rragc	650.9	967.4	1169	1006.3	830.8	797.7	1329.6	1031	579.2	1144.4	910.9	686.2	858.7	449.7	1051.5	837.9	747.5	665	1156.8	997.8	1231.7	1334.2	1466.1	1577.6
Mycbp	308.7	379.1	196.2	231.5	260.3	332.2	258.7	299.6	351.2	411	163.8	533.2	375.9	405.7	420.9	385.6	135.7	176.1	186.7	232.1	245.9	210.6	428.1	397.9
Ndufs5	291.9	142.7	375.6	457.5	417.5	193.6	312.7	376	264.9	450.4	492.8	642.4	266.6	322	372.8	894.6	334.4	350.7	411.4	620.7	115.4	119.8	120.1	142.4
Macf1	2721.3	3588.7	2337.3	2927.6	2865.6	3772.8	2301.6	3255.6	2849.6	2468.5	3160.4	2945.4	4965.6	3252.7	2997.3	3782.7	4339.5	3341	4729.6	4131	972.3	1057.8	363	353.9
Ppie	221.5	319.8	240.7	265.2	273.1	606.8	364.6	235	274.2	313	400.1	372.2	262.6	325.7	230.1	275.3	484.6	266.3	337.7	373.2	946.9	949.8	1012.5	1007.5
Trit1	494.5	240	211.1	266.2	100.1	74.1	184.8	261.4	110.9	121.1	257.3	153	95.8	298.6	310.2	206.4	460.4	478.7	302	520.7	551.4	462	279.8	281.5
Mycl	0	0	0	0	0	0	0	0	0	0	0	0	0	0	17.5	0	2.4	0	4.8	11.5	1463.3	1525.3	7.4	13.6
Cap1	790.6	956.4	554.9	1298.6	1249.1	981.6	676.3	913.5	1601.9	978.4	1189.8	1878	911.4	1317.5	1095.2	1617.1	856.5	1172.9	1618.2	1768.6	1076.6	1038.3	613.3	666.5
Ppt1	762.2	884	509.7	991.1	608.4	424.2	914	651.1	624.3	355.2	469.6	608.4	703.1	699.8	557.8	522.2	731.7	685.4	782.3	793.9	2106.2	2238.6	2433.6	2270.6
Ephb2	13.6	14.6	4.9	21.7	88.7	17.8	0	5.9	0	0	9	34	10.4	23.5	52.4	60.7	208.4	417.6	366.2	135.9	344.5	370.4	4.7	7.8
Tceb3	704.5	429.6	770.2	823.7	523.4	635.7	874.1	853.8	652.1	1011.1	741.9	501	836.4	771.7	882.6	747.8	599.7	836.7	775.2	836.2	1401.2	1541.7	1705.6	2137.9
Pithd1	325.5	423	521.7	767.2	698.5	659	719.2	589.4	352.2	577	574.3	758.7	490.8	356.5	412.2	547.5	387.7	520.9	392.4	595.1	845.8	779.1	869.6	763.5
Lypla2	1041.5	712	604.3	586.8	791.5	778.5	379.6	456.3	642.8	672.2	943	987.8	553.9	738	517	994.8	800.8	683.9	828.7	725.9	2269.3	2218.2	1754.6	1787.9
Gale	17.8	18.3	68.5	5.4	0	81	0	71.5	94.5	46.3	44.9	65.3	55.9	19.8	37.9	46.5	33.9	64	30.9	37.2	307.1	313.2	222.1	281.5
Hmgcl	459.9	418.6	398.1	360.8	335.3	439.3	349.6	301.6	386.1	308.9	159.3	227.3	128.5	258.2	317.5	228.7	361	234.3	317.4	310.4	818	798.7	1192.3	1061.2
Fuca1	388.5	346.9	339.6	381.4	262.4	620.6	417.6	354.4	618.2	279	383.6	444.7	485.2	378.5	416.5	296.5	456.7	326	322.2	351.4	1010.5	1017.9	1270.2	1422.3
Pnrc2	907.1	1145.2	1913.1	1636.6	964.5	1169.7	1635.3	1656.7	1536.2	2201.8	1964.6	1385	925	1177.4	1612.3	1673.8	1338.7	1651.6	1417.2	1631.4	1177.6	1193.3	1237.3	1346.6
Srsf10	2209	2933.7	2038	2025.6	2718.3	2541.3	2676.2	3159.7	2910.2	3012.8	2040.1	2391.5	2956	2401.8	3125.5	1939.9	3558.1	2729.9	2739.3	2815.2	1110	1040.6	1898.2	1936.7
Rnf220	2616.3	1886.5	2182.7	2364.7	2136.3	1507.5	2133.7	2219.7	1538.3	2008.6	2998.8	3183.4	1810	2080.4	2676.9	3676.4	2479.9	3159.1	4369.4	4177.2	2536.7	2295.8	1941.1	1892.7
Kif2c	69.3	109.8	109.4	108.7	316.7	236.1	467.5	202.7	489.8	537.5	554.9	476	272.1	592.7	198.1	495.9	325.9	554.4	541	225.7	1235.7	1272.4	607.2	846.4
Eif2b3	355.9	453	228	320.6	324.6	450.3	286.7	163.5	212.6	402.8	354.5	327.5	383.1	264.1	352.5	90.1	245.9	238.6	154.6	475.8	406.6	404	667	649.7
Urod	505	434.7	427.8	208.6	343.9	481.9	378.6	332.9	482.6	506.2	583.3	724.7	257	421.8	327.7	409.8	292	307	407.8	330.9	738.4	736	911.9	912.4
Mutyh	58.8	50.5	56.5	58.7	0	67.3	69.9	56.8	83.2	89.8	48.6	20.6	128.5	129.8	80.1	168	71.5	62.6	99.9	60.3	196.5	191.1	178.5	166.3
Toe1	267.7	360	343.1	334.7	459	197.7	436.5	283	579.2	393.3	232.6	199.5	375.1	272.2	279.6	236.8	367.1	378.3	200.9	489.9	245.1	243.5	377.1	342.9
Ccdc163	108.1	155.9	151.1	167.4	180.2	92	50.9	215.4	348.1	168.7	89	204	234.6	191.5	192.2	159.9	168.4	206.6	275.8	137.2	113.8	99.4	116.1	92.5
Mmachc	157.5	223.9	197.7	273.9	90.1	120.8	212.8	220.3	312.2	277.6	339.5	233.5	43.9	181.2	269.4	182.2	133.3	167.3	211.6	292.4	299.2	288.1	611.3	687.2
Prdx1	2998.5	2714.9	3941.9	3935	2904.2	3465.3	4569.2	3848	4297.5	5130.3	4547.6	5265.3	3172.3	3333.4	4801.8	4359.5	4020.9	4899.5	4424.1	4249	5051.1	5046.4	4343.9	4019.6
Akr1a1	2188	2663	3105.4	3240.6	2599.7	2345	3757	2618.2	3335.3	3276.8	3503.6	4821.6	3367	3226.3	3399.3	3919.3	3166.8	3338.1	3767.8	3809.1	6358.5	6769.8	9456.1	8949
Nasp	1376.4	1188.4	1049.7	1466	2256.5	1824.6	1775.1	2983.4	4297.5	3749	3672.7	4322.3	3934.5	3848.4	3907.6	3550.9	3169.2	3076.2	3200.6	3203.8	2029	1918.4	1910.3	1741.9
Ipp	133.3	93.7	125.7	159.7	75.8	166.1	101.9	143.9	327.6	225.9	67.3	127.9	93.4	358.7	225.7	158.9	261.7	244.5	223.5	143.6	440.8	505.8	369	347.5
Pomgnt1	344.4	425.2	345.9	301	210.9	208.7	99.9	255.6	232.1	314.3	222.1	222.8	498.8	371.2	311.7	371.4	371.9	317.2	311.5	370.7	553	526.2	645.5	491.8
Lurap1	112.3	87.1	115.8	169.5	161.6	13.7	45	15.7	0	0	16.5	0	0	0	17.5	1	0	0	23.8	1.3	0.8	0	0	0.6
Rad54l	619.4	652.8	637.5	784.6	1138.2	951.4	1083.9	1647.9	1922.3	2450.8	2023.7	1424.4	1814	1898.5	1940	1945	1354.4	1232.5	1534.9	1409.5	1050.3	1165.1	1372.1	1317.4
Lrrc41	72.4	57.1	103.1	98.9	48.6	86.5	32	96.9	123.2	99.3	48.6	65.3	47.1	24.2	78.6	106.3	89.6	145.5	33.3	71.8	658	740.7	1099.7	1146.6
Nsun4	501.8	356.4	338.1	510.8	399.7	284.2	832.1	517	158.1	435.5	449.5	225.5	530.7	381.5	431.1	384.5	375.6	320.1	344.8	321.9	296	301.5	267	225.2
Mknk1	534.4	393.7	357.9	457.5	179.5	281.5	283.7	410.3	629.5	366.1	362	181.6	269.7	226.7	182.1	240.8	242.3	315.8	206.9	387.3	671.6	696.1	560.9	577.2
Mob3c	171.1	224.7	157.4	165.2	256.7	164.8	276.7	160.6	116	25.9	120.4	146.7	256.2	58	262.2	81	300.4	196.4	141.5	203.9	296.8	235.7	48.3	108.7
Atpaf1	37.8	287.6	245.7	261.9	337.5	94.7	222.8	333.9	179.7	196	298.4	331	407	400.5	43.7	281.3	113.9	324.5	277	266.8	57.3	56.4	57	60.8
Pdzk1ip1	2392.7	2263.4	2452.4	2243	1214.7	1084.6	756.2	852.8	942.7	640.9	374.7	501.9	584.2	242.8	346.6	399.7	115.1	104.8	85.6	37.2	8	11.7	12.7	12.3
Tal1	3161.2	3102.8	2442.5	2451.6	2014.1	1869.9	1876	2210.9	2660.7	1858.9	1889.8	2176.8	1667.2	1643.2	1444.8	1784.1	965.5	784.3	692	888.8	32.6	42.3	60.4	69.9
Stil	1	31.5	56.5	88	296	267.7	223.8	246.7	343	387.8	413.6	297	142.1	484.2	273.8	136.6	407.1	267.7	444.7	207.8	928.6	918.5	388.5	599.2
Cmpk1	1067.7	1001.1	739.8	413	1334.1	1529.4	1269.7	926.3	1473.6	1511.9	462.9	725.6	1272.9	1175.2	1297.7	668.9	1160.6	870.2	495.8	672	2010.7	1908.2	3400.5	3172.6
Ebna1bp2	814.7	611	822.4	615.1	1000.3	1116.2	893.1	751	648	730.8	588.6	650.4	564.2	895	833.1	789.3	739	647.5	614.7	672	1655.9	1623.2	2446.4	2200.7
Aldh4a1	163.8	108.3	86.1	178.2	208.1	24.7	136.9	104.8	23.6	189.2	112.2	144.9	83	72.6	164.6	188.2	33.9	59.7	143.9	125.7	148	133.1	584.4	614.1
Mrto4	343.3	242.2	254.1	165.2	318.2	120.8	192.8	236	97.6	246.3	295.4	388.3	245.8	230.3	217	329.9	184.1	161.5	225.9	506.6	611.9	654.6	1029.3	1012.7
Akr7a5	159.6	66.6	113.7	103.2	189.5	367.9	66.9	102.8	43.1	152.4	148.8	98.4	158	162.9	192.2	126.5	138.1	91.7	65.4	305.2	494.1	507.4	851.5	690.4
Pqlc2	34.6	11.7	43.1	78.2	57.2	0	58.9	19.6	0	17.7	8.2	17	0	67.5	87.4	0	19.4	5.8	11.9	11.5	167.9	121.4	114.7	106.8
Capzb	2942.8	2650.5	3173.2	2569	2572.5	2872.2	4202.5	3048	3636.2	4147.8	2570.3	2732.4	3161.9	3651	3470.7	3086.5	2989.9	2978.7	3201.8	2969.1	8291.2	7968.6	9852	9856.8
Pink1	937.6	906.7	1087.1	1175.8	888.7	1079.1	834.1	523.8	550.4	537.5	533.2	691.6	730.2	532.6	614.6	562.6	913.5	881.8	829.9	765.7	2436.4	2515	1174.2	1322
Ddost	564.8	490.3	599.3	818.3	465.4	479.2	906	622.7	1448.9	898.1	895.9	1264.2	451.7	563.4	1038.4	1162.7	686.9	640.3	869.1	627.2	6952	7047	17771.5	17356.4
Kif17	0	50.5	103.8	71.7	160.2	107.1	32	124.4	168.4	4.1	130.9	107.4	216.3	162.1	176.2	236.8	407.1	641.7	403.1	261.6	345.3	401.7	234.8	140.4
Hp1bp3	9160.3	7354.4	7010.6	5665	7918.4	8523.2	7055.5	7239.7	9423.7	7937.6	8437.9	8923.8	8935.9	9222.6	7401.5	7600.8	10320.6	8451.5	8705.5	7593.9	5768.8	5734.7	4597.5	4787
Eif4g3	2675.1	2119.3	1915.2	2016.9	1621.6	2114.3	2192.7	1936.7	1321.6	1926.9	1292.3	697.9	1742.2	1829.6	1887.5	1488.6	1652.5	1952.8	1381.6	1964.8	1658.2	1587.1	700.5	663.9
Alpl	17.8	0	4.2	2.2	24.3	12.4	77.9	2	0	6.8	0	0	0	0	18.9	0	0	0	0	15.4	993.8	1016.3	0	0
Ptpn12	1610.5	1922.4	1491.6	1579	1278.4	799	1318.6	1448.1	1780.6	1698.3	1586.2	1708.9	1180.3	1515.6	1207.4	1392.4	1035.8	963.3	927.4	797.7	62.9	65	106	82.8
Zcchc17	727.6	635.9	450.4	631.4	1039.6	400.9	241.7	660.9	738.3	737.6	645.4	724.7	641.6	734.3	544.7	797.4	477.3	611.2	523.1	813.1	842.6	808.8	875.6	765.5
Tinagl1	399	243	384	402.1	17.9	31.6	42	54.8	6.2	8.2	2.2	0	0.8	0.7	10.2	19.2	7.3	2.9	13.1	41	15.1	11	2.7	31.1
Pef1	366.4	449.3	225.2	423.8	476.9	385.8	270.7	308.4	390.2	209.6	320.8	124.4	310.4	278	196.6	218.6	318.6	120.8	268.7	248.8	728.1	804.9	990.4	875.5
Ptp4a2	10038	11058	9050.8	8720.9	9369.8	11005.4	8075.4	9262.6	10098.4	9340.6	8492.5	8353.8	9557.6	8892.5	8323.4	7616	9988.6	9423.6	8808.9	10276.9	3392.9	3289.4	3779.6	3736.2
Azin2	103.9	158.1	79.8	224.9	62.9	64.5	165.8	135.1	62.6	5.4	45.6	206.7	164.4	170.2	85.9	35.4	321	362.3	187.9	214.2	214	233.3	43.6	44
Khdrbs1	2359.1	2758.1	2160.9	2056.1	2758.4	4153.1	2344.5	2251	4172.2	2966.6	2336.3	3377.5	3507.5	3794.8	2770.1	2928.6	4303.2	3249.4	2584.8	3129.4	3328.4	3111.6	3547.5	3659.2
Ak2	966.9	1318.7	1510.7	1271.5	1628.7	1467.7	1887	1907.4	1599.9	1922.8	2624.9	2258.2	990.4	1716.6	2126.4	1905.5	1583.4	1350.4	1664.5	1780.2	3511.4	3554	4505.6	4286.8
Rnf19b	362.2	348.3	441.9	308.6	283.8	454.4	583.4	300.6	484.7	238.1	291.7	331.9	167.6	338.2	355.4	243.9	413.1	432.2	422.1	529.7	506.1	456.5	490.5	485.3
Ccdc28b	459.9	387.1	368.5	290.2	208.8	367.9	236.7	277.1	308.1	179.6	468.1	633.4	396.6	262.6	186.4	362.3	516.1	259	367.4	289.9	198.1	187.9	260.3	239.4
Phc2	549.1	612.5	311.3	367.3	455.4	394	496.5	344.7	852.3	421.9	357.5	230.8	416.6	558.3	445.7	380.5	573	468.6	466.1	683.6	2353.7	2369.4	1898.2	1642.3
Tmem234	1780.6	1860.9	1575.6	1559.4	1447.1	1576.1	1869	1678.2	1789.9	1758.2	1854.6	2935.5	1958.5	1811.2	1519	1813.4	1728.8	1856.8	1413.7	1710.9	1098.1	1009.3	942.7	948.6
Eif3i	2830.5	1935.6	3089.2	3074.3	2640.4	2080	3334.5	2670.1	2734.6	2904	3121.5	4088.8	2343.9	2229.4	2767.2	3185.6	2473.8	2687.7	3014	3510.3	1865.9	1826	3200.6	2691.8
Zfp362	343.3	799.8	562.6	474.9	544.8	729	465.5	478.8	420	702.2	647.6	518	883.5	537	533	418.9	630	522.4	649.2	604.1	716.1	748.5	394.5	318.4
Hdac1	2575.4	2182.9	2337.3	2115.8	2677.6	2016.8	1864	2167.8	2427.6	2128.3	1981	2321.8	2014.3	2216.2	2226.9	2441.8	2180.7	2224.9	2236.4	2801	892	974.1	836	885.8
Nipal3	373.8	324.9	336	352.1	351.8	405	264.7	243.8	198.2	363.3	394.9	282.7	248.2	341.8	295.7	326.9	236.2	436.5	456.6	295	107.4	112.8	80.5	87.4
Zbtb8a	75.6	67.3	51.5	118.5	115.8	138.7	107.9	157.6	100.6	122.5	66.6	81.4	81.4	101.2	154.4	276.3	81.2	74.2	197.4	135.9	188.6	166.8	119.4	214.2
Srrm1	7817.5	7336.2	8146.5	7573.3	7257.7	8133.3	8411.1	9119.7	7772.5	9931.2	9132.6	7373.2	8522.5	8596.9	8866.7	8808	7549.9	9716	8596.1	7861.9	2216.8	2230.8	1441.9	1498
Yars	489.2	346.9	509	420.6	476.9	271.8	408.6	442.6	264.9	645	670.1	1132.7	699.1	557.5	515.6	492.8	317.4	286.7	347.2	651.5	1681.3	1751.6	2259.2	1888.2
Sfpq	6009.6	8580.9	5551.5	7010.4	9232.5	9040.8	7391.2	9895.1	9179.3	10343.5	11591.6	10553	9343.8	10171.1	9720.2	8425.5	8988	8959.4	8887.4	9452.2	2149.2	2204.9	2345.1	2187.7
Syf2	1932.8	2057.8	1257.3	1134.5	1116.8	1316.6	1454.5	1156.4	1912.1	1007	1298.3	2231.4	1289.7	1272	1280.2	1091.9	1112.1	1479.9	1111.7	1055.5	1219	1201.9	692.4	550
Tmem50a	4924	3527.9	3112.5	3348.2	3554.9	3382.9	2193.7	2432.2	3044.7	2644.1	2862.7	2835.3	3126	3597.5	3151.7	3405.2	3646.5	2601.8	2844	4063.1	2648.9	2634.8	3015.4	2757.2
Rhd	0	0	19.1	145.6	9.3	0	43	69.5	37	80.3	64.3	207.6	0	0	48.1	111.3	18.2	8.7	0	332.2	43.8	42.3	7.4	8.4
Tmem57	1685.1	1746.8	1741.5	1719.2	1838.2	1377.1	1777.1	1910.3	1656.4	1514.6	1566	1338.5	1282.5	1911	1698.2	1526	1814.8	1773.8	2083	1671.1	790.1	848.8	594.5	546.8
AU040320	558.5	423.7	921.2	648.8	499.8	458.6	855.1	774.5	268	567.5	676.8	669.2	587.4	396.9	581.1	663.8	333.2	710.1	887	734.9	1063.9	1108.7	438.1	528
Stmn1	7439.5	7325.2	8449.3	8981.7	13922.7	13807.6	17600.4	14015.3	20078.7	21355.2	24096.2	30589.9	19304.4	21337	20435	26497	21652.7	21092.4	26503.9	20351.2	1947.9	1996.7	950.8	883.9
Ncdn	184.8	92.2	175.1	105.4	145.1	100.2	197.8	123.4	51.3	182.3	267.7	73.4	145.2	163.6	75.7	91.1	104.2	179	178.3	119.3	1571.5	1432.1	1149.4	1167.3
Psmb2	615.2	630.1	885.2	884.6	916.6	1371.6	946	999.7	967.3	1224.7	1097.1	1017.3	932.1	1145.9	1264.2	744.8	977.7	1132.1	1045.1	963.2	2822.4	2960.5	3783.6	3278.7
Zfp593	200.5	159.5	156.7	210.8	251	90.6	255.7	109.7	97.6	175.5	178	335.5	104.5	192.2	235.9	201.4	185.4	305.6	281.8	307.8	46.2	28.2	19.5	30.4
Ago3	476.6	350.5	489.2	305.4	277.4	431.1	188.8	402.4	354.3	255.8	421.8	325.7	379.9	285.4	246.1	346.1	294.4	155.7	156.9	246.2	67.6	83	104	62.1
Sh3bgrl3	849.4	676.9	1183.9	829.2	1158.3	1153.3	1643.3	1203.4	1346.2	1765	1917.5	2492.6	1753.4	1586.7	1724.4	2215.2	1617.3	2577.1	2215	2937	4667.6	4904.7	5355.7	4838.8
Trappc3	474.5	631.5	829.5	765	715.7	877.3	793.2	574.8	617.2	598.8	752.3	1055.7	585	696.9	629.2	976.5	1039.4	622.8	823.9	442.5	829.9	757.2	881	1041.1
Gpn2	318.1	152.2	213.9	102.2	267.4	218.3	214.8	199.7	125.3	217.7	51.6	105.6	51.1	259	256.3	161.9	139.3	128.1	57.1	220.6	317.5	318.7	457.6	326.8
Map7d1	287.7	442.7	258.4	339.1	517.6	351.5	347.6	355.4	273.2	473.6	468.1	549.3	656.8	577.3	404.9	455.4	361	372.5	656.3	573.3	1472.8	1533.9	582.4	682.7
Gpatch3	23.1	30.7	102.4	61.9	101.5	35.7	81.9	77.4	69.8	31.3	85.3	91.3	0	13.2	78.6	63.8	26.7	133.9	27.3	148.8	229.2	183.2	171.1	177.9
Nudc	971.1	884.7	701	1084.5	1817.5	1403.1	874.1	1143.6	1944.9	1235.6	1311	1482.5	1395	1962.3	1300.6	1392.4	1360.5	1289.3	1255.5	1521.1	2674.4	2870.5	2589.3	2394.8
Slc9a1	382.2	382	365.7	432.5	332.5	227.9	521.4	328	157.1	387.8	252.8	182.5	223.5	170.2	195.2	319.8	227.8	222.6	297.2	336	655.7	746.2	415.3	287.3
Tmem222	332.8	401	346.6	516.2	684.2	416	316.7	336.8	462.1	430	469.6	457.2	408.6	433.5	355.4	666.9	703.9	518	439.9	668.2	911.9	982.7	1024.6	1155
Csf3r	552.2	275.2	295.1	309.7	390.4	313	341.6	406.3	269	251.8	370.9	450	1308	1112.1	888.4	691.2	873.5	753.8	922.6	1154.3	257.8	260.7	2584.6	2531.3
Sytl1	66.1	44.6	69.9	25	48.6	24.7	68.9	39.2	0	13.6	39.6	32.2	31.9	23.5	26.2	13.2	139.3	23.3	129.6	83.4	502.1	480	197.3	230.4
Mrps15	227.8	189.5	212.5	159.7	388.2	234.8	315.7	245.8	256.7	257.2	234.1	238.9	390.3	389.5	167.5	314.7	307.7	532.6	102.2	607.9	846.6	889.5	1401.7	1344.6
Map3k6	0	0.7	0.7	1.1	7.1	11	0	0	0	1.4	39.6	0	92.6	11	21.8	9.1	0	0	0	15.4	8	38.4	70.5	159.2
Meaf6	487.1	467.6	515.3	825.9	600.6	299.3	624.3	677.6	514.5	557.9	599	785.5	752.6	806.2	677.2	494.8	504	567.5	837	542.5	561.8	575.5	486.5	540.3
Hgf	186.9	186.6	158.1	184.7	312.4	292.4	110.9	106.7	159.2	104.8	222.9	143.2	466.9	435.7	174.8	230.7	347.7	199.4	222.3	84.6	54.1	108.1	162.4	139.1
Wasf2	1355.4	1541.9	1577.1	2025.6	2044.1	2435.6	2068.8	1839.8	1604	1899.7	2019.2	2069.4	2554.6	2494.9	2031.7	2171.7	3120.8	3148.9	2960.5	2617.6	3085.7	3352	856.8	756.4
Gnl2	1096.1	724.5	420.7	715.1	926.6	755.1	350.6	557.1	645.9	755.3	587.1	527.9	677.6	401.3	748.6	576.8	489.4	765.4	753.8	949.1	1011.3	1032.8	1245.3	1260.5
Cdca8	434.7	425.2	456.7	733.5	1757.4	1591.2	1252.7	1613.6	2683.3	2517.5	3325.7	3985.9	1273.7	2781.7	1871.5	2408.5	2345.4	2140.5	2330.3	2366.3	2760.3	2738.9	1718.4	1902.4
Fgr	9.4	9.5	10.6	58.7	0	15.1	13	17.6	0	5.4	9	117.2	0	0	36.4	0	0	0	1.2	85.9	1856.4	1846.3	12.7	0
Epha10	192.1	150	296.5	217.3	143	107.1	306.7	190.9	165.3	208.2	28.4	3.6	89.4	136.4	224.3	69.8	94.5	286.7	69	164.2	0	0	0	0
Fam76a	321.3	450	386.1	541.2	507.6	411.9	387.6	402.4	555.5	387.8	422.5	527.9	286.5	416.7	409.3	344.1	508.8	440.9	548.1	297.5	604.7	521.5	351.6	317.1
Stx12	469.3	743.5	761	813.9	679.2	701.6	542.4	684.4	985.8	657.3	782.2	668.3	643.2	517.2	444.2	556.6	528.2	502	769.2	629.7	448	395.4	404.6	539
Ppp1r8	501.8	501.3	485	417.3	367.5	416	306.7	656	781.5	593.3	698.5	700.6	543.5	490	544.7	677	361	436.5	585	554.1	989.1	934.9	1036.7	1015.9
Rpa2	474.5	505.7	788.5	543.4	868.7	1048.9	1000.9	910.6	1127.5	1724.1	1371.5	1660.6	1255.4	1114.3	1527.8	1470.4	1172.7	1203.4	1231.7	1024.7	2626.6	2624.6	3193.9	2564.3
Eya3	342.3	337.4	451.1	503.1	320.3	528.6	463.5	484.7	459	499.4	400.1	262.1	481.2	358	445.7	447.3	426.4	372.5	552.9	559.2	254.6	288.9	335.5	378.5
Yrdc	907.1	629.3	621.2	572.7	563.4	569.8	1316.6	744.1	479.6	660	464.4	222.8	921.8	606.7	617.5	629.4	640.9	582.1	614.7	323.2	697.8	752.5	746.1	639.3
Mtf1	289.8	404.7	402.4	419.5	291	435.2	486.5	340.7	196.1	355.2	478.6	226.4	266.6	256.8	463.1	435.1	365.9	398.7	269.9	480.9	280.1	309.3	463.6	409.6
Sesn2	54.6	27.1	33.2	45.6	41.5	37.1	40	49.9	3.1	1.4	77	25.1	17.6	8.1	1.5	26.3	26.7	7.3	64.2	62.8	261	287.4	157	101.6
Inpp5b	402.1	218.8	235.1	423.8	120.1	281.5	285.7	246.7	376.9	419.1	489.8	221.9	295.3	597.9	185	449.3	295.6	436.5	299.6	451.5	1369.4	1199.6	1250.7	1081.9
Rcc1	733.9	570.1	679.1	634.6	1169.7	864.9	859.1	1078	1306.2	1219.3	931.8	1008.3	1051.1	1203.8	1042.8	1532.1	1272.1	1025.9	1197.3	1059.4	2970.4	3069.4	3167.7	3336.9
Trnau1ap	578.5	458.8	662.2	597.7	687.1	410.5	248.7	652.1	367.6	479	296.1	411.6	838	413.7	502.5	347.1	873.5	548.6	531.5	545.1	450.4	451.8	615.3	588.2
Taf12	282.4	379.8	412.3	169.5	602	284.2	471.5	367.2	572	421.9	296.1	397.2	293.7	361.7	457.3	222.6	248.4	267.7	240.2	336	624.6	644.4	968.9	755.8
Gmeb1	939.7	966.7	837.9	906.3	955.2	906.1	480.5	920.4	748.6	890	572.1	303.3	444.5	941.9	833.1	860.2	725.7	1094.3	694.3	742.6	129.7	136.2	87.2	86.1
Sf3a3	645.7	935.2	949.5	913.9	697.1	619.2	754.2	1026.1	696.2	1117.2	843.6	1056.6	1254.6	738.7	1089.4	987.7	819	1052.1	763.3	1264.6	2444.4	2453.9	2338.4	2561.8
Epb41	2343.4	2029.2	1584.1	1596.4	1711.7	1610.5	1366.6	886.1	1455.1	932.2	798.7	1185.5	573.8	886.9	822.9	758	789.9	644.6	651.5	1055.5	1490.3	1543.3	1460	1585.3
Utp11l	1704	1751.9	1256.6	1643.1	1450.7	1355.1	1110.8	1398.2	1642	1072.3	1312.5	1162.2	1495.6	1368.9	1600.6	1311.5	1258.7	1513.4	1372	1955.9	664.4	664.8	920.6	858
Ptpru	0	16.1	26.1	0	1.4	0	0	4.9	0	0	23.2	28.6	12.8	0	30.6	0	15.7	2.9	0	6.4	8.8	7.8	162.4	166.3
Mecr	81.9	48.3	176.5	82.6	116.5	109.8	99.9	201.7	182.8	112.9	92	119	16.8	132.8	83	69.8	144.2	66.9	159.3	105.2	376.4	433.8	633.4	557.8
Srsf4	879.8	952.1	1296.8	969.3	884.4	768.8	1408.5	1379.6	1141.9	1703.7	824.9	665.7	1016.7	1206.7	1283.1	991.7	1268.4	1565.7	1071.2	1159.4	650.9	693.7	395.9	455.5
Casp9	405.3	270	267.5	272.8	412.5	65.9	462.5	374	231	242.2	255	416	106.1	325	336.4	301.6	294.4	253.2	200.9	166.7	287.2	323.4	495.2	572.7
Plekhm2	556.4	398.8	521	458.6	426.8	329.5	98.9	302.6	200.2	341.6	502.5	381.1	367.1	544.3	257.8	519.1	363.4	388.5	487.5	370.7	184.6	191.8	230.8	124.9
Fbxo42	105	111.2	283.8	178.2	160.9	271.8	179.8	190	153	368.8	410.6	260.4	241	360.2	410.7	314.7	151.4	407.4	253.2	215.5	1111.6	1180	917.9	966.1
Necap2	202.6	192.5	267.5	229.3	138.7	148.3	456.5	307.4	689	443.6	870.5	416	430.2	159.2	375.8	572.8	327.1	282.3	385.2	647.7	2616.3	2691.2	2153.2	2173.5
Cdk14	534.4	553.2	247.1	416.2	232.4	214.2	83.9	254.6	93.4	99.3	237.8	273.8	64.6	88	75.7	185.2	189	283.8	132	55.1	84.3	68.1	0	0
Padi2	1	0.7	1.4	0	15	43.9	23	47	54.4	57.2	104.7	113.6	171.6	208.3	217	216.6	90.9	176.1	127.2	209.1	2020.3	2229.2	582.4	497
Kcnab2	308.7	348.3	308.5	349.9	461.2	302	330.6	478.8	358.4	419.1	690.3	870.5	631.3	396.9	490.8	691.2	362.2	397.3	516	924.7	1690.9	1764.9	1627.8	1577.6
Psmc2	791.6	750.8	821	702	1095.3	532.7	800.2	935.1	1299	987.9	892.2	936.8	814	614	1207.4	958.3	746.3	723.2	823.9	1398	2103	2097.7	3044.9	2793.4
Xrcc2	89.2	180.8	272.5	280.4	464.7	255.4	352.6	401.4	405.6	455.9	670.1	450.9	357.5	238.4	450	547.5	313.8	478.7	488.7	178.3	234.7	227.1	480.4	388.2
Rpl22	12680.6	11893	11097.3	11427.9	11453.2	13101.9	10219.2	8376.5	11698.3	9827.8	11018.7	11474.6	12955.8	12444.5	10170.2	10378.6	13579.5	11485.5	11236.7	11102.9	860.9	952.1	1296.3	1339.4
Acot7	572.2	648.4	599.3	591.2	632.8	635.7	644.3	584.5	590.5	816.5	675.3	1058.4	524.3	495.2	683.1	504	467.6	619.9	784.7	991.4	1484.8	1508.1	2239.1	2304.9
Prkag2	1593.7	1042.8	1120.3	1347.5	966.6	867.7	756.2	909.6	325.5	401.4	499.6	604.8	683.9	491.5	566.5	872.3	637.2	454	658.7	817	555.4	584.1	344.2	308.7
Rheb	940.7	1021.6	823.1	793.3	1037.4	955.6	1230.7	897.9	1119.3	1332.2	532.5	641.5	1327.2	790.1	1037	795.4	1050.4	2094	670.6	865.7	1454.5	1401.6	2030.4	1976.2
Nol9	346.5	226.1	344.5	382.5	255.2	370.7	272.7	462.2	467.2	450.4	424	388.3	365.5	449	342.3	398.7	277.4	410.4	473.2	469.4	1052.7	1039.8	1874	1773
Tas1r1	141.7	161	74.8	67.4	95.8	122.2	15	52.9	54.4	31.3	62.1	93	76.6	49.2	30.6	67.8	101.8	65.5	27.3	29.5	15.9	8.6	61.1	70.5
Zbtb48	32.5	30.7	72.7	80.4	92.2	6.9	48.9	44.1	157.1	38.1	80.8	11.6	19.2	1.5	42.2	102.2	73.9	39.3	38	77	140	135.5	158.4	91.9
Abcf2	676.1	595.7	777.2	681.4	1083.2	841.6	624.3	769.6	834.9	669.5	916.1	909	820.4	1005	901.5	929	828.7	982.2	894.1	1068.3	2204.9	2244.1	2528.2	2891.1
Nub1	557.5	570.8	607.8	583.6	606.3	411.9	442.5	316.3	234.1	468.1	542.9	390.1	412.6	321.3	619	444.2	772.9	733.4	555.2	651.5	834.7	862.9	424.7	574
Vamp3	1197.9	1310.6	1866.5	1275.8	1974	1731.3	1750.1	1808.5	1393.5	2009.9	1878.6	2785.2	1268.1	1695.3	1843.8	1786.1	1153.3	999.7	1530.2	1860.9	1203.9	1290.4	1872	1686.9
Per3	780.1	889.1	794.2	961.7	753.6	475	656.3	771.6	622.3	551.1	442.7	538.6	755.8	900.1	699.1	496.9	653	573.3	462.5	590	88.3	125.3	211.4	168.2
Tmub1	296.1	197.6	464.5	424.9	90.8	122.2	219.8	236	232.1	132	264.7	349.8	78.2	239.1	256.3	345.1	218.1	136.8	325.8	233.4	308.7	294.4	336.8	295.7
Fastk	249.9	199	213.2	214.1	203.1	267.7	171.8	114.6	232.1	205.5	188.5	328.4	170	258.2	135.4	269.2	191.4	141.1	328.1	186	587.2	647.5	548.9	599.8
Ube4b	1026.8	1118.2	1538.2	1269.3	873	1385.3	1108.8	1123.1	1380.1	1496.9	1451.6	1567.5	1090.2	1896.3	1259.8	1331.7	1240.6	1607.9	1464.8	1203	1195.1	1146.3	930.6	970.6
Pgd	1409	1030.4	1316.6	1242.1	1135.4	926.7	1608.3	1460.9	1302.1	1164.9	1260.9	1439.6	1485.2	1387.2	2037.5	1977.4	1158.2	1044.8	1722.8	2208.5	1542.9	1485.4	8057.8	8747.7
Slc4a2	300.3	283.2	308.5	329.3	215.9	171.6	210.8	190.9	47.2	132	166.8	335.5	272.1	232.5	144.2	126.5	180.5	237.2	136.7	147.5	547.4	689	445.5	579.1
Park7	1336.5	1237.4	1061	1228	1117.5	1377.1	735.2	856.7	1421.2	1035.6	1459.8	1895.9	1758.9	1712.9	1341.4	1475.4	2155.2	1350.4	1518.3	2075.1	3054.7	3074.1	3549.5	3252.2
Cdk5	219.4	163.9	278.1	474.9	342.5	111.2	217.8	210.5	235.2	295.3	332	238	307.3	239.9	131.1	327.9	253.2	406	198.6	183.4	247.5	266.2	323.4	275
Abcb1b	661.4	462.5	560.5	649.9	488.3	663.1	510.5	727.5	476.5	613.7	703.7	391	1094.9	641.2	557.8	649.7	908.6	699.9	839.4	564.3	249.9	223.2	222.1	263.4
Abcb8	182.7	261.2	99.5	207.6	120.1	157.9	196.8	155.7	141.7	107.5	263.2	235.3	258.6	149.7	227.2	197.3	209.6	243	297.2	433.5	757.5	834.7	1315.1	1617
Dffa	254.1	286.9	184.2	379.3	344.6	384.4	238.7	255.6	210.5	287.1	353	493	368.7	203.9	219.9	365.3	379.2	256.1	151	224.4	564.9	534	560.9	536.4
Pex14	278.2	293.4	420.7	383.6	388.2	120.8	308.7	422	295.7	349.7	296.9	161	91.8	151.9	375.8	436.2	212	237.2	480.3	339.9	374	407.9	414	343.6
Casz1	394.8	488.1	223.8	494.5	609.2	421.5	347.6	329	185.9	382.4	318.6	197.7	403	458.5	412.2	413.9	197.5	346.3	297.2	180.8	120.2	131.5	175.1	212.9
H6pd	884	758.1	841.5	1087.8	607	381.7	1231.7	963.5	728.1	710.3	696.2	521.6	1113.3	511.3	633.5	635.5	464	676.6	839.4	708	701	596.6	1380.9	1291.6
Slc25a33	50.4	139	187.1	120.6	105.8	70	91.9	110.6	61.6	136.1	157	110.9	185.2	114.4	142.7	148.8	117.5	240.1	58.3	80.8	122.5	90	132.2	124.9
Klhl7	114.4	168.3	156.7	219.5	241.7	115.3	200.8	128.3	193.1	117	80.8	88.6	231.4	128.4	151.5	51.6	168.4	312.9	104.6	175.7	341.4	285.8	511.3	669.7
Ctnnbip1	593.2	455.9	382.6	532.5	615.6	402.3	572.4	521.9	270.1	398.7	357.5	615.6	347.2	305.9	323.3	432.1	378	408.9	297.2	427.1	225.2	220.8	98.6	88.6
Angptl7	0	0	0	0	0	0	0	0	0	0	0	0	0	0	0	0	0	0	0	0	105.8	79.1	0	0
Lzic	255.1	191.7	123.5	171.7	381.1	146.9	797.2	225.2	206.4	480.4	107.7	124.4	307.3	314.7	337.9	142.7	179.3	454	156.9	265.5	613.5	577.9	638.1	473.7
Mtor	439.9	410.5	405.2	507.5	640.6	448.9	552.4	505.2	220.8	351.1	294.6	688.9	136.5	239.1	359.7	460.4	219.3	379.8	530.3	464.3	747.2	802.6	318.7	434.8
Nmnat1	78.7	49	9.9	12	5.7	78.3	57.9	34.3	37	78.9	40.4	34	90.2	14.7	154.4	30.4	19.4	165.9	92.7	88.5	87.5	103.4	151	92.5
Fam126a	636.2	979.9	803.4	804.2	1117.5	1064	1056.9	1060.4	1480.8	1303.7	1146.4	1301.8	1066.2	1006.5	1067.6	1033.2	1215.1	910.9	667	677.2	635	620.9	411.3	398.6
Tomm7	4485.1	3893.8	6537.7	5911.7	5161.4	5068.9	8458	6031.5	5737.2	7758	8120.8	8944.3	5790.8	6132.8	8587.1	7995.4	5339	5921	6867.3	7027	601.6	568.5	722	669.1
Rint1	165.9	559.8	261.2	388	353.9	450.3	213.8	325.1	264.9	202.8	418	148.5	176.4	80.7	152.9	237.8	195	58.2	149.8	232.1	304.8	347.7	538.1	398.6
Mad2l2	42	24.9	75.5	90.2	191.6	255.4	192.8	235	351.2	153.8	151.1	379.4	271.3	79.2	273.8	107.3	26.7	138.2	181.9	93.6	399.4	460.4	502.6	504.1
Kmt2e	6004.3	6480	5325.6	6041	5200	6481.6	3907.9	5588.9	6086.4	5763	5913.2	5897	6389.3	6687.3	5731	4855.4	6305.7	6852.3	5432.3	4737.7	1729.9	1565.2	1039.3	987.4
Agtrap	1718.7	1791.4	1072.3	1063.9	1010.3	946	738.2	805.8	475.4	719.9	967.7	1106.7	1017.5	840	798.1	1307.4	1492.5	1526.5	1510	1178.6	1482.4	1529.2	1189.6	1217.1
Mthfr	113.4	199.8	273.9	258.6	158.7	46.7	151.8	142	13.3	50.4	42.6	158.4	55.1	111.5	173.3	69.8	75.1	209.5	121.3	119.3	199.7	148.8	117.4	100.3
Orc5	149.1	256.1	319.1	296.7	469.7	259.5	428.5	311.4	416.9	347	359	421.4	383.1	317.6	422.4	279.3	293.2	157.2	409	319.3	252.2	318.7	475.1	452.3
Dnajc2	3413.2	3577.7	2381.8	2597.2	3517	3196.2	1684.2	3462.2	4273.9	3896	3694.3	3913.4	4066.9	3896.1	4296.4	3773.6	3636.9	4119.5	3631	3981	1380.5	1320.9	1230.6	1398.3
Clcn6	79.8	148.6	274.6	293.4	235.9	149.6	106.9	111.6	51.3	163.3	145.8	89.5	56.7	116.6	155.8	241.9	92.1	81.5	63	175.7	151.2	116.7	18.8	55
Pmpcb	852.5	527.6	660.8	648.8	621.3	609.6	1109.8	592.4	625.4	732.1	416.5	69.8	412.6	418.9	1006.4	577.8	752.3	1039	537.4	865.7	629.4	671	936	902
Mfn2	458.8	558.4	392.5	744.4	605.6	505.2	475.5	532.6	366.6	389.2	593.8	899.2	336	375.6	263.6	690.2	279.9	369.6	598	374.5	1015.3	1034.3	1955.9	1639
Miip	135.4	84.2	48.7	45.6	77.2	126.3	68.9	47	249.5	77.6	131.6	56.4	76.6	114.4	112.1	130.5	115.1	101.9	146.2	116.7	515.6	540.3	176.5	163.1
Dffb	249.9	248.1	221.7	302.1	202.3	247.1	350.6	272.2	216.7	306.2	289.4	195	113.3	51.4	278.2	388.6	163.5	250.3	258	241.1	335	299.1	409.3	448.4
Lrrc47	556.4	592	694.6	313	853	558.8	605.4	615.9	711.6	642.3	553.4	942.1	705.5	471	570.9	642.6	507.6	483.1	564.7	811.8	1266.8	1327.2	1538.6	1184.1
Wrap73	71.4	71.7	114.4	119.5	84.4	50.8	150.8	149.8	91.4	141.5	207.9	185.2	59.1	138.6	126.7	162.9	252	177.5	252.1	191.1	483	511.3	357.6	342.3
Tprgl	1596.9	1357.5	1577.8	1572.5	672.8	1206.8	1500.4	1004.6	1265.1	1015.2	1309.5	1186.4	892.2	1004.3	1364.7	1097	1383.5	1497.4	1166.4	1245.3	2332.2	2189.3	1678.8	1693.4
Acap3	70.3	69.5	70.6	93.5	102.2	42.6	146.8	203.7	234.1	161.9	195.2	211.1	174.8	39.6	80.1	72.9	71.5	77.1	40.4	196.2	449.6	424.4	467	421.2
Cpsf3l	116.5	148.6	196.2	330.4	115.1	89.2	393.6	236	339.9	367.4	253.5	419.6	317.6	90.2	237.4	374.4	113.9	324.5	278.2	398.9	1061.5	914.5	1242	1107.8
Atad3a	276.1	755.9	529.5	442.3	627.7	357	480.5	481.7	635.6	464	863.8	1131.8	663.2	542.1	643.7	684.1	523.4	487.5	648	865.7	1558	1579.3	1869.3	2131.5
Ssu72	619.4	805.7	682.6	590.1	775	830.6	328.7	582.6	565.8	616.4	624.4	652.2	502.8	680	553.4	762	575.5	461.3	563.6	754.1	882.4	958.4	1079.6	1083.8
Pex10	81.9	44.6	62.8	35.9	85.8	108.5	1	45	89.3	78.9	51.6	69.8	63.8	57.2	24.8	105.2	36.3	18.9	23.8	79.5	110.6	142.5	210	291.2
Rer1	804.2	819.6	1147.8	816.1	1151.1	858.1	1662.2	1015.4	1184	1321.3	716.4	1012.8	894.6	1202.3	924.8	962.4	845.6	1046.3	728.8	1158.1	1752.9	1786.8	2708.7	2682.1
Ski	965.9	978.4	857	800.9	1056	863.6	835.1	997.7	839	794.7	812.9	914.4	517.1	748.3	505.4	789.3	325.9	445.3	563.6	566.9	316.7	315.5	171.8	163.1
Pank4	275.1	182.9	191.3	108.7	255.2	199.1	269.7	199.7	184.8	246.3	6	0.9	156.4	231.1	93.2	57.7	283.5	190.6	27.3	144.9	346.1	350.8	240.9	209.7
Fam213b	39.9	33.7	62.1	52.2	0	92	0	17.6	25.7	13.6	11.2	0	12.8	0	18.9	82	0	42.2	0	100	66.8	49.3	114.7	99.6
Mib2	228.9	95.1	123.5	191.3	17.9	168.9	158.8	157.6	209.5	73.5	160	181.6	32.7	18.3	99	134.6	107.8	71.3	173.6	234.7	284.9	361.7	351.6	529.3
Cdk11b	1666.2	1518.5	569.7	993.3	992.4	1378.4	695.3	902.8	1041.3	1027.4	1012.6	1354.6	976	1228.8	908.8	1171.8	1474.4	768.3	890.5	773.4	969.2	997.5	605.2	502.8
Nadk	594.2	419.3	1092.1	841.1	401.1	454.4	941	782.3	481.6	941.7	905.6	816.9	758.2	511.3	1138.9	674	545.2	1295.1	790.6	836.2	2026.7	2082.8	4415.7	4077.2
Gnb1	1751.2	1522.1	2247.7	1976.7	1626.6	1592.6	2202.7	2136.5	2182.1	2452.2	2446.9	1898.6	1372.7	2010	2697.3	2388.2	1923.8	2459.2	2162.7	2598.4	3894.2	3964.3	4144.6	3947.1
Mrpl20	481.9	481.5	409.4	336.9	554.1	600	674.3	398.5	927.3	704.9	328.3	531.5	415	866.4	573.8	345.1	678.4	587.9	348.4	806.7	817.2	826.8	1279.6	1067
Ccnl2	1433.1	1350.9	1649.8	1975.6	1216.9	1500.6	1397.5	1582.3	1702.6	1287.3	1605.6	1155.1	1832.4	1595.5	1434.6	1424.8	1495	1669.1	1546.8	1070.9	1093.3	1113.4	994.4	976.4
Dvl1	568	324.9	371.3	359.7	402.5	444.8	312.7	346.6	123.2	387.8	519	272.9	259.4	228.9	351	300.6	328.3	371.1	303.2	555.3	374	383.7	284.5	315.1
Cptp	33.6	73.2	13.4	57.6	194.5	82.4	177.8	72.5	2.1	137.4	86	36.7	137.3	93.9	139.8	101.2	40	96	117.7	82.1	207.7	209.8	410	506.7
Sdf4	1651.5	1636.3	1911	1482.3	1335.6	950.1	1614.3	1305.2	1729.3	1609.8	1616.8	2448.8	1237	1288.2	1475.4	1563.5	1180	1328.6	1450.5	1968.7	3157.3	3271.4	3454.9	3320.1
Bst1	0	0	0	0	0	0	0	0	0	0	0	6.3	4	0	39.3	0	0	0	0	0	227.6	204.4	2	7.8
Cd38	51.4	215.1	192	89.1	76.5	193.6	19	85.2	24.6	138.8	60.6	92.2	0	0	0	28.3	76.3	46.6	0	83.4	671.6	730.5	9.4	0
Prom1	1	0.7	2.1	0	0	0	0	5.9	0	0	0.7	25.1	0	109.3	21.8	7.1	0	0	0	42.3	31.8	30.5	1046.7	1076.7
Pacrgl	343.3	251.7	149	219.5	491.9	186.7	157.8	255.6	263.9	176.9	86.7	208.5	189.9	226.7	161.7	201.4	275	42.2	360.3	139.8	188.6	239.6	160.4	140.4
Adgra3	562.7	262.7	448.3	390.1	209.5	208.7	365.6	351.5	212.6	137.4	136.9	257.7	352.7	187.1	257.8	243.9	236.2	177.5	202.1	225.7	194.9	171.5	120.1	183.1
Sorcs2	0	0	6.4	23.9	0	0	58.9	1	0	9.5	0	0	0	0	49.5	0	19.4	0	46.4	33.3	373.2	337.5	0	0
Afap1	30.4	5.1	4.9	20.6	0	19.2	41	31.3	39	34	21.7	60.8	0	88.8	87.4	50.6	35.1	139.7	32.1	48.7	150.4	159.7	479.1	625.7
Htra3	118.6	122.2	41.7	29.3	30.7	0	66.9	2	3.1	0	0	2.7	39.9	0	0	0	17	59.7	21.4	7.7	214.8	206.7	0	0
Trmt44	61.9	82.7	74.8	64.1	45.8	71.4	58.9	133.2	5.1	77.6	136.1	64.4	241	70.4	39.3	68.8	61.8	58.2	65.4	87.2	148	131.5	222.8	207.7
Acox3	281.4	303	326.8	578.1	317.4	146.9	261.7	330.9	128.4	201.4	406.1	433.9	331.2	246.5	358.3	314.7	499.1	388.5	400.7	302.7	1015.3	1039	914.5	909.8
Rgs12	242.5	316.1	173	291.2	591.3	292.4	342.6	376	686	487.2	574.3	633.4	454.9	440.1	450	519.1	313.8	429.3	419.7	441.2	829.1	857.4	195.3	253.7
Lrpap1	707.6	452.2	363.6	566.2	552.7	335	575.4	292.8	317.3	202.8	398.6	686.2	246.6	458.5	371.4	323.8	218.1	336.1	351.9	379.6	1086.1	1031.2	1713.7	1877.8
Htt	500.8	496.2	481.4	568.4	740	494.3	703.3	652.1	841	621.9	724.7	665.7	543.5	604.5	715.1	690.2	742.6	733.4	719.3	564.3	385.1	437.7	193.2	276.9
Add1	1739.7	1278.4	1769.1	2046.3	1731.7	1195.8	1637.3	1527.5	1354.5	1359.5	2117.1	1938.8	936.9	1226.6	1654.5	1148.6	1767.5	937.1	1622.9	1269.7	3217	3291.7	1948.5	1809.2
Pcdh7	181.6	308.1	247.1	272.8	700.7	159.3	508.5	534.6	385.1	289.9	321.6	180.7	241.8	216.4	368.5	287.4	15.7	11.6	52.3	38.5	1.6	1.6	0	7.1
Rnf4	2387.4	1358.2	2467.9	2563.6	1661.6	1536.3	2396.5	2524.2	1335	2616.8	2366.2	2418.4	1952.9	1512.6	2847.3	2167.6	1754.2	2254	2286.3	1771.2	3442.2	3396.7	3574.3	3484.5
Nelfa	930.2	1208.2	721.5	845.5	888.7	718	864.1	1161.3	1623.5	1046.5	955	759.6	1179.5	1093.8	964.2	1005.9	879.5	1293.6	699.1	1004.2	1479.2	1490.8	1556.7	1626.7
Man2b2	22	9.5	13.4	5.4	0.7	6.9	117.9	4.9	20.5	0	0.7	2.7	3.2	0	1.5	16.2	2.4	8.7	23.8	28.2	271.3	341.4	242.2	251.1
Stx18	212.1	158.1	102.4	97.8	185.2	175.7	199.8	138.1	64.7	54.4	142.8	16.1	31.1	93.2	84.5	129.5	186.6	189.2	123.7	242.4	316.7	288.1	613.9	530
Nsg1	61.9	169.8	165.2	165.2	61.5	109.8	156.8	95	37	17.7	76.3	24.2	40.7	0	1.5	0	40	53.8	59.4	88.5	31	27.4	18.1	1.3
Zbtb49	94.5	19	31.1	43.5	46.5	74.1	64.9	24.5	6.2	61.2	39.6	51.9	6.4	23.5	0	15.2	73.9	21.8	2.4	41	87.5	129.2	50.3	67.9
Rab28	580.6	418.6	564	294.5	657.1	681	930	290.8	654.1	398.7	275.2	301.5	295.3	451.2	415.1	369.4	388.9	382.7	235.4	352.7	483.8	477.6	654.2	767.4
Dnajb6	2841	2748.6	2319.7	2098.4	2603.2	2357.3	2298.6	2275.5	2665.8	2476.7	2736.4	2897.9	2786.8	2413.5	2283.7	2609.8	2840.9	2508.7	3049.6	2538.1	262.6	251.3	328.1	279.5
Fosl2	136.5	174.9	151.1	191.3	390.4	79.6	213.8	200.7	12.3	232.7	171.3	187	311.2	201.7	192.2	208.5	73.9	71.3	180.7	247.5	48.5	48.5	181.8	138.5
Rbks	12.6	83.4	18.4	46.7	35.7	0	29	62.7	113	76.2	136.1	27.7	0	93.2	103.4	78.9	56.9	261.9	26.2	64.1	153.6	158.2	424.1	300.2
Slc4a1ap	454.6	451.5	441.2	735.7	298.9	580.8	435.5	463.1	387.1	366.1	578.1	613.8	425.4	445.3	333.5	681	533.1	615.5	869.1	466.8	388.3	387.6	253	323.5
Eif2b4	417.9	535.7	547.8	577	607.7	391.3	928	643.3	687	626	775.5	579.8	541.1	655.1	514.1	590	603.3	553	393.5	368.1	718.5	734.5	1263.4	1219.1
Snx17	558.5	457.4	621.2	541.2	508.3	462.7	317.7	550.3	868.7	718.5	806.2	616.4	588.2	465.1	435.5	436.2	331.9	612.6	751.4	734.9	2088.7	2096.9	1890.8	2227.2
Ppm1g	1985.3	2512.2	2945.2	3198.2	3448.3	2831	3503.3	3921.4	3822.1	4679.8	5331.4	7117.4	3673.5	3448.6	4005.2	4366.6	2752.5	3185.3	3833.2	4586.3	3396.9	3597.9	3658.8	4153.5
Nrbp1	437.8	611.8	539.3	403.2	602	469.5	380.6	261.4	505.2	372.9	370.9	739.9	545.1	562.7	559.3	366.3	346.5	186.3	384	233.4	1437.8	1410.2	1862	1741.3
Krtcap3	98.7	174.2	60	173.9	52.2	19.2	175.8	61.7	135.5	28.6	214.6	123.5	133.3	70.4	167.5	172	48.5	173.2	128.4	130.8	17.5	23.5	12.1	12.9
Ociad1	548	730.3	816.1	786.8	728.6	843	691.3	454.3	629.5	557.9	694.7	1013.7	836.4	813.5	514.1	897.6	565.8	705.7	809.7	613	2217.6	2304.4	2422.2	2189
Ociad2	897.7	621.3	830.2	526	428.3	962.4	743.2	718.7	485.7	308.9	373.9	330.1	599.3	480.5	630.6	523.2	567	436.5	964.2	391.2	221.2	216.1	69.8	69.9
Sgcb	393.7	399.6	166.6	304.3	238.8	299.3	320.7	201.7	129.4	202.8	181	88.6	199.5	248.7	202.4	294.5	277.4	218.3	143.9	241.1	399.4	472.9	245.6	222.6
Khk	537.5	378.3	427.8	636.8	452.6	464.1	441.5	230.1	424.1	349.7	542.2	626.3	382.3	243.5	212.6	413.9	141.7	104.8	193.8	177	654.1	662.4	490.5	533.8
Emilin1	474.5	461	377.7	217.3	474	299.3	157.8	421	256.7	374.2	299.9	384.7	362.3	371.2	431.1	307.6	284.7	176.1	210.4	332.2	1502.3	1618.5	7174.1	6757.4
Agbl5	165.9	104.6	19.1	28.3	90.8	111.2	1	79.3	16.4	36.7	32.2	144.9	39.1	30.1	53.9	8.1	23	61.1	48.7	53.9	423.3	362.5	261	247.8
Ppargc1a	39.9	142.7	138.4	181.5	109.4	107.1	92.9	78.3	0	0	0	0	0	38.1	42.2	38.5	195	141.1	109.4	102.6	25.5	24.3	0	0
Dhx15	2652	2750.1	3471.8	3424.2	3714.3	3163.2	3717.1	4618.6	3303.5	4059.3	4306.1	3699.6	3001.5	3382.6	4986.8	4018.5	3555.7	3697.5	3833.2	2576.6	3060.3	3139.8	3858.8	4088.8
Pgm1	92.4	68.8	281.7	152.1	125.8	163.4	112.9	263.4	177.7	153.8	22.4	24.2	133.3	149.7	265.1	171	206	149.9	79.7	192.4	458.3	529.3	1231.2	1232.7
Sepsecs	437.8	578.8	417.2	558.6	185.2	476.4	844.1	441.6	230	545.7	352.2	176.3	584.2	532.6	301.5	418.9	245.9	327.4	229.5	324.5	267.4	329.6	544.8	445.2
Tbc1d1	638.3	343.9	485	485.8	335.3	297.9	432.5	537.5	597.6	413.7	449.5	651.3	275.3	620.6	337.9	292.5	753.5	475.8	560	556.6	1289	1139.3	777	769.4
Slc35f6	44.1	55.6	105.2	113	61.5	39.8	49.9	20.6	10.3	17.7	47.1	101.1	70.2	104.2	69.9	47.6	72.7	109.1	34.5	20.5	242.7	241.9	348.2	326.1
Anapc4	1403.7	793.3	689	469.5	970.2	948.7	1098.8	696.2	825.6	398.7	824.9	697.9	914.6	611.1	522.9	677	756	807.6	642	846.5	860.9	861.3	1451.3	1282.5
Cenpa	616.3	352	403.1	566.2	943.8	1267.2	971	1036.9	2465.6	2249.4	1515.9	1194.4	940.9	1500.9	954	1229.5	1777.2	1577.4	1130.7	1145.3	3101.6	3143	1665.4	1494.1
Klf3	420	603	667.1	799.8	456.9	359.7	639.3	694.2	690.1	430	420.3	630.8	545.9	440.1	470.4	565.7	621.5	1350.4	974.9	602.8	607.9	561.4	383.8	318.4
Zcchc4	372.7	395.9	487.8	483.6	513.4	676.9	386.6	435.7	557.6	334.8	442.7	293.5	363.9	356.5	352.5	353.2	172	327.4	414.9	251.4	188.6	208.3	430.8	479.5
Fam114a1	160.6	69.5	79.8	106.5	52.2	13.7	0	97.9	0	53.1	87.5	41.2	2.4	58.7	40.8	94.1	89.6	93.1	77.3	29.5	35.8	46.2	204.6	176
Pi4k2b	297.1	425.9	230.1	383.6	123.7	340.5	499.5	268.3	408.7	469.5	221.4	200.4	434.9	532.6	428.2	152.8	470.1	277.9	214	216.7	405.8	364.9	794.4	849.6
D5Ertd579e	574.3	821.1	491.3	789	755.7	790.8	628.3	610	737.3	416.4	857.8	489.4	902.6	519.4	575.3	583.9	497.9	835.3	619.4	688.7	280.9	243.5	111.4	68.6
Rfc1	2570.1	3222.8	1731	2528.8	2782.7	3101.5	2556.3	2689.7	3734.8	2795.1	3385.5	3501	3626.4	2928.5	3122.6	3380.9	3304.9	2574.2	3443.2	3579.5	2052.9	2010	1137.3	1169.9
Tbc1d14	614.2	363.7	632.5	474.9	388.9	477.8	620.3	651.1	566.8	831.5	699.2	529.7	743	499.6	562.2	537.3	505.2	759.6	667	695.1	968.4	869.1	399.9	423.8
Tada2b	65.1	56.3	158.1	58.7	70.1	207.3	155.8	142	107.8	262.6	444.2	471.5	170	190.7	259.2	108.3	135.7	275	139.1	177	339.8	288.1	276.4	255.6
Grpel1	241.5	166.8	261.9	241.3	426.1	567	277.7	349.6	309.1	398.7	250.5	753.3	545.1	417.4	270.9	331.9	312.6	350.7	401.9	523.3	1320.9	1231.7	2227.6	2026.6
Lias	886.1	545.9	403.1	603.1	271	827.9	464.5	503.3	643.9	645	851.8	428.6	687.1	698.4	987.5	809.6	600.9	571.9	676.5	743.9	549	558.3	687.8	735.1
Ugdh	537.5	556.2	606.4	507.5	582.7	383	485.5	464.1	293.7	548.4	370.9	201.3	213.9	746.8	400.5	438.2	424	756.7	542.2	551.5	427.3	557.5	1078.3	1118.1
Pds5a	2773.8	2690.8	2937.4	3415.5	4297	3034.2	3579.2	3754	3003.6	4098.8	4109.4	2977.6	2998.3	3250.5	3571.1	3061.2	4089.9	3036.9	3400.4	3049.9	2046.5	1998.2	1175.6	1315.5
Ube2k	1382.7	1474.5	1416.8	1004.1	1293.4	1514.3	1588.3	1783	1865.9	1860.2	1590.7	1756.3	1850.7	1522.2	1632.6	1568.5	1849.9	1270.3	1438.6	1663.4	1122.7	1102.5	1568.1	1474.7
Rhoh	590	932.3	849.9	818.3	900.9	468.2	586.4	782.3	956	928.1	623.7	977	893.8	801.8	742.8	786.3	810.5	1322.7	1077.2	892.6	1982.1	1995.9	352.9	456.8
Nsun7	169	161	114.4	127.1	76.5	189.5	119.9	148.8	1	19.1	26.2	0	34.3	0.7	0	72.9	226.5	0	93.9	23.1	8.8	5.5	0	0
Apbb2	106	60	102.4	204.3	82.9	322.6	244.7	118.5	9.2	136.1	76.3	26.8	99	1.5	104.9	122.4	109	371.1	179.5	155.2	90.7	107.3	20.1	20.7
Guf1	1479.3	1014.3	1129.5	1347.5	968.1	716.7	1058.9	851.8	558.6	925.4	661.1	300.6	1059.8	622.8	598.6	599.1	722	777.1	713.4	569.4	368.4	392.3	671.6	609.5
Gnpda2	473.5	618.4	493.4	601	317.4	394	216.8	626.6	705.5	364.7	302.1	263.9	281.7	275.8	435.5	210.5	573	539.9	348.4	365.5	190.2	199.7	170.4	135.2
Commd8	370.6	294.2	540.7	344.5	547	352.8	468.5	456.3	363.5	602.8	451.7	448.2	478.8	478.3	467.5	691.2	512.5	503.5	568.3	631	1035.2	1027.3	1293	1186.7
Tec	168	145.6	122.1	218.4	63.6	201.8	183.8	85.2	211.5	268.1	208.6	251.4	220.3	385.9	126.7	147.7	174.5	148.4	139.1	121.8	422.5	368.8	555.6	582.4
Slc30a9	448.3	550.3	459.6	406.4	301.7	247.1	685.3	499.4	324.5	353.8	610.2	356.1	405.4	416.7	434	304.6	265.3	589.3	519.6	414.3	572.9	555.9	580.4	590.8
Uchl1	12.6	11	21.9	31.5	32.9	16.5	16	23.5	0	6.8	16.5	12.5	23.1	29.3	49.5	55.7	49.7	66.9	142.7	110.3	413.8	322.6	10.1	6.5
Fip1l1	1803.7	1959.7	1399.9	1534.4	2120.6	1986.6	1583.3	1844.7	1501.3	1909.2	1717.8	1899.5	1678.3	1676.2	1578.8	1586.7	1608.8	1404.2	1781	1753.2	1519	1617.7	1290.3	1204.2
Chic2	1446.7	1353.1	1136.6	1020.4	975.2	1050.3	1362.6	975.2	1028.9	870.9	881.7	1478.9	1126.1	1311.6	1101.1	1014	1130.3	1031.7	1067.7	851.6	779	814.3	611.3	687.2
Srd5a3	247.8	209.3	382.6	258.6	232.4	159.3	460.5	313.3	221.8	345.6	335	472.4	122.1	217.1	375.8	256	253.2	336.1	342.4	265.5	507.7	475.3	990.4	962.2
Tmem165	584.8	644.7	907.1	1060.6	937.3	914.4	776.2	891	643.9	1305	456.2	331	1031.9	862.7	869.5	464.5	724.5	1116.1	703.9	715.7	1014.5	1005.4	4542.5	4728.1
Clock	405.3	271.5	504.7	560.7	383.2	207.3	170.8	306.5	183.8	259.9	108.4	105.6	275.3	249.4	80.1	144.7	277.4	231.4	354.3	241.1	83.5	97.9	71.8	48.5
Ppat	584.8	553.2	718.6	561.8	1017.4	1033.8	1026.9	883.2	1159.4	1053.3	913.1	1262.4	1096.5	1006.5	1124.4	1061.5	800.8	983.7	848.9	926	1683.7	1682.7	3056.3	3278.1
Paics	2217.4	1653.1	3743.6	3326.4	3389	3263.5	4342.4	4123.1	4147.6	5180.6	5107	4981.7	3210.6	3257.8	5433.9	4993	4143.3	5039.2	5308.6	3662.9	5154.6	5051.1	6328	6580.1
Rest	2149.1	2162.4	1267.2	1298.6	1603.7	1839.7	1012.9	1583.3	1507.5	1456.1	1395.5	1632.8	2106.9	1330.7	1559.8	1447.1	1984.4	1622.5	1823.8	1362	1226.2	1163.5	990.4	1213.9
Polr2b	1216.8	1135.7	1467.6	1369.3	843	1165.6	1524.4	1583.3	1212.8	1494.2	1777.6	1137.2	1072.6	1401.9	1572.9	2060.3	814.1	1268.9	1650.3	1086.3	2404.6	2439.8	3091.9	2533.3
Cenpc1	508.1	723.7	497	569.4	739.3	974.8	576.4	582.6	845.1	771.6	970	962.7	451.7	637.5	639.4	986.7	907.4	794.5	810.9	632.3	565.7	540.3	234.8	398.6
Stap1	1097.1	1244.8	840.1	922.6	1055.3	1381.2	847.1	1194.5	851.3	762.1	728.4	580.7	1052.6	1052	1054.4	959.3	923.1	1002.6	1166.4	841.3	474.2	496.4	674.3	742.2
Pigg	470.4	310.3	511.1	244.5	209.5	203.2	496.5	172.3	156.1	176.9	78.5	0.9	99.8	71.9	120.9	142.7	101.8	2.9	96.3	42.3	120.2	101.8	172.4	176.7
Dr1	552.2	524	624.8	444.5	627.7	551.9	783.2	376	854.4	775.7	203.4	201.3	393.4	405.7	429.6	350.1	705.1	641.7	312.7	447.6	1266.8	1190.9	3233.4	3107.9
Mtf2	2322.4	2849.6	2055	2736.3	3544.1	3980.1	2459.4	2681.9	3642.4	2908.1	3330.9	2736.9	4730.1	3918.1	2738.1	3038.9	4730.8	2507.2	3049.6	2341.9	1129.9	1076.6	1613	1361.4
Fam69a	172.2	292	241.4	117.4	167.3	173	111.9	273.2	311.1	187.8	196.7	256.8	457.3	129.8	327.7	179.1	344.1	196.4	252.1	466.8	638.2	569.2	847.4	797.2
Gfi1	414.7	214.4	429.9	394.5	140.9	63.2	274.7	93	217.7	65.3	77.8	34	647.2	453.4	435.5	438.2	988.6	790.1	640.8	804.1	269.7	253.7	1786.8	1558.8
Glmn	644.6	692.3	524.5	770.5	268.1	374.8	358.6	454.3	347.1	259.9	298.4	220.1	511.6	534.8	527.2	444.2	456.7	518	545.7	736.2	157.5	135.5	206.7	187
Brdt	108.1	127.3	134.8	151.1	34.3	171.6	47.9	67.6	0	15	35.9	37.6	44.7	67.5	2.9	45.5	25.4	45.1	53.5	10.3	3.2	2.3	0	0
Cdc7	280.3	345.4	423.6	286.9	582.7	790.8	810.1	652.1	1322.6	1075	1150.2	620.9	907.4	467.3	843.3	722.5	1100	941.5	972.6	636.1	480.6	527	390.5	359.1
Tgfbr3	1602.1	1603.3	1472.6	1550.7	1399.9	1816.4	1602.3	1234.7	1672.8	1937.8	1466.5	1300	162	488.6	419.4	235.8	56.9	103.3	78.5	132.1	62.9	70.5	42.3	41.4
Zfp326	836.8	1680.2	948.8	903.1	1121.8	1636.5	1081.9	1262.1	1968.5	1231.5	1355.8	869.7	1652.8	1154.7	1195.7	1008.9	1612.5	1574.5	1300.7	1082.5	215.6	221.6	174.5	179.9
Rufy3	589	616.9	328.3	383.6	203.8	319.9	276.7	557.1	334.8	285.8	489.1	396.4	421.4	310.3	547.6	399.7	338	234.3	356.7	189.8	296	307.7	194.6	368.2
Gbp9	161.7	243.7	336	257.6	73.6	50.8	60.9	25.5	0	1.4	24.7	0	37.5	0	37.9	8.1	0	56.8	1.2	68	209.3	176.2	0.7	0
Abcg3	1190.6	1167.2	931.8	890	454.7	363.8	314.7	254.6	6.2	1.4	123.4	70.7	130.1	0	11.7	102.2	138.1	131	64.2	56.4	164.7	169.9	20.8	24.6
Spp1	44.1	0	50.1	0	323.9	1.4	81.9	46	0	40.8	0	18.8	0	0	29.1	0	0	0	3.6	301.4	134.5	133.1	59.7	62.8
Ibsp	0	0	31.1	28.3	307.4	0	171.8	36.2	0	50.4	0	0	0	5.1	0	0	0	33.5	17.8	123.1	8	7.8	0	0
Nudt9	435.7	234.2	282.4	276	265.3	304.8	233.8	281	427.2	185.1	186.2	135.1	87	214.9	295.7	235.8	399.8	91.7	146.2	373.2	514	534.8	655.5	536.4
Hsd17b11	1050.9	1050.8	1151.4	1062.8	747.9	801.8	1170.8	845	738.3	434.1	1009.6	804.3	710.3	1012.3	878.2	966.4	684.5	801.8	941.6	638.7	96.3	84.6	137.6	167.6
Klhl8	195.3	108.3	75.5	77.2	53.6	43.9	225.8	84.2	110.9	62.6	87.5	170	201.9	0	158.7	28.3	112.7	53.8	58.3	96.2	72.4	52.5	138.2	64.7
Aff1	527	499.8	437	540.1	171.6	281.5	528.4	394.6	496	291.2	569.9	195	282.5	400.5	538.9	412.9	449.5	440.9	302	513	1826.1	1863.5	1020.6	1083.2
Agpat9	34.6	0	0	17.4	0	0	0	5.9	0	0	0	0	0	32.3	0	0	18.2	36.4	0	18	578.5	541.8	0	0
Coq2	857.8	779.4	1064.5	922.6	1062.5	1209.6	871.1	1012.4	641.8	975.7	1082.9	1187.3	514.8	777.6	917.5	1118.2	820.2	708.7	1294.8	872.1	786.2	775.2	1312.4	1199.7
Plac8	306.6	488.1	1135.1	283.6	2530.3	1451.2	3652.1	2812.1	8398.9	8358.1	4692	5599	14171.3	23025	17260	12956	15703.2	12827.2	13586.1	13612.8	9089.3	8995.1	27308.1	23690.5
Enoph1	434.7	172	162.4	101.1	313.2	238.9	213.8	241.8	299.9	221.8	282.7	59.1	172.4	114.4	301.5	175.1	66.6	301.2	212.8	247.5	618.3	562.2	1172.9	1204.8
Hnrnpdl	4337.1	5642.1	5668.7	6504	5220	6805.6	6821.8	6806	7687.3	6883	8440.1	7458.2	6832.2	7272.7	7315.6	8967.9	8361.6	6962.9	7600.9	5539.2	1784.8	1740.6	942.7	1026.3
Cds1	21	68.8	26.8	45.6	24.3	0	61.9	1	0	95.3	31.4	85	94.2	50.6	29.1	83	281.1	518	306.7	193.7	484.6	388.4	593.8	505.4
Rasgef1b	166.9	220.3	107.3	220.6	235.2	195	234.8	171.3	53.4	98	217.6	70.7	177.2	70.4	48.1	124.5	31.5	52.4	41.6	30.8	79.6	92.4	32.9	20.7
Antxr2	281.4	161	266.1	33.7	240.9	219.7	213.8	210.5	0	127.9	73.3	141.4	146	276.6	151.5	221.6	405.8	234.3	205.7	236	640.5	641.3	295.2	155.3
Tpst2	832.6	1026.7	1302.4	1231.2	967.4	679.6	1194.7	1139.7	1214.8	977.1	1251.1	1528.2	580.2	430.6	873.9	1001.8	598.5	628.6	676.5	646.4	825.1	862.1	1321.2	1305.8
Tfip11	163.8	125.1	171.5	120.6	58.6	129.1	173.8	138.1	225.9	77.6	139.1	178	170	117.4	131.1	227.7	152.6	209.5	283	221.9	767.9	773.6	815.9	821.1
Srrd	74.5	21.2	128.5	59.8	60.8	28.8	19	65.6	94.5	62.6	83.8	132.4	58.3	83.6	5.8	99.2	128.4	61.1	39.2	87.2	168.7	173.8	246.2	238.8
Rfc5	499.7	237.1	516.7	427.1	874.4	642.5	517.5	739.2	893.4	967.5	1228	1452.1	715.1	940.5	921.9	974.5	558.5	720.3	788.3	1033.7	2354.5	2292.6	3060.3	3030.9
Wsb2	269.8	85.6	270.4	256.5	183.7	190.8	407.6	142	166.4	163.3	41.9	139.6	164.4	127.6	128.2	175.1	23	168.8	136.7	98.8	286.5	296.8	356.3	346.8
Dck	326.5	269.3	400.3	205.4	346.8	641.2	677.3	558.1	702.4	1008.4	304.4	300.6	766.9	580.3	888.4	173	455.5	897.8	231.8	654.1	4420.1	4430.2	1874	1869.4
Ppbp	18.9	75.4	74.1	47.8	198.8	6.9	201.8	138.1	172.5	114.3	101	35.8	0.8	0	4.4	16.2	0	331.8	0	227	9.5	11.7	0	0
Pf4	915.5	895.7	1608.1	1023.7	2175	3170.1	2797	1862.3	6573.1	3627.9	4905.8	4905.7	39.1	248.7	122.3	25.3	0	128.1	58.3	1053	33.4	51.7	36.2	35.6
Mthfd2l	142.8	193.9	215.3	224.9	313.2	282.8	160.8	136.1	193.1	213.6	115.9	82.3	170	108.6	161.7	198.3	106.6	541.3	92.7	124.4	70.8	83	102	31.7
Ccng2	927.1	352	797	559.7	564.8	479.2	672.3	509.2	995.1	808.3	597.5	498.3	745.4	1107	870.9	553.5	905	1056.4	640.8	448.9	1242.9	1284.1	413.3	418
Gtf2h3	300.3	169.8	427.1	281.5	183	124.9	329.7	315.3	295.7	269.4	113.7	261.3	54.3	216.4	183.5	240.8	170.8	173.2	66.6	184.7	911.9	786.1	429.4	440
Eif2b1	220.5	143.4	158.1	129.3	214.5	60.4	354.6	190	119.1	269.4	264	322.1	246.6	143	289.8	90.1	301.7	219.7	224.7	262.9	907.1	879.3	1307.7	1314.8
Ddx55	580.6	616.9	645.9	758.5	536.9	442.1	509.5	491.5	551.4	764.8	697	733.7	1099.7	582.5	423.8	443.2	414.3	713	518.4	578.4	337.4	225.5	231.5	223.2
Tmed2	1631.5	1418.2	1015.8	1219.3	1524.3	1606.3	1952.9	1277.8	1833	1521.4	658.1	914.4	2219.4	2464.1	2027.3	1013	1722.7	2021.2	781.1	1603.2	1127.5	1126	2082.7	2024
Rilpl1	201.6	130.3	105.9	41.3	175.9	108.5	202.8	63.6	81.1	9.5	22.4	76	2.4	54.3	55.3	44.5	110.2	17.5	23.8	39.8	250.6	227.9	0.7	3.2
Cdk2ap1	680.3	727.4	1015.8	878.1	1050.3	973.4	1206.7	1211.2	1151.1	2019.4	2159	2155.3	1096.5	1007.2	1281.7	2077.5	1080.6	1315.5	1500.4	1991.8	96.3	90.8	134.9	117.1
Rchy1	851.5	656.4	1036.3	977	718.6	847.1	1258.7	706	863.6	1164.9	1064.9	867	482.8	627.9	559.3	995.8	656.6	925.5	870.3	573.3	537.1	465.9	226.1	199.3
Rilpl2	583.7	504.2	476.5	623.8	391.1	429.7	415.6	430.8	368.7	209.6	429.3	548.5	419.8	387.3	349.5	620.3	361	481.7	749	620.7	624.6	641.3	796.4	736.4
Snrnp35	122.8	22	43.8	147.8	25.7	214.2	208.8	30.4	110.9	81.6	184.7	98.4	111.7	35.2	81.6	31.4	77.5	23.3	70.1	12.8	255.4	235.7	142.9	162.4
Arl6ip4	688.7	745	669.2	384.7	536.9	1079.1	843.1	624.7	1034.1	724	893.7	1182.8	920.2	1031.4	780.6	589	1155.7	814.9	869.1	1046.5	1346.3	1292	1263.4	1233.3
G3bp2	4547.1	4858.3	3574.1	4718.5	5327.3	4269.8	5286.4	4206.4	4627.2	4434.9	4161.7	5223.3	6303.1	4325.2	4930	3815.1	6055	5203.6	4746.3	4542.7	1680.5	1679.5	2449.1	2511.3
Pitpnm2	271.9	317.6	251.3	339.1	291.7	107.1	210.8	384.8	272.1	300.7	461.4	272	245	163.6	320.4	257	182.9	165.9	315.1	380.9	85.1	86.9	20.8	4.5
Uso1	747.5	832	883.1	586.8	454.7	551.9	1385.5	1048.7	405.6	997.5	645.4	145.8	431.8	617.7	728.2	582.9	667.5	912.4	557.6	715.7	1156.2	1100.9	1149.4	1265.7
Abcb9	35.7	16.1	13.4	26.1	37.9	12.4	22	15.7	0	20.4	53.8	10.7	76.6	5.9	0	0	0	1.5	1.2	51.3	34.2	33.7	71.8	97.1
Naaa	88.2	97.3	45.9	48.9	238.1	130.4	18	88.1	2.1	89.8	17.9	17	51.1	83.6	85.9	14.2	15.7	157.2	120.1	175.7	126.5	129.2	238.2	213.5
Kntc1	213.1	109	112.9	240.2	343.9	481.9	352.6	489.6	513.4	802.9	692.5	690.7	398.2	469.5	610.2	654.7	700.2	647.5	442.3	546.4	864.1	871.5	502.6	416.7
Sdad1	2118.7	1845.6	1349	1438.8	1402.1	1337.2	1538.4	1639.1	1190.2	1356.7	1987	1708	1118.9	991.1	1108.3	1591.8	992.2	1043.3	1463.6	1540.3	872.9	968.6	1042.7	1089.7
Slc15a4	240.4	112	112.2	191.3	265.3	211.4	206.8	139	152	112.9	283.4	281.8	186.7	193.7	215.6	387.6	235	375.4	261.6	246.2	949.3	967	609.9	649
Rsrc2	3676.7	4642.4	3399.8	4266.4	4184	4260.2	4032.7	2950.1	4464.9	3222.4	3858.1	3943	4434.9	3872.6	2844.4	4336.2	4660.6	4323.3	3821.3	3333.3	822.8	878.5	444.2	553.2
Scarb2	1678.8	1402.8	1457.8	1576.8	1175.4	1528.1	1198.7	1250.4	565.8	1111.8	1124	987.8	1344.7	1058.6	954	2054.3	1167.9	1130.7	1694.2	1190.2	825.1	729.8	1052.1	1058
Zcchc8	813.7	828.4	811.8	754.2	756.4	903.4	709.2	849.9	1435.6	782.5	978.9	902.8	830.8	1221.4	1028.2	731.6	1106.1	906.6	889.3	879.8	1045.6	1013.2	944.1	947.3
Stx2	357	414.9	310.6	423.8	252.4	384.4	200.8	280	773.2	556.6	601.3	749.8	253	388.8	410.7	498.9	275	424.9	392.4	401.4	362.8	346.1	732	680.1
Ran	6968.1	6968.1	10564.3	9968.4	10864.1	11199	17112.9	15420.4	14108.4	22027.5	20741.4	28393.4	11907.9	14019.5	20320	15790.5	10776.1	16473.8	15722.6	14805.5	3042	3042.7	4482.1	4057.8
Gbas	1552.8	1791.4	2440.4	2434.2	1300.5	1427.9	2245.6	1796.7	730.1	1296.9	1444.1	1235.6	699.1	625	1009.3	1138.4	840.8	890.6	1168.7	929.8	459.9	450.2	405.3	434.8
Diablo	557.5	540.1	627.6	759.6	790	605.5	705.3	475.9	533	601.5	1106.1	596.8	723.8	609.6	789.4	654.7	751.1	649	607.6	782.3	993.8	994.4	752.8	792.7
Vps33a	182.7	370.3	260.5	201	293.1	528.6	488.5	263.4	363.5	319.8	466.7	575.3	282.5	333	307.3	329.9	179.3	209.5	296	441.2	853.8	892.6	1012.5	1088.4
Bcl7a	592.1	753.7	614.2	515.1	668.5	940.5	636.3	973.3	1037.2	749.8	690.3	446.5	789.3	1203.8	897.2	817.7	788.7	717.4	715.7	997.8	534.7	610.7	157.7	181.8
Sfswap	1295.6	1315.8	1589.8	1292.1	1224.8	1009.1	1016.9	1263.1	1286.7	1125.4	1512.1	1064.7	1209.1	1084.2	1047.2	1112.1	1275.7	1640	1498.1	1170.9	731.3	661.6	295.2	306.7
Psmd9	196.3	158.1	241.4	200	477.6	146.9	180.8	202.7	337.8	355.2	142.8	260.4	197.1	317.6	409.3	173	121.1	126.6	216.4	300.1	722.5	707.8	555.6	520.9
Psph	616.3	226.9	237.2	134.8	135.8	396.8	112.9	347.6	529.9	319.8	243	97.5	173.2	337.4	275.3	264.1	288.3	379.8	293.7	386	619.9	603.7	639.4	671
Cct6a	2430.5	3121.1	2716.4	2437.5	3323.9	3071.3	2892.9	3300.7	3554.1	3550.4	3345.1	3099.2	3981.6	3730.3	3961.5	2868.9	2854.2	2322.4	2727.4	3252.5	7116.8	7170.7	12089.7	12617.9
Rhof	395.8	445.7	298.6	322.8	378.9	295.2	219.8	259.5	41.1	134.7	142.1	320.3	67.8	24.9	62.6	160.9	86	10.2	83.2	60.3	256.2	200.4	59.7	56.9
Aldh2	2024.2	2050.5	3278.4	4530.5	2200.7	1686	2331.5	2960.9	1304.1	2254.9	4738.3	4322.3	1678.3	1356.4	2085.6	6616.2	1675.5	1974.6	4998.3	2761.3	5080.6	4961.9	7490.8	7383.7
Acad10	91.3	38.8	168.7	191.3	36.5	174.4	204.8	69.5	116	32.7	69.5	88.6	118.9	31.5	55.3	73.9	116.3	128.1	73.7	32.1	90.7	83.8	92.6	115.2
Brap	378	482.2	291.6	249.9	255.2	431.1	247.7	318.2	263.9	303.5	262.5	372.2	237.8	336.7	173.3	214.5	284.7	147	214	330.9	611.1	635.8	610.6	495
Fam168a	768.5	1584.3	1253	1395.3	743.6	893.8	1459.5	1121.1	817.4	851.9	1097.8	1474.5	1197.9	685.2	815.6	874.3	1070.9	1263.1	1120	734.9	292.8	436.9	219.4	175.4
Vps29	541.7	534.2	872.5	625.9	622.7	928.1	692.3	572.8	735.3	702.2	785.2	374.9	459.7	641.9	588.4	760	875.9	567.5	617.1	691.3	815.6	882.4	1429.9	1118.8
Fam216a	406.3	376.1	469.4	377.1	469.7	427	300.7	423	266	447.7	520.5	701.4	288.9	496.6	286.9	615.3	382.8	197.9	419.7	472	206.1	198.9	270.4	242.7
Gpn3	206.8	161.7	100.2	117.4	183.7	295.2	203.8	162.5	238.2	98	20.9	156.6	223.5	266.3	182.1	169	168.4	238.6	101.1	151.3	517.2	559.1	734.7	867.7
Arpc3	637.3	631.5	725.7	539	1009.5	966.5	467.5	675.6	872.9	764.8	917.6	717.6	873.9	840	693.3	1594.8	840.8	749.4	961.9	495.1	3449.4	2984	2874.5	3308.5
Anapc7	316	270	402.4	386.9	268.1	458.6	455.5	252.6	505.2	145.6	570.6	342.7	257	248	269.4	300.6	699	291	508.9	324.5	954	937.3	799.8	805.6
Atp2a2	1864.6	1864.6	2208.2	2166.9	2684	2070.4	2077.8	2324.5	2363.9	2850.9	2843.3	2525.7	2423.7	2423	2388.5	2446.9	2085	2505.8	2395.7	2238	3733.4	3771.7	4639.1	4292.7
P2rx7	93.4	126.6	49.4	114.1	35	39.8	35	22.5	28.8	27.2	61.3	93.9	58.3	36.7	59.7	29.3	124.8	234.3	236.6	345	403.4	450.2	312	234.2
Ift81	138.6	180.8	242.1	160.8	206.6	216.9	88.9	199.7	94.5	17.7	71.8	82.3	128.5	107.1	192.2	111.3	214.4	472.9	508.9	162.9	76.4	90	6	22.6
P2rx4	601.6	638.1	331.8	360.8	354.6	421.5	158.8	336.8	329.6	204.1	382.9	429.5	402.2	541.4	240.3	443.2	869.8	490.4	288.9	210.3	648.5	664	481.1	768.1
Camkk2	2386.4	2146.3	2634.5	2545.1	2896.4	2616.8	3011.8	3744.2	2493.3	2879.5	2647.4	1950.5	4181.1	2342.3	3038.1	2784.9	3387.3	3720.8	3861.7	3057.5	1003.4	953.7	780.3	881.3
Anapc5	2684.6	2556.9	2808.2	2872.2	2900.7	2942.2	2834	2987.3	2780.8	3173.4	4264.9	5149.9	2952	3290.9	3368.7	3960.8	3435.8	3780.5	3942.5	4415.7	10605.9	10403	9946.6	9961
Rnf34	692.9	341.7	475.1	625.9	716.4	442.1	497.5	695.2	1173.7	528	794.2	1064.7	642.4	509.8	718	679	892.9	679.6	837	607.9	781.4	814.3	800.5	727.3
Kdm2b	638.3	564.9	603.6	919.4	1121.8	807.3	721.2	846	913.9	956.7	988.6	1047.7	611.3	788.6	988.9	1226.5	1355.6	874.5	1460	1053	695.4	712.5	469.7	489.8
Ncor2	1204.2	945.5	1063.8	1047.6	1043.9	863.6	605.4	913.5	564.8	507.6	689.5	739	773.3	713.8	502.5	897.6	739	567.5	819.2	1019.6	704.2	738.4	279.1	277.6
Dhx37	27.3	332.2	125.7	125	152.3	178.5	178.8	127.3	261.9	145.6	122.6	139.6	213.9	87.3	176.2	152.8	191.4	66.9	170	129.5	1124.3	1057.1	892.4	770.7
Aacs	264.6	282.5	373.4	280.4	200.2	289.7	370.6	447.5	69.8	438.2	207.2	88.6	272.9	255.3	257.8	194.3	166	277.9	321	265.5	1250	1117.3	1227.2	1305.1
Anxa3	56.7	51.2	115.1	22.8	0.7	0	41	177.2	107.8	183.7	83.8	167.3	63	830.4	249	451.3	146.6	196.4	109.4	351.4	140	148	5920.7	5492.3
Mrpl1	345.4	255.4	182.1	293.4	359.6	351.5	158.8	282	331.7	357.9	339.5	240.7	261.8	443.8	260.7	377.5	319.8	339.1	250.9	202.6	393.1	352.4	769.6	687.2
Pxmp2	143.8	176.4	118.6	189.1	97.2	210.1	127.9	172.3	260.8	221.8	251.3	287.2	140.5	179	120.9	229.7	61.8	151.3	121.3	155.2	46.9	36	73.8	76.4
Pgam5	511.3	428.8	796.3	501	539.1	545.1	740.2	698.1	504.2	816.5	795	940.3	663.2	641.2	936.5	742.8	540.3	747.9	750.2	822.1	332.6	393.8	408	359.1
Ankle2	383.2	719.3	507.6	582.5	587.7	634.3	612.4	581.6	540.1	483.1	453.9	643.3	543.5	587.6	413.6	491.8	357.4	672.3	727.6	406.6	1854.8	1745.3	1629.8	1641
Golga3	302.4	378.3	158.1	257.6	137.3	124.9	134.9	278.1	325.5	280.3	252.8	233.5	264.2	157.7	276.7	214.5	181.7	64	266.3	191.1	535.5	530.1	318.7	334.5
Ddx51	71.4	281	140.5	114.1	280.3	133.2	324.7	217.4	151	136.1	105.4	113.6	126.1	118.8	212.6	230.7	318.6	91.7	292.5	138.5	952.5	871.5	760.2	716.3
Ep400	2471.4	3009.1	2912	2616.8	2806.3	2966.9	2195.7	2757.2	2941	3474.2	2647.4	2769.1	3042.2	2968.1	2701.7	2578.5	3000.8	2949.6	2933.1	2930.6	1772.8	1663.1	906.5	1047.6
Pus1	324.4	333	453.2	328.2	377.5	389.9	312.7	538.5	351.2	425.9	210.9	356.1	293.7	360.2	422.4	168	266.5	504.9	334.1	264.2	507.7	505	636.8	555.2
Ulk1	2285.6	1416.7	1328.6	1250.8	786.5	785.3	894.1	726.5	567.9	549.8	787.5	872.3	644	719.6	653.9	1159.7	688.1	774.1	882.2	806.7	513.2	545.8	183.2	265.9
Prkab1	302.4	207.8	264	347.7	321.7	271.8	266.7	527.8	643.9	498.1	716.4	746.2	364.7	851	735.5	547.5	459.2	535.5	400.7	633.6	704.2	746.2	713.9	678.8
Cit	193.2	201.2	127.8	529.2	855.8	649.4	775.2	680.5	1687.2	1234.3	1754.4	1202.5	857.1	1192.8	897.2	999.8	995.8	935.7	1134.3	943.9	905.5	959.2	314	238.8
Rab35	888.2	851.1	823.1	734.6	805.1	936.3	1073.9	631.5	972.5	684.5	1048.5	681.8	953.7	1017.5	790.8	1035.2	1001.9	878.9	615.9	877.2	272.9	234.9	116.1	143.6
Chek2	349.6	358.6	376.3	364	435.4	730.4	418.6	398.5	381	764.8	496.6	303.3	546.7	359.5	305.8	436.2	464	439.5	399.5	356.5	311.9	235.7	410.6	486.6
Sirt4	144.9	60	135.5	64.1	60.8	141.4	48.9	38.2	67.8	24.5	53.1	3.6	27.9	30.8	61.2	20.2	122.4	113.5	7.1	60.3	93.9	65.8	57.7	78.9
Pxn	542.8	470.5	548.5	512.9	582	346	350.6	538.5	373.8	431.4	407.6	473.3	283.3	585.4	404.9	523.2	579.1	372.5	474.4	629.7	2380.7	2290.3	2064.6	2197.5
Ccr9	0	0	0.7	0	0	0	0	66.6	0	42.2	9	0	0	41.1	0	2	268.9	502	189	278.3	2930.6	2926.9	0	0
St7	523.9	633	741.9	877	613.4	638.4	602.4	674.6	499.1	737.6	613.2	488.5	445.3	285.4	391.8	542.4	277.4	628.6	686	379.6	469.5	408.7	502.6	588.8
Triap1	441	307.4	391.1	421.6	266.7	367.9	642.3	270.2	231	381	489.8	534.1	271.3	284.6	281.1	511	451.9	288.1	425.6	414.3	398.6	385.2	571.7	647.1
Gatc	258.3	147.8	162.4	131.5	268.1	244.4	89.9	101.8	135.5	106.1	243.8	313.1	124.5	58	152.9	261.1	20.6	77.1	69	306.5	413.8	451	632.1	596
Srsf9	807.4	448.6	780.1	795.5	862.3	582.1	922	693.2	900.6	786.5	808.4	845.5	855.5	733.6	846.2	616.3	356.2	858.5	556.4	967	2762.7	2726.4	2935.5	2826.4
Acads	312.9	243	438.4	393.4	398.2	363.8	432.5	222.3	363.5	258.6	420.3	599.5	375.1	530.4	285.5	791.3	341.6	285.2	413.8	338.6	697	676.5	770.3	769.4
Ints1	145.9	313.9	288.7	330.4	221.6	162	334.6	331.9	231	259.9	440.5	289	266.6	324.2	359.7	312.7	380.4	406	488.7	561.7	2518.4	2573.7	1078.3	1022.4
Sppl3	1938.1	1340.6	1374.5	880.2	1628	1165.6	1182.7	1261.1	1116.2	1103.6	1003.6	973.4	1008	1283	1219	1125.3	1196.9	1172.9	1374.4	1212	1285.1	1165.9	1263.4	1147.3
Psmg3	666.7	560.5	465.9	633.6	574.8	701.6	616.3	613.9	629.5	823.3	842.8	1317	802.9	768.1	843.3	756.9	467.6	873.1	696.7	950.4	290.4	296	510.6	457.5
Tes	835.7	1045	1867.9	1610.5	2074.9	1768.3	2411.4	1996.5	1342.1	1754.1	1547.3	2204.5	2391.8	2640.2	2534.2	2731.3	2792.5	2903	3068.7	2291.9	1248.5	1139.3	867.6	900.7
Tfec	316	302.2	398.1	201	441.9	438	375.6	310.4	165.3	156.5	92.7	133.3	224.3	485.6	237.4	206.4	207.2	49.5	26.2	101.3	15.1	23.5	1186.3	1261.8
Mad1l1	26.2	11	125	22.8	67.2	101.6	63.9	105.7	110.9	213.6	244.5	135.1	150	239.9	170.4	106.3	88.4	104.8	134.4	153.9	1021.7	1075.1	522.7	557.8
Ftsj2	155.4	85.6	105.2	39.1	75.8	41.2	84.9	69.5	91.4	152.4	92.7	243.4	47.9	170.2	74.3	178.1	93.3	126.6	148.6	50	136.1	150.3	242.2	270.5
2210016L21Rik	657.2	420.8	506.2	334.7	224.5	326.8	457.5	327	330.7	389.2	424.8	484	349.6	332.3	352.5	389.6	427.7	442.4	374.5	632.3	360.5	363.3	413.3	335.2
Snx8	139.6	213.7	172.2	226	70.8	15.1	145.8	196.8	1	92.5	149.6	238.9	178	75.6	170.4	237.8	69.1	193.5	162.9	162.9	358.1	324.9	357	355.9
Oasl2	551.2	393	804.8	730.3	443.3	346	420.6	398.5	234.1	230	171.3	376.7	450.9	430.6	410.7	563.7	312.6	519.5	374.5	418.1	215.6	236.5	80.5	108.7
Tmem168	625.7	413.5	427.1	270.6	486.9	276	487.5	373.1	290.6	387.8	235.6	229	205.1	314	511.2	282.3	731.7	410.4	444.7	369.4	853	792.4	1126.6	1148.6
Lfng	124.9	128.1	119.3	168.4	10	22	74.9	67.6	2.1	44.9	15.7	34.9	51.9	23.5	4.4	82	143	151.3	90.4	192.4	530.7	454.9	60.4	84.1
Tmem106b	1102.4	1197.9	1528.3	1170.4	1307.7	1445.7	1695.2	1144.6	780.4	973	1205.5	1025.3	900.2	847.3	1178.2	816.6	1083.1	1257.3	1018.9	1113.2	759.9	682.8	440.8	429.7
Mmab	155.4	225.4	118.6	119.5	146.6	201.8	246.7	190	92.4	302.1	256.5	288.1	221.1	35.2	187.9	178.1	155.1	126.6	327	203.9	408.2	393.1	385.8	369.5
Ube3b	632	594.9	363.6	462.9	381.1	311.7	528.4	354.4	450.8	387.8	458.4	404.4	767.7	536.2	343.7	551.5	447	292.5	480.3	493.8	1994	1785.2	1450	1535.5
Wipi2	825.2	636.7	612.8	739	578.4	370.7	699.3	411.2	591.5	435.5	347	681.8	499.6	462.2	308.8	428.1	596	504.9	510.1	466.8	1346.3	1329.5	1118.5	1060.5
Actb	21035.6	27301.5	31035.7	26982	38242.6	38638.5	32654.4	39408.3	45612.2	43188.1	40405.2	51075.9	40559.3	43625.5	39061.2	36108.5	39757.1	46148.7	37535	52111.7	100083.4	100784.9	61740.6	57453.4
Fscn1	392.7	120	212.5	309.7	80.8	118.1	57.9	83.2	0	29.9	17.9	57.3	55.1	72.6	20.4	1	1.2	20.4	21.4	41	29.4	43.1	0	0
Zfp12	529.1	712.8	447.6	504.2	180.9	300.7	279.7	346.6	453.9	279	463.7	456.3	576.2	165.8	291.3	316.7	361	394.3	343.6	180.8	290.4	317.9	338.2	348.1
Ung	877.7	1084.5	1058.9	1355.1	1492.2	1555.5	2749.1	2891.4	2097.9	2374.6	2816.4	3366.8	2610.5	2120.1	3511.4	2288	2607.1	1753.5	2408.8	1839.1	156	145.6	97.3	114.5
Usp30	224.7	166.1	276	297.8	232.4	184	451.5	255.6	99.6	132	247.5	377.6	185.9	198.1	93.2	185.2	195	211	147.4	127	197.3	156.6	84.5	93.2
Rbm19	204.7	143.4	97.4	126.1	271	236.1	334.6	194.8	173.5	285.8	222.9	127.9	119.7	183.4	69.9	191.3	201.1	131	114.1	284.7	398.6	411.1	332.1	327.4
Sdsl	706.6	320.5	559.8	465.1	756.4	584.9	498.5	650.1	700.3	642.3	786.7	998.5	488.4	428.4	729.7	452.3	36.3	59.7	15.5	130.8	15.9	14.1	107.4	91.2
Plbd2	445.2	354.9	288.7	243.4	561.3	466.8	413.6	413.2	370.7	216.4	195.2	439.3	237.8	272.9	235.9	286.4	275	384.2	444.7	393.7	883.2	1004.6	726.7	792
Ddx54	696.1	833.5	561.9	516.2	334.6	473.7	445.5	461.2	835.9	476.3	824.9	437.5	428.6	527.4	364.1	549.5	508.8	320.1	456.6	529.7	2209.7	2234.7	1686.8	1735.4
Rita1	149.1	125.9	137.7	100	60.8	182.6	46	81.3	82.2	65.3	112.2	116.3	31.1	55	27.7	32.4	42.4	82.9	79.7	43.6	77.2	71.3	52.3	47.9
Rasal1	0	0	0	0	0	0	0	0	6.2	0	0	0	0	0	0	0	18.2	18.9	34.5	33.3	459.9	419.7	0	0
Dtx1	0	0	0	0	7.9	0	0	7.8	0	39.5	0	41.2	0	0	2.9	0	0	0	0	32.1	92.3	111.2	0	0
Oas1b	299.2	250.3	165.2	223.9	75.8	53.5	179.8	111.6	106.8	42.2	115.9	89.5	148.4	68.2	103.4	116.4	167.2	93.1	186.7	159	13.5	7.8	5.4	6.5
Aimp2	516.5	547.4	417.9	731.4	744.3	405	719.2	714.8	695.2	636.9	994.6	1086.2	408.6	647	498.1	828.8	344.1	504.9	612.3	814.4	414.6	394.6	711.9	691.1
Eif2ak1	601.6	674	486.4	646.6	471.9	626.1	863.1	622.7	759.9	559.3	789	804.3	343.2	720.4	853.5	770.1	661.5	669.4	996.3	797.7	1254.8	1349.9	1590.9	1539.4
Rpl6	22896	27717.1	23189.9	26070.3	21972.6	24191.1	21301.4	21252.1	25268.6	20512.9	26630.7	35576	25676.2	23737.3	24347	28468.3	26011.6	25468.1	30274.1	29231.4	832.3	895	1485.5	1301.3
Erp29	1498.2	1302.6	991.8	1249.7	1282	1305.7	1551.4	1475.6	1485.9	1443.8	1688.6	2175.9	2130.8	2349.7	2519.6	2325.5	1591.9	1686.5	2199.5	2851.1	2194.5	2137.6	4295.6	4033.8
Ccz1	784.3	906.7	710.2	664	657.8	685.1	761.2	746.1	1031	711.7	781.5	840.1	1035.1	994	968.5	838.9	1027.3	867.3	878.6	1018.3	1090.9	1129.1	1707	1741.9
Arpc1a	1593.7	1349.4	1524.8	1887.6	1138.2	1399	1662.2	1507.9	1825.8	1814	1648.2	1481.6	1439.7	1085	1335.5	1441	1302.3	1347.5	1162.8	1510.8	853	760.3	971.6	856.7
Arpc1b	6450.5	6428.7	4653.5	5700.9	6145.9	4515.6	5971.7	4578.4	5620.1	4668.9	4689.7	4817.1	8214.5	7622.7	5595.6	6495.7	6514.1	5215.3	5635.6	4054.1	6216	6541.2	9233.3	9274.5
Pdap1	2704.5	3047.2	1827.7	3366.6	3403.3	3501	2737.1	2817	4093.2	3912.3	4495.3	4949.5	3853.9	3644.4	3371.6	4031.6	3029.9	2962.7	3546.6	3834.8	654.9	526.2	395.2	409.6
Ptcd1	171.1	92.9	67.8	168.4	68.6	215.6	61.9	101.8	92.4	62.6	184.7	20.6	199.5	239.9	56.8	192.3	214.4	30.6	97.5	132.1	385.1	361.7	369.7	200.6
Cpsf4	150.1	98.1	300	160.8	167.3	335	290.7	151.8	350.2	258.6	308.9	557.4	300.9	124	335	194.3	300.4	147	331.7	239.8	810.8	880.1	802.5	656.1
Zkscan14	30.4	54.2	218.1	85.9	47.9	48.1	140.9	164.5	173.5	65.3	159.3	89.5	163.6	215.7	51	137.6	107.8	59.7	161.7	143.6	271.3	279.5	310.7	346.2
Phf14	2199.5	2998.9	1615.9	2185.4	2611.1	2825.5	2633.2	2294.1	3222.4	3349	3507.4	3360.5	4619.2	3046.6	3437.2	4032.6	5402	5590.7	6779.4	3270.4	314.3	389.9	191.2	152.7
Ndufa4	1165.4	894.2	1385	1141.1	1631.6	1455.3	1944.9	1545.1	2300.2	3064.5	1496.4	1525.5	2147.6	3284.3	4229.4	1586.7	3642.9	3549.1	3106.7	2710	1608.1	1676.4	2911.4	2691.8
Rnf6	1283	1035.5	989	753.1	804.3	724.9	706.3	1126	1044.3	615.1	910.1	773	891.4	714.5	793.7	979.6	907.4	1008.4	1037.9	711.8	1181.6	1163.5	832.7	660
Cdk8	631	793.3	698.9	785.7	744.3	514.9	688.3	807.8	556.6	669.5	792	341.8	838	517.2	659.8	700.3	871.1	983.7	501.7	472	185.4	204.4	239.5	249.1
Usp12	187.9	234.9	80.5	150	299.6	210.1	113.9	100.9	55.5	136.1	143.6	127	116.5	301.5	166	241.9	140.5	61.1	166.5	151.3	554.6	541.1	366.4	445.2
Polr1d	2500.8	2111.2	2969.2	3049.3	3251.7	3871.7	2830	3168.5	3764.6	3387.1	2739.3	2580.3	3114.1	2509.6	3007.5	2861.8	3258.9	2386.4	3345.7	2957.5	681.1	684.3	839.4	775.2
Pan3	2133.4	1917.3	2719.3	3735	2409.5	2302.4	2205.7	2591.8	2077.4	2483.5	3355.6	2978.5	3690.3	3257.1	3282.8	3946.6	5599.5	5401.5	6798.4	3546.2	863.3	917.7	197.3	295.7
Pomp	1881.4	1992.7	2162.3	2577.7	1579.4	1683.2	1869	2420.4	1709.8	2229	2718.4	3793.5	2051.8	1815.6	2439.5	2515.7	1797.8	2286	2197.2	2607.4	2017.1	2061.6	2132.4	1944.4
Slc46a3	17.8	61.5	69.9	106.5	53.6	37.1	47	44.1	14.4	46.3	91.2	15.2	78.2	36.7	39.3	15.2	54.5	75.7	51.1	38.5	315.1	357.8	45	38.2
Mtus2	250.9	155.9	106.6	113	188	120.8	71.9	177.2	0	73.5	33.7	52.8	0	9.5	69.9	48.6	67.8	26.2	49.9	56.4	39	18.8	32.2	18.1
N4bp2l2	1731.3	1855.1	1389.3	1618.1	1550.8	2108.8	1616.3	1679.2	1547.5	1903.8	1500.2	1169.4	2482	1524.4	1750.6	1364.1	2140.7	1899	1720.4	1591.6	622.2	622.5	796.4	576.5
Hsph1	663.5	828.4	683.3	587.9	1179	899.3	1020.9	1472.6	787.6	1611.2	1207.8	1217.7	999.2	924.3	1315.1	582.9	850.5	590.8	645.6	1548	1121.9	1183.9	1936.4	1738
Col1a2	216.3	203.4	400.3	2485.3	579.1	182.6	699.3	580.6	47.2	270.8	99.5	119	73.4	1.5	795.2	8.1	30.3	46.6	19	1949.4	13.5	21.9	0	0
Ing3	344.4	521.8	300.7	420.6	284.6	744.1	395.6	480.8	408.7	292.6	374.7	113.6	585	322	304.4	535.3	454.3	398.7	454.2	360.4	449.6	456.5	451.6	396.7
Fam3c	424.2	699.6	993.2	1123.7	950.2	741.4	974	1035.9	915	921.3	827.1	1143.4	695.9	675.6	881.1	847	605.7	1050.6	732.4	869.6	1213.4	1208.2	899.1	861.9
Auts2	81.9	61.5	108	192.3	99.4	54.9	131.9	149.8	137.6	136.1	154.8	99.3	68.6	212	187.9	223.6	270.2	378.3	158.1	133.4	224.4	278	24.8	38.2
Limk1	287.7	327.1	525.2	580.3	246	347.4	353.6	381.9	395.4	145.6	327.6	573.5	431.8	424.7	485	486.7	425.2	291	598	287.3	533.9	377.4	436.1	490.5
Pot1a	757	769.8	782.2	929.1	1043.2	727.7	850.1	736.3	880	1009.7	590	572.6	656	859.8	604.4	513.1	912.2	662.1	778.8	563	622.2	599.8	917.2	915.6
Bcl7b	271.9	181.5	353	206.5	63.6	267.7	300.7	344.7	610	219.1	106.9	126.2	378.3	171.7	470.4	221.6	300.4	407.4	218.8	325.8	957.2	934.9	544.8	515.7
Wasl	772.7	804.2	772.3	1019.3	782.9	760.6	515.5	913.5	756.8	647.7	557.9	342.7	1006.4	615.5	662.7	593	800.8	692.7	652.7	523.3	158.3	187.9	69.1	124.2
Cul1	1175.9	2072.4	1280.6	1413.8	1670.9	1562.4	1104.8	1427.6	1658.4	1223.4	1411.2	1464.6	2118.1	1498.7	2066.7	1735.5	1349.6	1657.4	1570.6	1569.8	2100.7	2135.2	2168.6	2601.9
Ezh2	1120.2	1564.6	1152.1	1452.9	2811.3	3186.6	2270.6	2911	4174.3	4486.6	5024	4418	3773.3	3282.1	3419.7	3393.1	4392.8	3828.5	3266	3442.3	2247.1	2229.2	1172.2	1232
Rbm28	1353.3	2106.1	1081.5	1396.4	1636.6	1167	1187.7	1750.7	1964.4	1860.2	2306.3	1621.2	1267.3	1834.7	1670.5	1679.8	1780.9	1718.5	1443.4	1987.9	825.9	928.6	662.3	694.3
Lrwd1	490.3	373.2	433.4	336.9	319.6	439.3	415.6	430.8	706.5	489.9	565.4	711.3	406.2	601.5	349.5	492.8	544	279.4	425.6	764.4	1322.5	1320.1	1577.5	1494.1
Cux1	2216.3	3609.2	2896.4	2825.5	4725.3	3505.1	3660.1	3877.4	3369.2	3823.9	3980	3638.8	4168.3	3784.6	3638.1	3587.4	4953.7	5158.5	5145.8	4323.4	5733.8	5870.9	1919.7	2101
Gcc1	290.8	397.4	585.9	381.4	265.3	162	141.8	385.8	247.5	232.7	405.3	448.2	259.4	300	342.3	411.9	192.6	355.1	366.2	233.4	372.4	415.8	398.6	286
Gnb2	2902.9	2311	2295.7	1842	2510.3	2272.2	2288.6	2157	3545.8	2404.6	1803	823.1	2177.9	3448.6	2164.2	2616.9	2593.8	2137.6	1748.9	1698.1	3205.1	3310.5	2341.7	2097.2
Gigyf1	675.1	1053	475.8	632.5	570.6	777.1	275.7	683.4	473.4	295.3	142.1	346.2	673.6	556.1	444.2	306.6	659	646.1	353.1	397.6	428.9	505	110	96.4
Pop7	220.5	291.3	580.3	329.3	483.3	255.4	281.7	287.9	232.1	556.6	401.6	762.3	371.1	185.6	435.5	657.8	626.3	283.8	460.1	460.4	389.9	371.9	454.9	350.7
Tfr2	1180.1	1310.6	1174	1594.2	1456.4	1230.1	1453.5	1379.6	1013.5	1428.9	1450.8	1572.9	899.4	809.9	1380.7	1205.2	235	416.2	237.8	398.9	116.2	134.7	448.2	370.8
Agfg2	362.2	527.6	217.4	303.2	387.5	188.1	420.6	523.8	257.7	627.3	488.3	379.4	627.3	367.5	549.1	324.8	410.7	579.2	357.9	410.4	679.5	806.5	519.3	524.1
Tsc22d4	2154.4	2231.2	1598.9	1698.5	1762.4	1809.5	1825.1	1488.3	1956.2	1471	1311.7	870.5	1891.4	1701.2	1361.8	1004.9	1687.6	1411.5	1379.2	2005.9	3731.8	3926.8	2931.5	2860.7
Ppp1r35	80.8	11	79.1	33.7	48.6	33	79.9	23.5	75	44.9	45.6	4.5	19.2	102.7	49.5	20.2	47.2	53.8	15.5	60.3	692.3	678.1	721.3	754.5
Mepce	330.7	484.4	367.8	276	460.4	237.5	334.6	297.7	383	416.4	498.1	335.5	282.5	493.7	324.8	423	292	424.9	474.4	361.7	599.2	625.6	391.2	320.9
Zkscan1	1381.7	918.4	692.5	908.5	734.3	749.6	569.4	804.8	569.9	807	620.7	776.6	1429.3	882.5	1195.7	638.5	1047.9	975	857.2	482.2	501.3	523.8	432.1	527.4
Mcm7	2150.2	2131.7	2263.2	2140.8	4407.1	4370	2193.7	3503.3	5848.1	4571	6022.4	7265.9	5824.3	6242.8	4780	6269.1	5171.8	4074.4	6049.3	5921.4	7136.7	7498.8	7653.8	7937
Tpk1	401.1	341	230.8	281.5	199.5	177.1	87.9	206.6	173.5	322.5	227.3	150.3	311.2	185.6	340.8	238.8	163.5	416.2	210.4	203.9	191.8	225.5	148.3	44.6
Asns	65.1	191	92.5	223.9	215.2	133.2	228.8	161.6	127.3	172.8	190.7	174.5	157.2	136.4	256.3	24.3	54.5	48	95.1	152.6	140.8	155.8	745.5	747.4
Pon3	255.1	171.2	187.8	201	185.9	208.7	187.8	214.4	200.2	110.2	391.1	354.3	302.5	91	195.2	304.6	76.3	131	263.9	155.2	152.8	178.5	267	368.8
Exoc4	1259.9	958.6	578.2	692.2	744.3	1305.7	1590.3	905.7	1172.7	1083.2	961.7	903.6	1073.4	1045.4	843.3	876.4	1370.2	793.1	984.4	890.1	1020.9	931.8	507.9	740.9
Plxna4	193.2	114.9	98.8	68.5	64.3	67.3	59.9	36.2	38	16.3	9.7	42.9	88.6	0	0	17.2	0	0	0	1.3	1.6	0.8	0	0
Calu	1517.1	1630.4	1555.9	1271.5	1276.2	1290.6	1501.4	1660.6	1331.9	1188	1130	1947.8	1668	1029.2	1350.1	1346.9	1155.7	890.6	1307.8	750.3	2422.1	2261.3	4504.9	4854.3
Irf5	208.9	174.2	224.5	158.7	218.1	204.6	315.7	209.5	485.7	178.3	69.5	132.4	367.9	121	180.6	144.7	218.1	601	205.7	334.7	1632.8	1738.3	774.3	735.7
Ahcyl2	319.2	194.7	237.9	245.6	274.6	195	420.6	378.9	90.4	338.8	62.8	167.3	59.9	180.5	451.5	86	261.7	272.1	97.5	130.8	333.4	379.8	489.1	520.9
Klhdc10	418.9	517.4	443.3	644.4	639.9	600	345.6	404.4	330.7	670.9	523.5	671.9	541.9	490.8	610.2	497.9	661.5	534	701.5	520.7	692.3	633.4	758.2	789.4
Hibadh	1336.5	952.8	1887	1495.3	1105.4	1098.3	1431.5	1426.6	1107	1258.8	1083.6	870.5	690.3	1223.6	1159.3	1301.4	1262.4	1541	1417.2	1428.7	2033.8	1960.6	1747.2	1640.3
Gars	759.1	673.2	809.7	749.8	1080.3	963.8	1113.8	1093.7	794.8	1072.3	1468.8	1624.8	415	669.8	1057.4	983.6	678.4	780	848.9	1292.8	2485	2610.5	3631.3	3530.4
Nt5c3	4514.5	3574.8	3536.7	3810	2965	3270.3	3104.7	2897.3	3508.9	3236	3621.8	3069.7	1762.1	2065.8	1455	1938.9	1028.5	1108.8	1181.8	1095.3	665.2	618.6	1358.1	1234.6
Fkbp9	728.6	494	919.1	865	680.7	864.9	850.1	549.3	305	470.8	586.3	574.4	558.6	509.1	383	566.7	407.1	296.9	147.4	227	23.9	25.8	210	316.4
Tmem209	679.3	522.5	600	495.5	742.9	748.2	602.4	502.3	482.6	646.4	652.9	292.6	926.6	545.1	643.7	681	642.1	694.1	407.8	506.6	1085.3	1076.6	1057.5	1103.3
Avl9	1684	1151.1	1450.7	1792	1279.1	1028.3	943	1261.1	971.4	756.6	868.2	836.5	995.2	674.2	873.9	1206.2	953.4	1068.1	1065.3	783.6	599.2	539.5	308	275.7
Cep41	801.1	844.5	900.8	605.3	604.2	762	340.6	544.4	785.6	511.7	789	498.3	352.7	398.3	645.2	407.8	631.2	424.9	486.3	513	245.1	270.1	249.6	183.1
Herc6	86.1	485.9	324	562.9	426.8	330.9	218.8	362.3	552.5	325.2	300.6	268.4	429.4	359.5	259.2	229.7	467.6	451.1	438.7	206.5	154.4	151.1	81.2	82.8
Abcg2	2379	1714.6	2133.3	2365.8	2239.3	1993.5	1321.6	1439.3	1303.1	1027.4	1108.3	627.2	894.6	757.1	814.1	644.6	565.8	975	858.4	550.2	213.2	190.3	487.1	453.6
Herc3	367.5	303	454.6	631.4	92.2	208.7	437.5	326.1	66.7	246.3	166.8	8.9	274.5	172.4	221.4	113.3	351.3	273.6	259.2	307.8	368.4	357.8	103.3	45.3
Tmem176b	2578.5	2208.5	3233.2	3556.8	2762.7	2313.4	2148.7	2455.7	1410.9	1805.8	2846.3	2052.4	1655.2	1919.1	2758.5	3564.1	1892.3	1883	2840.4	2567.6	1454.5	1489.3	1657.3	1454
Malsu1	550.1	703.2	589.5	799.8	917.3	558.8	628.3	573.8	619.2	771.6	542.9	826.7	647.2	554.6	643.7	782.2	714.8	844	813.2	577.1	233.9	275.6	340.2	335.2
Tra2a	3248.4	4372.4	2717.1	4231.7	3838.7	3259.3	2734.1	3235.1	2930.7	3515	3971.8	2656.4	4102.9	3276.2	3521.6	4086.3	3836.8	3509.8	3871.2	2412.4	811.6	786.1	651.5	684
Dfna5	118.6	69.5	36.7	217.3	82.2	90.6	55.9	116.5	316.3	88.5	70.3	103.8	34.3	106.4	135.4	94.1	156.3	71.3	158.1	124.4	265	244.3	464.3	329.4
Osbpl3	635.2	458.1	756.1	835.7	594.1	484.6	478.5	560.1	651	568.8	522.7	600.3	491.6	330.1	351	429.1	294.4	596.6	387.6	447.6	323.9	339.8	292.5	511.2
Luc7l2	9254.8	11485.4	7779.4	10632.4	8836.4	8295.3	7551	8173.8	8450.2	7186.4	7952.6	5924.7	8461.9	7745.9	7261.7	8231.2	11106.8	9310.1	9505.6	5516.2	471.1	462	152.3	190.2
Zc3hav1	827.3	698.9	699.6	753.1	839.4	542.3	1147.8	940	1098.8	977.1	870.5	881.3	833.2	1021.9	706.4	928	1133.9	1200.5	1037.9	997.8	1394.9	1151.8	548.2	658.7
Trim24	416.8	837.9	972.1	1056.3	508.3	648	1165.8	862.6	1005.3	1174.4	1189.8	1561.3	743	994	939.4	1115.2	1033.4	822.2	1005.8	870.8	299.2	334.3	88.6	77.6
Cbx3	2298.2	2911	1519.2	2409.2	3420.4	2995.7	2300.6	3050	4291.4	3419.7	4414.5	5835.2	5308.7	4191	2998.8	4679.3	3812.5	2840.5	4375.3	3515.4	483	426	367.7	372.7
Ptn	199.5	60	14.1	66.3	27.9	164.8	300.7	76.4	40	35.4	44.1	3.6	4	0	0	0	73.9	2.9	17.8	5.1	1.6	0	0	1.3
Mtpn	2312.9	2835.7	3123.1	2649.4	4073.9	4320.6	3898.9	4297.4	3618.7	5353.4	4232.8	3911.6	3915.3	3964.3	4935.8	4097.4	3743.5	4915.5	4302.8	4118.2	4576.9	4485	6198.5	6361.4
Zyx	765.4	840.8	852.8	699.8	892.3	1184.8	1025.9	962.5	965.3	1271	1579.4	1665	1142	779.1	1061.7	957.3	1034.6	1276.2	1492.1	1249.2	3756.5	3767	2252.5	2230.5
Casp2	867.2	711.3	861.9	1038.9	747.9	969.3	1449.5	866.5	948.8	1015.2	1040.2	1136.3	688.7	814.3	1079.2	1074.7	912.2	1101.5	871.5	897.8	2085.5	2200.2	1372.8	1157.6
Gstk1	281.4	204.2	194.8	254.3	200.9	119.4	66.9	170.4	192	219.1	223.6	238.9	105.3	168.7	155.8	209.5	164.8	97.5	203.3	151.3	112.2	94.7	65.8	57.6
Ephb6	21	111.2	49.4	20.6	0	71.4	6	6.9	22.6	47.6	2.2	114.5	76.6	11.7	40.8	30.4	8.5	59.7	20.2	5.1	237.1	265.4	58.4	102.2
Mad2l1	87.1	213.7	329.7	284.7	845.1	1136.8	1074.9	692.2	1701.6	1287.3	1002.1	675.5	832.4	1143.7	799.6	414.9	1029.8	1370.8	702.7	706.7	1615.3	1670.1	1561.4	1694.7
Ssbp1	1486.6	1562.4	1073.7	975.9	1980.5	1492.4	1377.5	1067.3	1492.1	1592.2	706.7	374	2037.5	2014.4	1345.7	1109.1	1726.4	1618.1	934.5	1170.9	481.4	517.6	605.9	633.5
Prdm5	415.8	332.2	512.5	451	323.2	68.6	445.5	366.2	148.9	334.8	213.1	156.6	139.7	410.8	209.7	216.6	111.5	170.3	252.1	200.1	54.1	53.2	118.1	49.2
Clec5a	0	0	24	21.7	0	0	0	13.7	0	19.1	0	8.1	6.4	149.7	17.5	0	0	37.8	0	44.9	31.8	29.8	1337.9	1491.5
Agk	196.3	237.8	228.7	230.4	98	201.8	203.8	276.1	425.1	200	177.2	242.5	342.4	217.1	215.6	205.4	352.5	291	254.4	212.9	257.8	293.6	293.2	249.8
Mrps33	559.6	497.6	571.8	684.6	462.6	510.7	484.5	516	671.6	728	988.6	850	550.7	945.6	493.7	737.7	679.6	483.1	598	855.4	103.4	110.4	106	139.1
Hpgds	87.1	77.6	63.5	89.1	99.4	111.2	44	23.5	71.9	1.4	51.6	78.7	66.2	93.9	32	27.3	151.4	218.3	178.3	123.1	44.6	56.4	0	0
Smarcad1	1061.4	1056.7	1014.4	837.9	762.9	1084.6	708.2	881.2	973.5	755.3	732.9	669.2	1240.2	1587.5	777.7	942.1	895.3	734.9	891.7	823.4	821.2	729	783	803
Mkrn1	1116	725.9	1202.9	1118.2	1216.9	907.5	651.3	849.9	832.8	593.3	570.6	528.8	1044.7	605.9	764.6	966.4	821.4	1159.8	840.6	747.7	1626.4	1696.8	1024.6	1229.4
Rab19	0	57.8	3.5	13	0	41.2	37	10.8	0	17.7	0	0	0	28.6	0	0	23	0	8.3	41	76.4	110.4	5.4	23.3
Tbxas1	3120.3	3514.8	1310.9	2300.6	1563.7	1736.8	1425.5	1080	694.2	465.4	1016.3	709.5	619.3	465.1	409.3	228.7	418	426.4	350.7	441.2	93.1	84.6	291.9	383.1
Gfpt1	2018.9	1791.4	2453.1	1850.7	1793.9	1617.3	2028.9	1760.5	1020.7	2088.8	1313.2	1051.3	1390.2	1036.6	1300.6	899.6	1092.8	1235.4	1273.4	968.3	218	249.8	354.9	257.5
Nfu1	866.2	616.2	695.3	835.7	494.8	745.5	702.3	618.8	554.5	566.1	715.7	801.7	915.4	561.9	757.3	635.5	648.1	651.9	623	708	591.2	635.8	1000.4	939.5
Anxa4	623.6	509.3	1027.1	1087.8	821.5	885.5	1010.9	1112.3	561.7	881.8	596.8	628.1	465.3	664.6	939.4	1095.9	799.6	1453.7	1209.2	1051.7	372.4	410.3	265	328.7
Pcyox1	554.3	597.9	665	693.3	624.2	643.9	872.1	378.9	897.5	536.2	507.8	455.4	930.5	1115.8	656.8	481.7	482.2	814.9	527.9	511.7	996.2	1043.7	2859.7	3034.8
Dusp11	2027.3	1394.8	1201.5	894.4	1432.8	1194.5	1940.9	1075.1	1620.4	1781.3	694	615.6	936.9	1272	1591.9	591	1057.6	1367.8	651.5	1051.7	906.3	902	944.7	858
Cct7	4028.4	3527.9	3735.1	2510.3	4142.6	4127	2896.9	3883.3	4663.1	4123.3	4303.8	6789.9	3570.5	4048.6	3930.9	3717.9	3353.4	3304.6	3528.8	4494	6297.2	6359.5	8902.5	8777.5
Pradc1	74.5	71.7	103.8	130.4	157.3	262.2	136.9	152.7	154	342.9	190	229.9	200.3	136.4	330.6	120.4	65.4	96	141.5	193.7	329.4	371.1	433.5	425.8
Zfp638	1786.9	1824.3	1604.6	2172.3	1910.4	1750.5	1779.1	1674.3	1561.9	1720.1	1343.1	1117.5	2400.6	2030.6	1446.2	1735.5	1897.2	2441.7	1734.7	1649.3	732	861.3	768.9	942.1
Fbxl14	2330.8	1497.2	1831.2	1023.7	1635.9	1848	1999.9	1753.6	1687.2	1890.2	459.2	125.3	2205.1	1580.1	1466.6	556.6	1707	1776.7	770.4	1226.1	1500.7	1593.4	817.9	852.8
Kbtbd8	38.8	82.7	36.7	16.3	5	156.5	43	65.6	40	219.1	126.4	19.7	9.6	110	51	41.5	60.6	90.2	41.6	19.2	62.1	47	238.9	324.8
Ino80b	415.8	508.6	470.9	621.6	213.1	249.9	247.7	516	412.8	476.3	810.7	609.3	466.1	407.9	368.5	706.3	540.3	550	659.9	416.8	301.6	304.6	518	427.7
Wbp1	205.8	260.5	417.2	361.9	183.7	413.3	320.7	400.5	95.5	257.2	405.3	176.3	533.1	261.9	269.4	486.7	819	531.1	483.9	587.4	617.5	622.5	621.3	568.8
Mogs	1348.1	1107.2	1161.3	985.7	2104.9	1492.4	1342.6	1754.6	1688.2	1726.9	1750.7	2042.6	1249.8	2200	1772.5	1497.7	1565.2	953.1	1099.8	2486.8	3514.6	3626.9	10396.1	9467.3
Pole4	1522.3	1053.8	1358.2	1153	1827.5	1493.8	1701.2	1495.1	1565	2184.1	1414.9	1763.5	1048.7	1441.5	1599.1	1448.1	1400.5	1509	1169.9	1574.9	1101.3	1069.6	1070.9	875.5
Mrpl19	646.7	648.4	518.2	731.4	1258.4	639.8	758.2	687.4	724	1159.4	943.8	954.6	887.4	1185.5	753	792.4	695.4	1202	825.1	901.6	651.7	586.5	1470.1	1501.2
Arhgap25	739.1	1022.3	885.2	1073.7	672.1	612.3	915	818.6	448.7	605.6	700	508.2	549.1	661	812.7	884.4	828.7	788.7	1198.5	697.7	1231	1270.8	436.1	442.6
Aplf	192.1	218.8	149	200	82.9	265	153.8	153.7	264.9	227.3	166.8	273.8	59.1	176.1	233	194.3	111.5	170.3	129.6	248.8	138.5	145.6	269.1	233.6
Gp9	155.4	142.7	110.1	95.6	60.1	103	60.9	95	352.2	141.5	140.6	250.5	99	86.6	29.1	22.3	9.7	0	49.9	20.5	16.7	15.7	31.5	13.6
Rab43	522.8	273.7	210.4	366.2	388.9	347.4	186.8	151.8	97.6	108.9	188.5	70.7	308.9	177.5	119.4	164.9	322.3	46.6	146.2	157.8	97.1	81.4	69.8	30.4
Isy1	847.3	1031.8	1424.6	1128	1229.8	1182.1	1568.3	1604.8	1495.1	1722.8	828.6	1259.7	1102.9	1219.9	1877.3	769.1	855.3	1033.2	815.6	1417.2	538.7	566.1	661.6	593.4
Cnbp	6157.6	6072.4	6361.2	5747.6	6000.8	5948.9	6457.2	6274.3	5559.6	7342.9	5783.8	5904.1	5414.9	5230.4	6114.1	5754	5761.8	6124.7	5755.7	5362.3	16412.9	16524.5	16934.1	17348
Copg1	575.3	697.4	849.2	820.5	1096.1	664.5	1086.8	877.3	887.2	533.4	921.3	830.3	686.3	716	1141.8	664.9	605.7	710.1	910.7	638.7	2423.7	2358.4	3735.3	3704.5
Tmf1	1085.6	1054.5	708.1	944.4	1111.8	1128.6	566.4	774.5	573	899.5	782.2	676.4	1037.5	749	621.9	798.4	902.6	787.2	760.9	841.3	403.4	458.8	318.7	191.5
Hmces	101.8	190.3	301.4	318.4	208.1	174.4	301.7	267.3	165.3	506.2	605	862.5	214.7	379.3	313.1	744.8	262.9	353.6	267.5	457.9	528.3	491.7	428.1	332.6
Uba3	421	398.1	545	551	358.2	458.6	739.2	500.3	449.8	596	251.3	301.5	490	274.4	875.3	469.5	797.2	666.5	372.1	465.6	502.1	465.9	536.8	618
Rpn1	2724.5	2905.2	2326.8	2438.6	4086.8	3050.7	2472.4	3059.8	4712.4	4418.6	4338.2	4766.1	4260.9	5234.8	3815.8	3994.2	2357.5	2389.4	2129.4	3466.7	6404.6	6661.8	18191.5	18513.3
Frmd4b	399	372.5	424.3	346.7	198.8	442.1	162.8	275.1	31.8	123.8	143.6	70.7	229	118.8	193.7	177.1	268.9	229.9	216.4	151.3	185.4	216.1	84.5	140.4
Foxp1	7960.3	7029.5	5960.2	5829.1	5581.8	6138.4	4780.9	6226.3	5467.1	5149.3	5433.8	4984.4	6837	5918.5	5908.7	5218.6	9483.4	9302.8	9631.6	7817	4144.8	4080.2	1316.5	1424.8
Gm20696	29.4	42.4	33.2	164.1	80.8	1.4	77.9	89.1	78	44.9	60.6	47.4	106.9	148.2	53.9	38.5	93.3	85.9	252.1	57.7	132.1	86.9	16.1	9.7
Ruvbl1	920.8	990.8	936.1	504.2	960.2	648	433.5	673.6	1148.1	715.8	836.1	974.3	1019.1	710.8	814.1	645.6	637.2	534	632.5	860.6	792.5	817.5	1048.1	1032.1
Sec61a1	2154.4	1919.5	1670.2	2282.1	1886.8	1396.3	2037.8	2066	1899.7	1913.3	2185.2	3152.9	2252.9	2243.3	2082.7	2940.7	1367.8	2123.1	1845.2	2634.3	4416.1	4558.6	10866.5	11618.8
Abtb1	259.3	154.4	189.9	132.6	148	258.1	144.8	147.8	146.8	112.9	234.1	184.3	119.7	196.6	154.4	112.3	277.4	254.7	242.5	237.3	663.6	700	639.4	718.9
Plxna1	205.8	122.2	137.7	117.4	249.5	22	118.9	64.6	41.1	25.9	71.8	66.2	36.7	0.7	24.8	66.8	0	8.7	21.4	46.2	237.9	288.1	42.3	14.9
Chchd6	213.1	203.4	314.1	382.5	126.6	240.3	670.3	245.8	155.1	255.8	640.2	636.1	301.7	199.5	391.8	432.1	199.9	384.2	224.7	441.2	687.5	766.6	377.1	352.7
Aldh1l1	49.3	140.5	233	79.3	148	41.2	144.8	121.4	118.1	98	162.3	194.2	78.2	23.5	77.2	101.2	43.6	125.1	120.1	66.7	65.2	47	4.7	49.2
Slc41a3	430.5	133.9	231.5	209.7	246.7	153.8	192.8	227.2	482.6	300.7	332.8	140.5	72.6	296.4	167.5	128.5	193.8	110.6	47.6	141.1	117	116.7	102	95.8
Nup210	987.9	1246.2	1260.1	1019.3	1969	1790.3	1503.4	1441.3	1931.6	2106.5	2168.7	2620.6	1782.9	2373.1	2154	2532.9	2026.8	2134.7	1891.6	3061.4	12830.7	13303.2	7172.1	7205.8
Xpc	1313.4	1274.8	950.2	1323.6	891.6	1683.2	900	934.1	1287.7	1016.5	1233.2	1014.6	2599.3	1496.5	1769.6	1771.9	3046.9	3560.8	3326.7	2761.3	2278.9	2256.6	1855.9	1976.8
Tmem43	767.5	647.6	869	609.6	599.2	561.5	692.3	518	870.8	606.9	450.9	370.4	1355.1	488.6	889.9	658.8	1255.1	1056.4	900	940.1	1762.5	1850.2	4042.6	3936.8
Slc6a6	1926.5	2163.9	1964.6	1726.8	2462.4	2240.6	2128.7	2350.9	1955.2	1627.5	1174.9	853.5	1869.9	1935.2	1861.3	1353	2321.2	2729.9	2079.5	1673.7	1425.9	1404.7	788.4	839.3
Sumf1	159.6	239.3	124.2	101.1	135.1	296.6	2	150.8	100.6	122.5	68.1	124.4	165.2	249.4	173.3	141.7	164.8	205.2	237.8	288.6	633.4	551.2	612.6	517.7
Itpr1	711.8	1389.7	1241.7	1384.5	514.1	1046.2	1168.8	1006.6	961.2	692.7	1023.8	1137.2	494	729.2	722.4	940.1	951	970.6	1143.8	711.8	1216.6	1120.5	279.1	270.5
Bhlhe40	135.4	122.2	53.7	42.4	42.9	11	76.9	67.6	61.6	23.1	19.4	0	47.9	0.7	23.3	5.1	2.4	0	30.9	69.3	206.9	191.8	84.5	57.6
Edem1	320.2	355.6	362.1	256.5	283.1	258.1	746.2	471.9	278.3	592	253.5	104.7	252.2	212.7	643.7	318.8	325.9	470	274.6	679.7	1616.9	1615.3	3524	4169.1
Arl8b	679.3	715.7	1356.8	803.1	1088.9	1485.5	1501.4	1120.1	1162.4	1031.5	952.8	892	1019.1	1292.6	1106.9	962.4	1310.8	1570.1	1230.6	1146.6	1558.8	1581.7	3018.7	3263.8
Usp18	113.4	46.8	148.2	57.6	80.1	133.2	29	170.4	71.9	89.8	106.9	233.5	37.5	33.7	61.2	198.3	143	91.7	105.8	96.2	311.9	305.4	83.2	66
Slc6a13	13.6	42.4	76.2	55.4	42.2	116.7	21	113.6	183.8	61.2	83	46.5	55.1	80.7	16	26.3	15.7	2.9	9.5	0	31	18.8	98.6	78.9
Gdf3	257.2	298.6	329.7	211.9	370.4	340.5	199.8	244.8	426.2	122.5	311.1	293.5	178.8	226.7	173.3	104.2	0	0	1.2	37.2	36.6	33.7	361.7	414.1
Mlf2	560.6	398.8	506.9	791.1	533.4	580.8	633.3	713.8	492.9	605.6	666.3	715.8	465.3	491.5	630.6	517.1	321	780	527.9	468.1	2561.4	2694.3	2035.1	2124.3
Ptms	338.1	394.4	309.2	273.9	459.7	237.5	322.7	413.2	358.4	311.6	385.9	364.1	469.3	289	348.1	476.6	276.2	423.4	393.5	504	269.7	235.7	18.8	18.1
Plxnd1	87.1	29.3	36.7	50	72.2	9.6	26	80.3	33.9	20.4	10.5	25.9	41.5	151.9	72.8	88	56.9	81.5	90.4	105.2	251.4	252.1	292.5	271.1
Lag3	0	0	0	0	0	0	0	0	0	0	0	0	0	0.7	0	0	2.4	0	0	1.3	74	86.9	8.7	0.6
Tmcc1	763.3	485.9	873.9	1188.9	466.2	565.6	503.5	751	323.5	457.2	557.1	259.5	408.6	229.6	380.1	238.8	481	427.8	498.2	601.5	131.3	112.8	19.5	56.9
Cops7a	679.3	630.8	934	1038.9	920.9	565.6	1069.9	887.1	508.3	926.7	332.8	200.4	585	573.7	857.8	555.6	659	897.8	373.3	518.1	1154.6	1151.8	1922.3	1938.6
Tuba8	235.2	83.4	196.2	131.5	213.8	424.2	255.7	201.7	938.6	440.9	830.9	1098.7	24.7	48.4	122.3	93.1	21.8	14.6	1.2	38.5	172.7	177	633.4	531.9
Bms1	2050.4	2272.9	1394.9	1799.6	1773.1	1555.5	974	1718.4	1861.7	1905.1	2399.8	2238.5	1834	2153.1	2095.8	1886.3	1287.8	1305.3	2034.3	1707	1349.5	1198	1345.3	1300.6
Clec4e	1	0	41.7	51.1	152.3	204.6	138.9	76.4	205.4	259.9	89	216.5	570.6	571.5	474.8	413.9	207.2	208.1	120.1	96.2	15.1	17.2	300.6	282.8
Clec4d	0	0	27.5	14.1	0	17.8	88.9	18.6	95.5	303.5	222.9	313.1	125.3	214.2	144.2	102.2	46	45.1	59.4	9	1.6	3.9	40.3	71.8
Zfp248	138.6	216.6	108.7	188	127.3	122.2	107.9	104.8	37	64	68.1	115.4	16	133.5	84.5	79.9	89.6	8.7	70.1	132.1	28.6	30.5	89.2	38.2
Clec4a2	0	12.4	19.8	4.3	81.5	0	128.9	47	0	122.5	24.7	107.4	0	2.2	112.1	19.2	63	0	1.2	98.8	42.2	21.1	683.1	539
Klrk1	7.3	0	7.8	0	0	0	11	18.6	97.6	10.9	2.2	11.6	0	9.5	53.9	0	3.6	27.6	0	77	163.1	164.4	154.3	181.8
Klrb1f	0	72.4	31.8	43.5	0.7	34.3	43	44.1	0	0	0	0	13.6	48.4	59.7	23.3	80	53.8	5.9	84.6	190.2	173.8	638.8	762.9
Cd69	36.7	57.8	98.1	75	142.3	193.6	62.9	118.5	41.1	110.2	77	76.9	182	264.1	174.8	204.4	535.5	609.7	579	623.3	3162.1	2995.8	393.9	402.5
Clec2d	103.9	704.7	331.8	464	54.3	285.6	322.7	313.3	180.7	102.1	316.3	328.4	166	340.4	142.7	194.3	266.5	189.2	387.6	106.4	61.3	42.3	2.7	6.5
Gabarapl1	3556	3134.2	3684.3	4120.8	2369.4	2368.3	2214.7	1386.5	1425.3	1125.4	1625.1	2110.6	1146.8	1282.3	1321	1856.9	1433.2	1546.8	1901.1	1013.2	831.5	768.1	745.5	750.6
Olr1	0	0	0	0	0	0	0	0	0	2.7	10.5	0	0	198.1	0	7.1	0	0	0	41	15.1	9.4	474.4	327.4
Klrd1	0	0	28.9	0	0	0	0	23.5	41.1	10.9	0	8.9	0	0	2.9	0	31.5	164.4	19	112.9	492.5	463.5	2	0
Rad52	234.1	400.3	227.3	426	190.2	141.4	471.5	260.5	242.3	255.8	152.6	230.8	205.9	192.2	249	267.2	146.6	327.4	153.4	203.9	113.8	73.6	82.5	106.8
Adipor2	3057.3	2573	3147.1	3029.8	2624.7	2224.2	2512.3	3278.1	2617.5	2795.1	3324.9	3693.3	4237.7	2023.2	2787.6	3379.9	2381.8	3099.5	3319.5	2680.5	562.6	482.3	534.1	499.5
Erc1	685.6	950.6	435.6	827	603.4	731.8	204.8	818.6	510.4	487.2	1023.8	586.9	480.4	641.2	444.2	558.6	293.2	298.3	317.4	302.7	124.1	134.7	43.6	79.6
Ccdc77	338.1	512.3	302.1	431.4	546.2	483.3	326.7	383.8	598.7	439.5	674.6	446.5	494.8	685.9	203.9	394.7	575.5	304.1	524.3	482.2	204.5	178.5	203.3	121.6
Kdm5a	2501.9	2834.2	1731	2260.4	2301.5	2155.5	1949.9	1960.2	1963.4	1611.2	1813.5	1475.4	1610.5	1862.6	1610.8	1612	2379.3	1983.4	1790.6	1686.5	1415.6	1443.1	868.9	900.7
Magohb	374.8	344.7	348	345.6	299.6	277.3	360.6	542.4	781.5	815.1	304.4	122.6	378.3	806.9	519.9	413.9	203.5	390	158.1	339.9	248.3	248.2	433.5	344.2
Ybx3	1495	1901.2	2777.9	3514.4	3315.3	2798	3817	4378.7	4373.5	5052.7	4977.6	4670.3	3320.8	4052.3	4618.3	5071.9	2329.7	3608.8	3134.1	4341.4	6056.9	6204.5	12561.4	12625
Etv6	5361.8	4669.5	3451.3	3642.7	3237.4	3315.6	3393.4	3381.9	2869.1	2914.9	2750.6	2148.2	3798.8	3942.3	3199.8	2882	3009.3	2837.5	2501.5	3185.8	2286.8	2231.6	2656.4	2361.2
Lrp6	1656.7	2188.8	1020.1	1345.4	1532.2	2375.2	1442.5	1302.3	1059.7	1154	755.3	637	1152.4	1032.9	1067.6	841.9	1491.3	1642.9	980.9	1091.4	430.5	446.3	232.8	383.7
Dusp16	465.1	496.2	478.6	382.5	173.7	159.3	256.7	350.5	253.6	182.3	284.9	348	200.3	232.5	176.2	173	111.5	267.7	137.9	193.7	37.4	30.5	3.4	5.2
Ddx47	804.2	1077.9	845.7	1060.6	838	718	1010.9	1123.1	692.1	934.9	1076.1	1609.6	782.9	554.6	986	856.1	866.2	557.3	879.8	928.6	1195.9	1182.3	1681.5	1477.9
Fam234b	61.9	120.7	67.1	165.2	72.9	86.5	121.9	26.4	75	49	130.1	172.7	160.4	170.9	145.6	77.9	29.1	142.6	47.6	89.8	1026.5	987.4	241.6	222.6
Emp1	0	1.5	14.8	0	7.9	26.1	28	0	9.2	0	0	32.2	76.6	65.3	29.1	44.5	479.7	416.2	644.4	257.8	753.5	674.2	0	0
Atf7ip	2180.6	2734.7	1788.1	2486.4	2095.6	2766.5	2040.8	2285.3	2172.9	1906.5	2052.8	1484.3	2055.8	2470	2078.3	2035	2595	2392.3	2506.3	1687.8	1614.5	1450.1	1015.9	830.2
Plbd1	1	8	7.1	16.3	23.6	11	55.9	27.4	0	29.9	14.2	152.1	12	0	49.5	14.2	26.7	104.8	51.1	177	180.6	187.9	20.1	49.2
Wbp11	2273	2302.9	1650.5	1564.9	3150.2	1644.8	2505.3	2170.7	2741.8	3200.6	1462	1345.6	2720.6	2258.7	3065.8	1710.2	2495.6	3197	1650.3	3174.3	2751.5	2755.4	2441.7	2572.8
Art4	752.8	717.9	724.3	824.8	336.8	572.5	344.6	196.8	276.2	93.9	107.7	242.5	200.3	71.9	154.4	39.5	55.7	11.6	69	29.5	152.8	130.8	10.7	29.8
Erp27	89.2	142.7	122.1	96.7	82.2	0	52.9	55.8	6.2	9.5	10.5	102	42.3	0	13.1	12.1	15.7	43.7	33.3	75.7	3.2	6.3	7.4	1.9
Arhgdib	2207.9	1763.6	2284.4	2135.4	2769.1	2832.4	2290.6	2604.5	2273.5	3223.8	2904.6	4392.1	3654.3	3266.6	3191	3598.5	3008.1	3800.9	3866.4	4081	7943.5	8101.7	16894.5	16544.9
Ptpro	0	0	18.4	1.1	0	0	0	3.9	0	0	0	65.3	0	0	13.1	0	3.6	0	23.8	34.6	97.9	108.1	98	152.1
Strap	915.5	932.3	1409.8	903.1	1598.7	1591.2	1870	1703.7	1657.4	1988.1	1611.6	1241.8	1670.4	2084.1	2158.4	1423.8	1822.1	2492.7	1230.6	1680.1	3326	3386.5	5100.8	5233.5
Dera	326.5	400.3	461.7	627	363.9	643.9	344.6	331.9	302.9	562	666.3	480.5	431.8	575.9	589.9	734.7	455.5	368.2	596.9	813.1	1191.2	1292.7	1982.7	2039.6
Plekha5	952.2	874.5	945.2	735.7	428.3	801.8	434.5	747.1	475.4	367.4	772.5	611.1	193.1	398.3	387.4	448.3	603.3	356.5	372.1	319.3	252.2	209.8	65.1	80.2
Aebp2	2085.1	1942.9	2844.2	3810	2396.6	2696.4	3526.3	2828.7	2390.6	3240.1	2238.3	2311.9	2411	1775.3	2752.6	2726.2	2207.3	3131.5	2775	1481.3	862.5	869.1	787.1	769.4
Recql	281.4	225.4	197.7	100	495.5	225.2	272.7	350.5	502.1	782.5	485.3	691.6	731	170.9	454.4	374.4	252	228.5	545.7	334.7	646.9	729	921.3	821.1
Golt1b	305.5	120	210.4	246.7	138	254	365.6	280	306	337.5	319.3	254.1	434.9	85.1	217	474.6	99.3	363.8	275.8	428.4	731.3	726.6	1093	995.2
Ldhb	650.9	627.9	734.9	635.7	463.3	476.4	331.6	436.7	101.7	119.8	169.8	221.9	348	56.5	348.1	344.1	483.4	439.5	328.1	404	463.1	457.3	677.7	619.2
Rad18	233.1	301.5	311.3	449.9	543.4	361.1	791.2	522.9	1112.1	681.8	922.8	853.5	659.2	468.8	703.5	819.7	608.2	723.2	770.4	524.6	1094.1	1115	1097.7	1233.3
Srgap3	552.2	578.8	418.6	585.7	454.7	469.5	148.8	455.3	359.4	216.4	501.1	428.6	209.1	190	116.5	312.7	180.5	187.7	221.1	87.2	218	249.8	45.6	5.2
Rassf8	97.6	132.5	174.4	146.7	179.5	174.4	111.9	111.6	130.4	85.7	37.4	0	142.9	85.8	206.8	135.6	6.1	26.2	60.6	60.3	52.5	43.1	56.4	47.2
Lrmp	1223.1	1141.6	1474	1538.8	1019.6	1254.9	1440.5	1528.4	1271.3	1102.3	1370	1420.8	981.6	1249.3	1058.8	1450.1	1355.6	1833.5	1376.8	1413.3	5165.7	5260.2	1395	1267
Thumpd3	410.5	372.5	366.4	370.6	608.4	378.9	410.6	470	1107	683.1	614.7	409.8	320.8	397.6	573.8	576.8	329.5	596.6	531.5	373.2	810	833.9	736.7	836
Kras	1534.9	2095.8	1438.7	1372.5	1921.9	1784.8	1568.3	2209.9	2061	2358.3	1921.2	2176.8	2280.1	1961.6	2663.8	2175.7	2223.1	2121.6	1915.4	2021.3	1445.8	1389.8	834	955.7
Bcat1	1	11	15.5	46.7	0	0	39	0	0	51.7	22.4	0	0	0	18.9	16.2	0	16	5.9	21.8	1480.8	1629.4	65.8	51.8
Mtmr14	222.6	223.9	345.9	314.1	208.1	448.9	410.6	193.9	318.3	280.3	255.8	110.9	280.1	92.4	227.2	226.7	225.3	442.4	237.8	266.8	1206.3	1259.8	1486.9	1204.2
Ogg1	67.2	49	53.7	10.9	20.7	49.4	118.9	15.7	2.1	19.1	65.1	74.3	4.8	23.5	2.9	56.7	40	11.6	14.3	53.9	182.2	189.5	104	111.9
Camk1	555.4	478.6	355.1	346.7	368.2	332.2	172.8	327	287.5	270.8	325.3	516.2	336	209.1	294.2	272.2	275	202.3	306.7	334.7	216.4	217.7	493.8	472.4
Etnk1	2702.4	3576.2	4124.1	3795.9	3539.1	2652.5	3104.7	2846.3	2381.3	3071.4	3861.9	2640.3	3928.9	3100.1	2893.9	2828.4	3056.6	2430.1	3405.1	1946.9	1729.1	1715.6	1129.9	1059.9
C2cd5	1370.1	1310.6	1115.4	1343.2	1484.3	1399	897	1112.3	1630.7	1069.6	1086.6	416	1120.5	1106.2	869.5	1087.9	1422.3	876	813.2	801.6	1126.7	1132.2	1172.2	1118.1
Cmas	2729.7	2785.9	3188	2397.3	1774.6	1628.3	2602.2	2138.4	2125.7	2410	3031.8	3911.6	2080.6	1448.1	1775.4	1947	1848.7	1635.6	1756.1	1395.4	1379.7	1295.9	1703.6	1569.8
St8sia1	0	0	7.8	33.7	0	0	2	2	0	0	0	0	0	0	0	0	20.6	32	39.2	35.9	187.8	210.6	0	0
Creld1	165.9	219.5	137.7	100	143.7	13.7	15	150.8	54.4	77.6	63.6	92.2	33.5	39.6	46.6	48.6	158.7	116.4	53.5	124.4	198.9	207.5	304.6	272.4
Emc3	624.7	734.7	475.1	540.1	359.6	307.5	497.5	381.9	665.4	518.5	772.5	609.3	551.5	369	431.1	748.8	827.4	644.6	759.7	878.5	2300.4	2239.4	1649.3	1563.3
Itpr2	159.6	285.4	265.4	348.8	350.3	626.1	458.5	460.2	363.5	321.2	442.7	404.4	926.6	786.4	508.3	507	831.1	529.7	709.8	819.5	619.9	635.8	111.4	86.7
Med21	143.8	185.9	316.3	110.8	140.1	263.6	343.6	318.2	95.5	406.9	243.8	368.6	552.3	490.8	182.1	358.2	363.4	394.3	209.3	320.6	453.6	480.8	1684.8	1424.2
Sec13	497.6	352	499.8	620.5	734.3	623.3	660.3	676.6	579.2	636.9	645.4	370.4	657.6	1000.6	806.9	589	580.3	513.7	693.2	977.3	2126.1	2133.7	3341.5	2922.2
Ccdc91	562.7	507.1	461.7	468.4	551.2	484.6	186.8	353.5	180.7	302.1	297.6	336.4	209.1	322.8	262.2	222.6	169.6	493.3	252.1	354	240.3	273.3	461	341.7
Far2	0	0	24	8.7	0	0	42	25.5	29.8	15	0	10.7	0	72.6	16	8.1	0	0	0	23.1	52.5	36.8	1089.7	1025
Ergic2	1513.9	1402.8	1627.9	2329.9	1462.8	1057.2	1689.2	2168.8	1870	2306.6	2322.1	3031.3	1047.1	1656.4	1903.5	2188.9	1571.3	1807.3	2300.6	1837.9	609.5	578.6	948.8	915
Caprin2	389.5	273.7	352.3	353.2	421.1	259.5	321.7	224.2	632.6	205.5	210.9	301.5	268.9	140.1	160.2	185.2	421.6	152.8	82	187.2	51.7	86.1	9.4	15.5
Dennd5b	521.8	353.5	406.6	596.6	442.6	509.4	341.6	419.1	200.2	487.2	244.5	152.1	381.5	313.2	246.1	258	336.8	173.2	46.4	144.9	171.9	209.1	3.4	4.5
Atg7	254.1	292.7	234.4	180.4	63.6	208.7	194.8	172.3	247.5	126.6	83	169.1	132.5	88	173.3	169	75.1	397.3	261.6	193.7	578.5	718	1074.2	1126.5
Vgll4	702.4	1208.9	801.2	1348.6	788.6	1059.9	1323.6	994.8	535	662.7	978.2	560.1	907.4	283.2	562.2	747.8	776.6	662.1	1150.9	810.6	1053.5	1051.6	393.9	355.2
Tamm41	411.6	259.1	463.8	148.9	138	245.8	425.5	410.3	323.5	541.6	539.2	587.8	359.9	298.6	474.8	510	250.8	301.2	349.5	427.1	373.2	367.2	648.8	581.7
Cand2	664.6	496.2	365.7	291.2	331.7	444.8	241.7	286.9	260.8	80.3	247.5	144	413.4	381.5	240.3	185.2	335.6	379.8	229.5	243.7	506.1	462.8	174.5	251.7
Mbd4	453.6	629.3	526.6	649.9	543.4	506.6	968	563	1037.2	692.7	885.4	693.4	794.9	1236.8	693.3	847	907.4	758.1	599.2	743.9	358.9	364.9	422.7	454.9
Ift122	246.7	60	53.7	39.1	29.3	59	115.9	108.7	55.5	16.3	48.6	62.6	73.4	50.6	13.1	178.1	104.2	273.6	91.5	134.7	334.2	343	173.8	110
Klrb1c	164.8	108.3	261.9	95.6	0	16.5	26	13.7	0	2.7	36.6	0	25.5	38.9	37.9	29.3	4.8	5.8	27.3	85.9	8	24.3	0.7	0
Necap1	191.1	353.5	465.2	328.2	311	252.6	485.5	312.3	65.7	366.1	270.7	351.6	346.4	83.6	345.2	491.8	369.5	318.7	439.9	305.2	235.5	226.3	385.8	432.9
Ing4	255.1	118.5	55.1	54.3	21.4	33	14	67.6	40	31.3	125.6	97.5	88.6	124.7	36.4	101.2	111.5	0	111.8	51.3	18.3	27.4	2	3.9
Mrpl51	831.5	734	854.9	468.4	1049.6	948.7	937	1003.6	1139.8	1023.3	697.7	1386.8	835.6	1713.7	1048.6	983.6	1194.5	829.4	675.3	1036.3	561	520.7	826	773.9
Cd27	2186.9	1006.2	1296.8	1418.2	1920.4	1537.7	1338.6	1497.1	736.3	1200.2	1085.9	910.8	2834.7	1660.8	1836.5	2756.6	2580.4	2775	2745.3	2672.8	837.9	891.1	572.3	511.2
Vamp1	223.6	183.7	218.8	222.8	298.1	155.1	229.8	258.5	139.7	137.4	217.6	73.4	236.2	159.2	316	229.7	392.5	542.8	506.5	292.4	172.7	146.4	62.4	64.7
Ltbr	1066.7	640.3	461	529.2	468.3	414.6	266.7	443.5	414.9	370.1	477.9	498.3	355.1	547.3	418	797.4	359.8	311.4	469.6	343.7	226	296.8	1089	1066.4
Scnn1a	0	30.7	21.9	30.4	2.1	6.9	27	24.5	11.3	0	0	0	26.3	24.9	0	24.3	0	0	0	37.2	10.3	18.8	446.2	373.4
Tnfrsf1a	1322.9	1164.3	1470.5	2063.7	814.4	752.4	1485.4	1027.1	557.6	823.3	1308.7	1380.5	901	1533.2	1176.8	1612	909.8	1606.5	1530.2	1383.8	624.6	620.1	2610.1	3017.9
Cd9	1116	895	1128.1	828.1	1221.9	1054.4	1086.8	792.1	1597.8	1141.7	572.8	601.2	329.6	494.4	340.8	330.9	99.3	282.3	151	188.5	304.8	252.9	844.1	735.7
Rad51ap1	226.8	203.4	224.5	288	328.9	757.9	518.5	742.2	1365.8	919.9	1515.1	1555	705.5	689.6	751.5	1021.1	1050.4	931.3	906	1087.6	777.4	807.3	622	730.5
D6Wsu163e	148	127.3	118.6	236.9	306	288.3	157.8	157.6	407.7	445	297.6	134.2	202.7	198.1	219.9	127.5	247.1	260.5	166.5	216.7	334.2	397	634.1	853.5
Tspan9	66.1	70.3	89.7	117.4	12.2	9.6	53.9	30.4	0	19.1	1.5	138.7	99.8	61.6	13.1	7.1	0	4.4	28.5	30.8	39	28.2	165.7	119.1
Fkbp4	1503.4	1910	2729.1	2176.7	3089.4	2785.7	3220.6	3154.8	2431.7	4464.8	4089.9	4865.4	3557	3200.6	4003.7	3945.6	2163.7	2766.2	3130.5	3637.3	7271.1	7436.2	9219.9	8928.3
Clec2i	0	0	0	0	0	0	0	0	0	0	0	91.3	27.9	0	13.1	12.1	130.8	117.9	96.3	79.5	299.2	228.6	59	95.8
Strn4	486.1	800.6	847.8	774.8	752.2	510.7	860.1	734.4	538.1	850.5	958	1147.9	775.7	644.8	738.4	697.2	560.9	520.9	763.3	701.5	1717.1	1750	1249.4	1296.7
Zfp606	141.7	235.6	242.1	277.1	134.4	216.9	94.9	148.8	50.3	87.1	264.7	191.5	38.3	255.3	132.5	175.1	155.1	301.2	174.8	139.8	175.1	217.7	304	251.7
Zik1	143.8	243	212.5	278.2	298.9	399.5	331.6	300.6	375.8	272.2	327.6	198.6	559.4	333	394.7	432.1	180.5	142.6	449.4	169.3	114.6	136.2	110	64.7
Mark4	231	227.6	206.8	113	82.9	238.9	41	124.4	111.9	73.5	139.8	63.5	230.6	121	97.6	137.6	166	74.2	236.6	187.2	222	220.8	104	96.4
Ercc2	242.5	131	207.5	179.3	218.1	116.7	237.7	378.9	295.7	292.6	288.7	365	365.5	219.3	145.6	330.9	206	125.1	268.7	242.4	123.3	121.4	85.9	112.6
Vasp	2198.5	1706.5	1894.7	1282.3	1777.4	2041.6	2041.8	1418.8	1154.2	1100.9	962.5	876.8	1784.5	1129.7	1546.7	866.2	1276.9	881.8	1027.2	1276.1	1326.4	1469.7	828.7	962.8
Qpctl	80.8	109	109.4	142.4	123	101.6	75.9	67.6	62.6	74.8	64.3	75.2	126.9	148.2	115.1	211.5	89.6	71.3	110.6	107.7	327	320.2	402.6	339.1
Dmwd	223.6	182.2	380.5	515.1	128	296.6	266.7	178.2	135.5	300.7	368.7	210.3	170	199.5	218.5	263.1	155.1	155.7	209.3	189.8	109	131.5	23.5	47.9
Pglyrp1	33.6	8	72	30.4	22.9	42.6	48.9	24.5	15.4	21.8	13.5	23.3	38.3	33.7	13.1	97.1	15.7	48	16.6	61.6	171.9	170.7	1219.8	1149.8
Pdcd5	867.2	897.9	728.5	399.9	456.9	859.5	492.5	603.1	930.4	698.1	596	709.5	703.1	941.2	780.6	761	941.3	414.7	600.4	861.9	132.9	121.4	134.2	132.6
Uri1	1495	2173.4	1490.2	1720.3	1497.2	2291.4	981	1725.2	1842.2	1911.9	1724.5	1906.6	2051.8	1966	1533.6	1672.8	2018.3	1641.4	1929.7	1507	1776.8	1851	2129.7	2082.9
Pop4	303.4	366.6	348.7	289.1	432.6	270.5	460.5	291.8	454.9	402.8	228.8	381.1	128.5	126.2	416.5	452.3	256.8	507.8	379.3	420.7	484.6	510.5	616.6	651
Tmem238	156.4	261.2	170.8	145.6	160.2	104.3	197.8	177.2	199.2	104.8	353	425.9	177.2	97.6	351	90.1	119.9	49.5	136.7	225.7	112.2	141.7	300.6	254.3
Rpl28	10914.6	8818.8	8534	7403.8	8612.6	9250.8	9756.7	7613.8	9642.5	7877.7	9358.5	12594.7	8748.4	8907.9	8445.8	6924.8	9220.6	7616.3	9164.4	11927.5	45.4	68.9	61.7	44.6
U2af2	3536	3908.5	5238.7	5622.7	4457.9	4055.6	5036.7	5584	5404.5	5462.3	7426.8	8013	4846.7	4902.5	5621.8	7907.4	3330.4	4304.3	6198	5127.6	1154.6	1140.8	519.3	595.3
Zfp273	90.3	45.4	115.8	71.7	104.4	90.6	25	69.5	127.3	53.1	57.6	0	80.6	56.5	49.5	2	103	81.5	127.2	55.1	31	25.1	73.1	78.3
Cyfip1	899.8	1404.3	1014.4	1138.9	1368.5	1651.6	2195.7	1213.1	1926.4	1164.9	1011.1	414.2	1936.1	1331.5	1262.7	999.8	1467.1	1359.1	782.3	814.4	2119	1871.4	1823.7	2225.9
Herc2	1190.6	1593.1	1067.4	1619.2	1688.1	1285.1	1153.8	1710.6	1257.9	1613.9	1548	1886	1508.3	1511.9	1731.7	1914.6	1554.3	1292.2	1573	1351.8	474.2	490.9	395.9	363
Nipa2	247.8	461.8	383.3	410.8	918	637	426.5	435.7	554.5	563.4	458.4	443.8	585.8	396.9	557.8	464.5	914.7	918.2	537.4	465.6	542.7	555.9	879	792
Psd3	470.4	504.2	306.4	505.3	539.1	575.3	678.3	439.6	748.6	763.4	889.9	397.2	444.5	542.9	428.2	513.1	380.4	270.7	380.5	171.9	56.5	66.6	14.8	74.4
Siglecg	38.8	8.8	57.2	50	102.2	48.1	34	120.4	19.5	59.9	41.9	247.8	170.8	165.8	190.8	164.9	218.1	423.4	268.7	569.4	872.1	964.7	354.9	401.2
Zfp719	303.4	258.3	263.3	226	263.1	300.7	72.9	308.4	121.2	100.7	268.5	211.1	317.6	104.2	116.5	174.1	192.6	288.1	224.7	293.7	152	143.3	189.2	200.6
Zdhhc13	206.8	106.1	242.1	100	298.1	205.9	327.7	269.3	547.3	458.6	266.2	63.5	246.6	344.8	335	135.6	212	289.6	212.8	271.9	1121.1	1057.8	1062.2	1083.8
Siglece	0	0	0	0	0	0	0	2.9	0	0	12	0	23.9	0	16	3	0	10.2	0	10.3	27.8	17.2	208	313.2
Faap24	100.8	99.5	114.4	107.6	112.3	46.7	50.9	125.3	13.3	64	125.6	184.3	45.5	85.8	119.4	106.3	124.8	93.1	60.6	206.5	392.3	426	624	585.6
Gas2	38.8	28.5	30.4	36.9	57.9	0	23	32.3	118.1	42.2	90.5	90.4	0	140.1	147.1	74.9	47.2	7.3	51.1	37.2	109	101.8	215.4	191.5
Prmt3	857.8	1077.9	918.4	920.4	1148.3	1121.7	1081.9	1034.9	706.5	843.7	833.8	1128.2	976	1007.9	1021	907.7	821.4	765.4	732.4	696.4	1106	1082.1	1343.3	1531.6
Asb7	490.3	404.7	324	354.3	165.2	192.2	98.9	299.6	195.1	205.5	216.1	167.3	431	277.3	147.1	189.2	355	312.9	227.1	274.5	117	164.4	104	105.5
Snrpa1	1171.7	985	861.9	740.1	1183.3	991.3	1580.3	980.1	1261	1344.5	1581.7	1828.8	1584.2	1738.6	1456.4	1433.9	1245.4	942.9	976.1	1285.1	1466.5	1413.3	1504.3	1477.3
Tarsl2	206.8	136.1	216.7	166.3	168	266.3	244.7	194.8	214.6	265.4	302.9	195.9	420.6	232.5	387.4	164.9	80	184.8	248.5	138.5	134.5	189.5	306	334.5
Tjp1	135.4	39.5	79.1	121.7	164.4	170.2	112.9	212.5	200.2	76.2	54.6	123.5	181.2	211.3	253.4	145.7	0	0	0	33.3	33.4	20.4	0	0
Mphosph10	839.9	946.9	569.7	506.4	846.5	557.4	586.4	729.5	900.6	1027.4	803.2	564.6	901	827.5	863.7	773.1	867.4	561.7	690.8	1472.3	857.8	738.4	1327.9	1295.4
Mtmr10	170.1	106.1	51.5	56.5	47.2	120.8	164.8	82.2	21.6	137.4	16.5	86.8	51.1	64.6	120.9	73.9	111.5	110.6	63	77	155.2	86.9	96.6	95.8
Crtc3	764.3	863.5	893.7	817.2	825.1	858.1	686.3	739.2	1119.3	1031.5	1189.1	913.5	1045.5	864.2	901.5	753.9	731.7	944.4	1041.5	1046.5	371.6	397	147.6	176
Blm	200.5	349.1	267.5	344.5	656.3	756.5	435.5	754.9	1908	1419.3	2053.6	1165.8	1025.5	1088.6	803.9	755.9	1015.2	953.1	771.6	868.3	535.5	552.8	405.3	319.7
Furin	1091.9	922.8	843.6	787.9	516.9	488.8	519.4	552.2	476.5	695.4	492.8	1020.9	417.4	592.7	505.4	646.6	391.3	397.3	586.1	696.4	1034.4	1153.4	575	871
Hddc3	93.4	128.8	126.4	90.2	0.7	164.8	88.9	74.4	22.6	197.3	118.2	82.3	103	117.4	53.9	196.3	101.8	109.1	59.4	78.2	15.9	18	19.5	29.1
Unc45a	242.5	258.3	195.5	152.1	135.1	138.7	140.9	145.9	196.1	197.3	204.9	391	88.6	199.5	75.7	151.8	87.2	85.9	178.3	310.4	803.7	869.1	580.4	660
Vps33b	490.3	210.8	348.7	379.3	260.3	273.2	328.7	233	279.3	227.3	230.3	408.9	426.2	454.1	307.3	440.2	158.7	164.4	244.9	363	372.4	421.3	411.3	530
Iqgap1	2849.4	3689.7	3746.4	4042.6	3315.3	3771.4	3389.4	3727.6	3916.5	3840.2	4973.2	5423.7	5193.8	4012	4413	6049.5	5088.2	6311	5959	5532.8	7150.2	7200.5	3373	3901.2
Cib1	153.3	161.7	218.8	200	383.2	244.4	309.7	298.6	606.9	586.5	355.2	635.2	504.4	306.6	559.3	432.1	369.5	183.3	223.5	505.3	944.5	968.6	809.2	730.5
Sema4b	803.2	571.5	706.6	844.4	506.2	698.8	520.4	532.6	306	366.1	359	217.4	305.7	170.9	157.3	386.6	313.8	189.2	294.9	363	1157	1094.6	157.7	234.9
Idh2	1727.1	1410.9	1382.9	1625.7	2266.5	1639.3	1410.5	1808.5	2259.2	1724.1	2250.3	2595.5	2679.1	2679	2845.8	3588.4	3072.3	2150.7	2954.5	3205	4269.7	4438.8	7510.2	7165.7
Pex11a	1007.9	777.9	597.9	1043.2	600.6	915.7	576.4	683.4	398.4	391.9	371.7	347.1	193.9	370.5	351	427	283.5	245.9	418.5	304	27.8	23.5	34.9	37.5
Lrrc28	141.7	126.6	101.7	128.2	150.1	59	22	152.7	110.9	99.3	254.3	215.6	135.7	13.2	62.6	120.4	149	82.9	120.1	64.1	316.7	288.9	143.6	130.7
Mef2a	964.8	750.1	751.1	705.3	898	720.8	690.3	615.9	690.1	549.8	542.2	564.6	930.5	680	693.3	616.3	977.7	867.3	839.4	954.2	1156.2	1108.7	357	307.4
Rab38	5951.8	4676.8	6652	6707.2	4545.8	4418.1	5677	5506.7	3109.4	4486.6	4815.4	3926.8	4865	3632	4962	5584	1749.4	2786.6	2335.1	2091.8	45.4	36.8	550.9	675.5
Ctsc	936.5	1168.7	1486.7	1339.9	607	935	765.2	891	549.4	809.7	526.5	518.9	918.6	713	971.4	708.4	717.2	638.8	693.2	945.2	1846.8	1956.7	5084	4479.7
Cd22	0	0	0.7	0	0.7	0	13	33.3	0	1.4	0.7	17	0	0	8.7	0	0	17.5	2.4	194.9	701	592.7	14.8	0
Tyrobp	13.6	0.7	14.8	46.7	46.5	39.8	366.6	182.1	4.1	231.3	77.8	357	525.1	965.4	362.6	523.2	374.3	333.2	373.3	1031.2	3961.8	4036.4	2961.7	2601.9
Sipa1l3	639.4	746.4	809	486.8	411.1	472.3	450.5	425.9	479.6	397.4	225.1	329.3	419.8	544.3	302.9	239.8	356.2	708.7	327	266.8	183.8	205.9	131.5	137.8
Yif1b	48.3	162.5	149.7	107.6	137.3	190.8	215.8	125.3	128.4	163.3	300.6	181.6	137.3	281.7	161.7	192.3	80	235.7	174.8	205.2	966.8	1036.7	1767.4	1465
Fam98c	474.5	330	427.8	317.3	337.5	292.4	342.6	238.9	316.3	163.3	439	556.5	193.9	340.4	310.2	410.9	333.2	247.4	376.9	439.9	230	270.1	217.4	171.5
Psmd8	1115	1237.4	1044.1	1216	1330.6	1385.3	1050.9	1475.6	1675.9	1735	1575.7	1421.7	1329.6	1820	1540.9	1497.7	1321.7	1332.9	1460	2159.8	3022.1	3166.5	3634.7	3252.8
Nfkbib	74.5	80.5	126.4	216.3	57.2	59	162.8	145.9	111.9	257.2	139.8	144	245	74.8	113.6	198.3	48.5	113.5	130.8	201.4	638.2	676.5	685.1	648.4
Fbxo17	92.4	152.9	100.2	30.4	37.9	173	15	101.8	71.9	21.8	35.9	25.9	88.6	54.3	45.1	49.6	6.1	56.8	95.1	119.3	138.5	109.6	77.2	103.5
Lrfn1	253	170.5	209	352.1	147.3	60.4	231.8	133.2	105.8	186.4	226.6	278.3	49.5	117.4	122.3	233.8	65.4	173.2	159.3	91.1	82.8	55.6	61.1	72.5
Pak4	101.8	92.2	165.9	175	201.6	148.3	247.7	172.3	84.2	140.2	234.8	147.6	75	263.4	131.1	242.9	65.4	42.2	256.8	200.1	463.9	462.8	236.2	138.5
Psmc4	536.5	548.8	535.1	561.8	659.9	534.1	542.4	786.2	501.1	824.7	686.5	1069.2	494	987.4	680.1	789.3	625.1	567.5	612.3	1142.7	3008.5	3150	3332.1	3327.9
Zfp626	363.3	448.6	296.5	267.3	474	422.9	274.7	318.2	540.1	357.9	573.6	205.8	415	469.5	471.9	355.2	609.4	500.6	380.5	337.3	30.2	38.4	55.7	72.5
Mfge8	854.6	520.3	518.2	616.2	940.2	628.8	442.5	564	497	258.6	557.1	680	669.6	603.7	426.7	629.4	573	470	536.2	628.4	973.9	1011.6	530.7	485.3
Aen	36.7	76.8	38.1	73.9	7.9	64.5	39	177.2	102.7	66.7	169	85	16.8	49.2	36.4	60.7	78.7	65.5	55.9	150.1	383.5	423.6	417.3	421.2
Det1	189	153.7	369.2	259.7	418.3	123.6	317.7	357.4	442.6	336.1	192.2	655.8	260.2	63.8	276.7	342	178.1	372.5	203.3	375.8	329.4	328.9	328.1	297.7
Mrps11	172.2	63.7	161	123.9	77.2	70	123.9	197.8	247.5	293.9	113.7	60.8	106.1	181.9	144.2	116.4	220.5	14.6	130.8	196.2	436.8	433.8	607.9	518.3
Mrpl46	82.9	136.8	245.7	309.7	529.8	208.7	508.5	189	514.5	440.9	446.5	808.8	215.5	306.6	450	344.1	328.3	173.2	206.9	505.3	563.4	600.6	673	602.4
Ccdc90b	610	543.7	568.3	307.5	386.1	624.7	837.1	498.4	433.3	626	195.2	72.5	230.6	294.2	471.9	351.1	319.8	493.3	166.5	315.5	253.8	238	332.1	309.9
Tmem126b	426.3	435.4	426.4	314.1	311.7	221	224.8	283.9	263.9	265.4	372.4	475.1	248.2	418.1	349.5	427	439.8	539.9	501.7	324.5	249.1	227.9	337.5	355.2
Tmem126a	402.1	132.5	266.8	245.6	193.8	190.8	610.4	426.9	355.3	381	331.3	330.1	336	289	524.3	597.1	166	264.8	454.2	363	201.3	197.3	482.4	382.4
Eed	1183.2	949.1	1672.4	1225.8	1477.1	1419.6	1891	1618.5	1983.9	1956.8	1554	1461	1316	2092.2	1974.9	1745.6	1693.6	2405.4	1643.1	1574.9	1125.9	1172.9	1391.6	1497.3
Zfand6	1903.4	1914.4	1606	1906.1	1623	1871.3	1649.3	1582.3	1184	1374.4	1278.1	1137.2	1458.1	1453.2	1267.1	1529.1	1625.8	1469.7	1880.9	1608.3	1063.9	1038.3	846.8	748.7
Ddias	42	41	36.7	95.6	60.1	254	303.7	124.4	490.9	306.2	195.9	159.3	120.5	65.3	410.7	232.7	330.7	305.6	116.5	247.5	227.6	213	350.9	331.9
Ndufc2	1883.5	2222.4	2042.3	2227.8	2682.6	3075.4	2855	2376.4	2704.8	3339.4	1987.8	1521.9	3209.8	3277.6	2725	2285	2278.8	2444.7	2236.4	2163.6	1116.4	1100.1	1618.4	1481.1
Anapc15	159.6	280.3	114.4	129.3	211.6	383	534.4	222.3	287.5	416.4	416.5	263.9	351.9	270	355.4	322.8	351.3	337.6	444.7	310.4	183	198.9	125.5	104.2
Coq7	191.1	274.4	99.5	132.6	318.2	325.4	168.8	179.2	288.6	172.8	333.5	144.9	201.9	252.4	183.5	132.6	139.3	144.1	141.5	205.2	484.6	406.4	405.9	344.2
Pde2a	666.7	510.1	417.2	589	138	177.1	116.9	249.7	33.9	172.8	111.4	185.2	214.7	338.9	215.6	238.8	226.5	151.3	67.8	316.8	8085.9	8080.6	1116.5	1067.7
Arl6ip1	4138.7	6534.1	6098.6	7400.5	8592.6	6984.1	7184.4	7578.5	10906.6	9389.6	10789.9	12757.6	8708.5	10467.5	8549.2	11598	10831.8	10605.1	11523.2	9053.4	10411.8	10526.7	6782.2	6447.4
Smg1	1270.4	1850.7	1288.3	1567	874.4	1319.4	1337.6	1511.8	871.8	1428.9	1575.7	1451.2	1395.8	1268.4	1418.6	1532.1	2101.9	1363.5	2140.1	1510.8	424.1	486.2	174.5	200.6
Xylt1	187.9	168.3	158.1	271.7	529.1	181.2	489.5	385.8	144.8	466.8	210.1	80.5	398.2	338.9	426.7	460.4	189	234.3	118.9	160.3	256.2	180.1	259.7	241.4
Nucb2	33.6	35.1	41.7	32.6	10.7	1.4	1	16.6	21.6	38.1	4.5	19.7	55.1	31.5	23.3	16.2	191.4	109.1	140.3	178.3	1877.1	1829.1	1033.3	1059.9
Pik3c2a	372.7	330	307.1	381.4	238.8	157.9	326.7	253.6	98.6	249	90.5	184.3	430.2	158.5	139.8	184.2	368.3	296.9	437.5	286	312.7	327.3	123.5	126.8
Ipo5	1305	1457.7	1342	1261.7	1481.4	1524	2023.9	1475.6	2031.2	2091.6	1400.7	876.8	1457.3	2114.2	2078.3	1152.6	1625.8	1897.5	1359	2071.3	3049.9	3061.5	3876.2	3956.8
1110004F10Rik	2765.4	3454.8	2242.8	2887.4	3539.8	3244.2	2425.4	2463.5	2654.5	2917.6	3074.4	5225.1	4260.1	3263.7	3065.8	3315.2	3766.5	2743	2800	3128.1	1542.1	1450.1	1855.3	1826
Pde3b	490.3	562.7	532.3	743.3	308.9	197.7	317.7	551.3	86.3	276.2	190.7	295.3	245.8	139.4	310.2	273.2	324.7	640.3	703.9	445	709	679.6	227.5	180.5
Qprt	72.4	33.7	170.8	176	134.4	74.1	14	104.8	0	157.9	139.1	193.3	79	85.8	65.5	90.1	76.3	39.3	111.8	64.1	18.3	19.6	11.4	6.5
Kif22	201.6	131	278.8	232.6	733.6	583.5	547.4	659.9	1699.5	763.4	1696.1	1863.7	414.2	788.6	611.7	748.8	953.4	699.9	1037.9	1044	2855.8	2896.3	1022.6	1179.6
Maz	169	143.4	161	140.2	176.6	126.3	130.9	163.5	157.1	121.1	218.4	113.6	103	130.6	155.8	267.2	140.5	128.1	115.3	141.1	2609.9	2744.4	1830.4	1867.4
Mvp	492.4	343.2	189.9	231.5	185.2	118.1	82.9	151.8	107.8	92.5	90.5	159.3	161.2	281	164.6	194.3	300.4	195	142.7	265.5	596.8	595.9	673	682.7
Cdipt	933.4	951.3	1205.7	1249.7	739.3	1043.4	1425.5	1178.9	568.9	853.2	1271.3	1624.8	820.4	965.4	868	1086.8	745.1	675.2	823.9	797.7	1516.6	1566.8	1639.2	1637.7
Kctd13	91.3	118.5	216.7	107.6	35.7	144.2	227.8	136.1	308.1	223.2	50.1	23.3	346.4	203.9	263.6	131.6	43.6	375.4	137.9	132.1	291.2	275.6	240.2	195.4
Stard10	207.9	321.3	485.7	380.4	611.3	222.4	412.6	268.3	263.9	334.8	401.6	268.4	103	170.9	177.7	199.4	283.5	211	198.6	264.2	144.8	183.2	210.7	168.2
Ino80e	707.6	719.3	465.2	924.8	715	860.8	358.6	660.9	548.4	725.3	845.8	743.5	746.2	722.6	493.7	802.5	667.5	571.9	793	760.5	789.3	798.7	932.7	865.8
Fchsd2	1552.8	1830.2	1199.4	1243.2	1722.4	2183	1507.4	1535.3	989.9	1182.5	1183.1	539.5	2035.1	1120.2	1277.3	1339.8	2101.9	1565.7	1439.8	1224.8	430.5	505.8	334.1	313.8
Aldoa	1376.4	1257.2	1356.1	1552.9	1487.2	1046.2	820.1	1215.1	1030	967.5	1453.8	1625.7	1130.9	1396	1216.1	2042.1	817.7	996.8	1349.5	2218.8	2794.5	3012.2	12433.9	11723
Ppp4c	868.3	534.9	576.7	491.2	870.8	621.9	935	626.6	917	732.1	257.3	50.1	1158.8	843.6	776.3	435.1	695.4	884.7	373.3	652.8	3627.6	3739.6	4683.4	4284.9
Rab6a	1656.7	2090.7	2650.8	2942.8	1894.7	2452.1	3123.7	2969.7	1774.5	2608.7	2042.4	1637.3	1423	1662.3	2341.9	1866	1333.8	1578.8	1688.3	1791.7	611.1	655.4	1577.5	1432.6
Mrpl48	1046.7	1096.2	643.8	931.3	854.4	871.8	1040.9	799	789.7	1109.1	955.7	1334.9	980.8	968.3	970	1204.2	991	1052.1	1133.1	1020.9	331.8	412.6	432.8	414.1
Coro1a	1392.2	1043.5	1022.2	787.9	871.6	1146.4	1068.9	985	939.6	698.1	660.3	673.7	825.2	1310.2	898.6	1101	1095.2	1446.4	1051	2280.3	22622.6	23107.9	19083.9	18549.6
Sult1a1	1498.2	721.5	624.8	907.4	18.6	166.1	93.9	144.9	0	0	0	0.9	32.7	0.7	20.4	27.3	30.3	8.7	16.6	39.8	5.6	3.9	22.1	34.3
Sgf29	288.7	213.7	248.5	113	166.6	129.1	210.8	211.5	261.9	210.9	189.2	205.8	247.4	160.7	212.6	172	168.4	139.7	136.7	250.1	592.8	522.3	884.3	772
Nupr1	49.3	102.5	123.5	58.7	48.6	6.9	0	29.4	3.1	13.6	0	13.4	0	0	0	0	0	0	0	6.4	2.4	0	0	1.9
Ppme1	780.1	690.8	963.6	810.7	557.7	395.4	520.4	690.3	611	775.7	806.2	821.3	624.1	508.4	662.7	642.6	439.8	403.1	608.7	820.8	401	364.1	312	347.5
Cln3	1446.7	1552.8	1250.2	1175.8	968.8	1033.8	1024.9	770.6	573	680.4	783	325.7	1000.8	829.7	702	738.7	802	977.9	1155.7	640	295.2	263.9	464.3	403.8
Nfatc2ip	131.2	287.6	253.4	474.9	395.4	189.5	618.3	468	482.6	454.5	627.4	668.3	268.9	410.8	559.3	676	581.5	411.8	529.1	419.4	75.6	88.5	41.6	40.8
Cd19	0	0	0.7	0	0	0	46	39.2	24.6	19.1	6.7	25.1	60.7	0	24.8	0	0	0	0	203.9	3642.7	3904.8	0	0
Lipt2	121.8	152.9	105.2	128.2	105.1	126.3	215.8	134.1	229	126.6	309.6	75.2	57.5	173.1	129.6	84	155.1	106.2	228.3	334.7	128.9	140.9	189.2	200.6
Pold3	701.3	668.1	595.8	570.5	1234.8	1123.1	952	1013.4	1202.5	1171.7	1179.3	599.5	1397.4	1186.9	1450.6	1121.2	1283	1059.3	1367.3	1296.6	1542.1	1580.1	1649.3	1723.1
Rabep2	390.6	370.3	269.7	169.5	224.5	70	353.6	148.8	30.8	100.7	92.7	274.7	200.3	158.5	241.8	167	301.7	158.6	173.6	405.3	695.4	628	351.6	265.3
Pgm2l1	700.3	976.9	1276.3	959.6	1345.6	1164.2	1134.8	1397.2	1017.6	1588.1	885.4	1241	1317.6	1164.9	1288.9	1369.2	1744.5	1773.8	1804.8	1496.7	173.5	137.8	86.6	61.5
Atp2a1	0	0	24	27.2	0	0	0	2.9	0	0	0	57.3	0	0	0	0	0	0	9.5	18	154.4	145.6	0.7	4.5
Sh2b1	1377.5	1144.5	805.5	991.1	987.4	726.3	783.2	867.5	569.9	541.6	1072.4	912.6	884.3	655.8	671.4	1048.4	828.7	848.4	791.8	981.1	939.7	936.5	754.8	753.2
Eif3c	5722.9	5746.7	4141.7	3828.5	3926.6	5760.8	4068.7	4840.8	6498.1	3822.5	6119.6	7287.3	5469.1	5322.1	4911.1	5390.7	5501.3	4314.5	5614.2	6307.5	3699.2	3765.5	4280.8	4261
Spns1	94.5	95.9	139.8	61.9	127.3	28.8	110.9	165.5	251.6	142.9	104.7	53.7	34.3	97.6	94.7	74.9	166	56.8	72.5	61.6	476.6	505.8	603.9	578.5
Lat	527	417.8	492	576	675.7	617.8	812.1	576.7	394.3	615.1	818.1	330.1	429.4	368.3	486.4	401.7	517.3	475.8	434	443.8	289.6	245.9	17.4	15.5
Rps3	27397.9	22597.5	27018.2	26526.7	21756.7	24895.4	26134.3	21521.4	23578.3	22672.5	26291.1	28941.8	21937.2	23278.1	25178.6	25934.4	27736.8	23393	31547.4	29219.9	7684.9	8038.3	11225.4	9711.9
Il21r	1522.3	1137.9	1263.6	1292.1	650.6	451.7	719.2	739.2	285.5	227.3	436	1148.8	415.8	510.6	509.7	759	799.6	804.7	973.7	554.1	836.3	734.5	676.3	577.8
Dgat2	1	0	2.8	0	24.3	0	26	11.7	1	2.7	6.7	0	0	35.9	16	22.3	3.6	0	14.3	61.6	37.4	61.9	805.2	920.1
Il4ra	1314.5	1241.1	900.8	895.5	486.9	709.8	694.3	629.6	398.4	147	583.3	785.5	735.8	382.9	496.6	693.2	1056.4	910.9	1074.8	1153	1250	1218.4	1118.5	964.8
Nsmce1	471.4	424.4	549.9	410.8	447.6	584.9	516.5	472.9	607.9	556.6	1053	1013.7	573.8	572.9	725.3	807.5	752.3	665	959.5	1058.1	1426.7	1472	915.9	864.5
Psma1	1880.4	1473.8	1700.6	1522.5	1825.3	1646.1	1857	1632.2	2603.2	1937.8	1474.7	1493.3	1399	2096.6	2624.5	1970.3	1982	1509	1515.9	2250.8	3169.3	3005.9	4883.4	4875.7
Kdm8	46.2	13.2	33.9	20.6	40.8	4.1	36	14.7	0	59.9	6.7	0	103	16.9	39.3	4	33.9	145.5	3.6	34.6	261	260	251.6	183.8
Prkrir	857.8	1343.6	1186.7	1153	927.3	1290.6	1015.9	1167.1	1149.1	1158.1	1265.3	878.6	1371.9	840	1179.7	1054.5	1051.6	1295.1	1388.7	890.1	1082.2	1089.2	1491.6	1561.4
Copb1	1516	1528.7	1116.8	1388.8	1295.5	1775.2	1556.4	1565.6	1759.1	1551.3	804.7	969.9	1892.2	2110.5	1594.8	1237.6	2166.1	1536.6	997.5	1281.2	2185	2073.4	3205.3	3185.5
Far1	1818.4	1876.3	2215.9	1881.1	1812.5	1238.4	2171.7	2366.6	1141.9	1913.3	1677.4	889.3	1592.9	1636.6	2036.1	1524	1648.8	1872.8	1715.6	1785.3	1881	1828.3	3356.2	3404.9
Acer3	495.5	495.4	490.6	426	108	372.1	394.6	294.7	240.3	210.9	171.3	185.2	407	503.2	190.8	214.5	374.3	248.8	297.2	360.4	341.4	345.3	1681.5	1752.9
Myo7a	134.4	98.1	144.7	118.5	48.6	245.8	82.9	78.3	149.9	84.4	225.1	75.2	54.3	121.8	199.5	229.7	40	21.8	84.4	112.9	728.1	761.9	1056.1	1138.2
Lcmt1	439.9	655.7	540.7	456.4	391.8	384.4	343.6	520.9	540.1	330.7	602	630.8	474.8	294.2	263.6	384.5	353.8	467.1	303.2	538.7	262.6	278.7	503.9	440
Arhgap17	886.1	1127	1132.3	1006.3	673.5	956.9	1085.8	937	934.5	740.3	667.1	745.3	991.2	732.8	1053	1112.1	1505.9	1776.7	1269.8	1405.7	2856.6	2843.9	1827.7	1781.4
Disp1	144.9	189.5	95.3	71.7	75.8	167.5	7	91.1	29.8	32.7	41.9	11.6	18.4	146.7	49.5	95.1	20.6	55.3	65.4	65.4	175.1	195	112.7	138.5
Pak1	1001.6	813.7	1428.1	1387.7	1219.7	1043.4	1442.5	1380.6	495	926.7	987.2	1713.4	858.7	1437.8	1086.5	1176.9	998.3	991	1252	781.1	331	379.8	1508.4	1276
Rbbp6	4816.9	4212.9	2899.3	3570.9	3739.3	3971.9	2173.7	2845.4	2742.8	3169.3	2655.6	2733.3	3128.4	3052.4	2854.6	2799.1	3420	3284.3	2450.4	2477.8	941.3	1082.1	450.9	476.2
BC017158	225.7	201.2	146.8	320.6	299.6	225.2	34	190.9	212.6	259.9	261	246.9	72.6	137.2	202.4	218.6	187.8	29.1	280.6	236	368.4	323.4	575.7	629.6
Cox6a2	0	0	23.3	9.8	0	24.7	5	38.2	0	29.9	40.4	2.7	0	0	74.3	0	163.5	203.7	224.7	259.1	2412.6	2371.7	3.4	1.9
Itgam	0	69.5	108	95.6	101.5	42.6	271.7	109.7	56.5	91.2	14.2	8.9	300.9	263.4	157.3	158.9	255.6	497.7	312.7	304	79.6	77.5	167.1	130.7
Rnf141	1308.2	1017.9	1270.7	1184.5	880.9	762	917	830.3	652.1	611	973.7	994	873.9	960.3	841.8	722.5	1690	1919.3	1806	1410.8	955.6	997.5	327.4	392.1
Itgax	0	0	0	0	34.3	0	11	23.5	0	38.1	0	0.9	0	0	20.4	7.1	3.6	269.2	78.5	94.9	1122.7	1100.9	4.7	0
Dkkl1	306.6	144.2	246.4	314.1	174.5	216.9	193.8	283	57.5	65.3	138.4	49.2	245	251.6	145.6	213.5	193.8	88.8	152.2	211.6	212.5	197.3	13.4	7.1
Pycard	521.8	379.8	466.6	582.5	316	476.4	563.4	514	512.4	499.4	489.8	1147	753.4	612.5	735.5	649.7	520.9	382.7	585	956.8	572.1	558.3	863.5	843.1
Fus	2749.7	3850.7	3131.5	3554.6	3385.4	3682.2	2558.3	2932.5	3616.7	2567.9	3746.7	3271	4073.3	3772.8	2324.4	4155.1	3897.3	2566.9	3858.1	2170	2490.5	2482.9	701.8	736.4
Tead2	277.2	253.9	296.5	293.4	77.2	111.2	0	204.6	54.4	12.2	51.6	21.5	4.8	24.9	71.4	43.5	19.4	11.6	27.3	23.1	4.8	5.5	0.7	0.6
Cd37	242.5	196.1	283.1	467.3	367.5	317.1	410.6	361.3	282.4	494	688	617.3	669.6	638.2	492.3	967.4	625.1	603.9	946.4	1096.6	712.9	717.2	229.5	235.5
Kat8	112.3	57.8	137.7	226	197.3	41.2	135.9	102.8	2.1	172.8	239.3	161.9	112.5	257.5	182.1	79.9	48.5	155.7	180.7	98.8	335.8	346.1	369.7	289.2
Bckdk	533.3	571.5	547.1	401	493.3	556	512.5	440.6	1058.7	442.3	605	727.4	498	778.3	436.9	529.3	831.1	400.2	624.2	574.6	2184.2	2166.6	2476.6	2681.5
Stx4a	790.6	651.3	977	518.4	690	605.5	751.2	836.2	849.2	816.5	443.5	444.7	432.6	334.5	785	380.5	802	993.9	461.3	614.3	638.2	450.2	205.3	421.9
Fbxl19	177.4	166.8	245.7	64.1	196.6	138.7	52.9	138.1	222.8	127.9	268.5	336.4	76.6	204.7	151.5	245.9	96.9	68.4	180.7	61.6	89.9	97.9	68.4	51.8
Bcl7c	729.7	453	632.5	679.2	703.5	623.3	529.4	608	452.9	303.5	451.7	636.1	579.4	490.8	508.3	440.2	587.6	494.8	744.3	623.3	927.8	967	679	611.5
Phkg2	264.6	241.5	158.8	307.5	135.8	56.3	112.9	149.8	31.8	151.1	94.2	347.1	313.6	230.3	120.9	209.5	106.6	132.4	243.7	224.4	284.9	238	130.2	146.2
Rnf40	227.8	194.7	336	227.1	311	477.8	541.4	274.2	331.7	372.9	175.7	310.5	257.8	383.7	279.6	317.8	284.7	190.6	341.2	433.5	1545.3	1523.7	762.9	742.8
Prr14	381.1	346.1	258.4	171.7	338.2	205.9	337.6	313.3	172.5	227.3	144.3	239.8	162	308.8	348.1	177.1	378	598.1	170	280.9	1050.3	1184.7	895.8	770.7
9130019O22Rik	111.3	39.5	72.7	109.8	60.1	33	159.8	89.1	75	92.5	12	62.6	22.3	49.2	36.4	87	36.3	109.1	52.3	94.9	98.7	56.4	102.7	113.9
Nucb1	1782.7	1955.3	2077.6	2058.2	1848.9	2018.2	2831	2147.2	2543.6	3257.8	2335.5	2465.8	1979.2	2331.3	2289.5	2105.9	1318.1	1456.6	1347.1	1245.3	5075	5275.1	8726.1	8876.5
Bcat2	154.3	95.1	170.1	121.7	108	167.5	168.8	108.7	129.4	142.9	112.9	161.9	71.8	175.3	97.6	99.2	161.1	104.8	97.5	161.6	101.1	120.6	314.7	280.8
Itgal	11.5	23.4	108	40.2	77.9	0	472.5	307.4	375.8	743	718.7	732.8	1049.5	682.2	882.6	785.3	794.7	1469.7	1348.3	1096.6	3899.7	3740.4	2399.4	2500.9
Nomo1	999.5	1342.1	1284.8	1241	983.1	1057.2	1072.9	892	1587.6	1024.7	1523.4	1102.3	557.8	556.1	770.4	682.1	695.4	638.8	489.8	552.8	1869.1	1927	3508.5	3465.7
Sergef	37.8	57.8	18.4	10.9	0.7	0	61.9	12.7	69.8	47.6	11.2	121.7	4.8	69.7	17.5	11.1	50.9	1.5	44	15.4	296	272.5	233.5	209.7
Lamtor1	834.7	806.4	1228.3	1237.8	984.5	925.4	1308.6	1019.3	894.4	1144.4	1447.8	1847.6	789.3	842.9	1184.1	1510.8	758.4	1362	1315	1485.2	962	988.9	1120.5	1129.8
Rgs10	23.1	94.4	88.9	153.2	190.9	108.5	244.7	474.9	457	566.1	673.1	928.7	474.1	204.7	467.5	378.5	279.9	286.7	430.4	610.5	262.6	257.6	397.2	343.6
Tial1	1570.6	1075	1806.5	1877.8	2247.2	1705.2	1914	2205	1888.4	2058.9	1967.6	1980.9	1802	1470.1	1784.1	2153.4	2030.4	1961.5	1859.5	1993.1	191.8	244.3	267	351.4
Bag3	271.9	240.8	344.5	566.2	239.5	311.7	305.7	405.4	73.9	283	337.3	208.5	150.8	124	268	231.7	78.7	69.8	174.8	100	74	35.2	191.9	216.8
Ate1	1206.3	1184.8	841.5	942.2	965.2	967.9	512.5	984	885.2	1050.5	866	885.8	954.5	707.9	616.1	741.8	743.8	701.4	665.8	664.4	587.2	534	567	440.7
Tacc2	97.6	88.5	86.1	60.9	47.2	17.8	30	96.9	92.4	66.7	56.8	32.2	128.5	161.4	123.8	77.9	178.1	259	167.6	169.3	219.6	239.6	167.1	111.9
Acadsb	442	518.1	389.7	725.9	461.9	814.1	356.6	329	402.5	487.2	347	270.2	523.5	252.4	573.8	296.5	378	394.3	305.6	289.9	295.2	296	698.5	685.9
Plk1	257.2	92.9	245	321.7	951.6	738.6	481.5	450.4	1435.6	1121.3	1865.1	1495.9	407	973.5	632.1	975.5	999.5	1076.8	1013	1499.3	2052.1	2184.6	1015.2	786.2
Dctn5	600.5	570.8	412.3	498.8	380.4	459.9	512.5	397.5	439.5	420.5	462.2	592.3	391.1	410.8	474.8	337	365.9	336.1	552.9	775.9	924.6	958.4	1271.5	1111
Ndufab1	1764.9	1694.1	1695.7	1643.1	1742.4	2383.4	2249.6	2231.5	2013.7	2591	2165.8	1896.8	1917.8	1909.5	2191.9	1963.2	1961.4	2174	2487.3	2252.1	219.6	232.6	238.9	254.9
Ubfd1	507.1	628.6	746.9	561.8	469.7	527.2	690.3	610	466.2	698.1	386.6	246	696.7	465.1	578.2	509	519.7	673.7	579	520.7	1650.3	1629.4	2463.8	2572.8
Ears2	169	125.1	163.1	123.9	127.3	141.4	32	64.6	268	53.1	99.5	65.3	187.5	178.3	103.4	98.2	323.5	80	102.2	241.1	299.2	288.9	251.6	295.1
Gga2	526	433.9	381.9	565.1	516.9	486	376.6	433.8	617.2	585.1	530.2	542.2	386.3	401.3	477.7	549.5	428.9	391.4	885.8	723.3	1967.8	1937.1	1964.6	1796.3
Mettl9	534.4	559.8	962.2	609.6	765.7	1039.3	949	921.4	541.2	858.7	717.2	545.8	493.2	586.1	664.1	860.2	954.6	1017.2	860.8	887.5	503.7	496.4	734	639.3
Mrpl17	854.6	760.3	559.8	822.6	422.6	573.9	527.4	620.8	912.9	869.6	779.3	1014.6	639.3	660.2	589.9	789.3	465.2	337.6	818	945.2	829.9	928.6	1501	1520.6
Polr3e	442	515.2	443.3	209.7	358.9	683.7	602.4	556.1	911.9	590.6	341	604.8	330.4	383.7	793.7	289.4	357.4	439.5	374.5	319.3	719.3	754	983	994.5
Arfip2	246.7	180	168.7	161.9	85.8	233.4	228.8	207.6	84.2	121.1	219.1	325.7	262.6	253.8	221.4	86	172	168.8	222.3	228.3	471.1	494.9	717.3	601.8
Dnhd1	117.6	193.9	93.9	52.2	57.2	39.8	2	82.2	32.9	10.9	53.1	0	21.5	11.7	91.8	17.2	24.2	0	51.1	18	35	32.9	12.1	21.4
Uqcrc2	2569.1	1913.6	2065.6	2522.3	2310.8	2515.2	3061.8	2300	2246.8	2772	2443.2	2332.5	2657.6	2274.1	3348.3	2415.5	2496.9	2795.3	2408.8	3338.4	1870.7	2035.8	2966.4	2671.8
Rrp8	383.2	410.5	384.7	239.1	381.8	733.1	668.3	486.6	358.4	688.6	507	361.5	484.4	344.8	416.5	664.9	371.9	318.7	337.7	386	695.4	681.2	908.5	832.1
Ilk	344.4	441.3	539.3	377.1	381.8	815.5	452.5	481.7	885.2	442.3	596	518	204.3	586.9	384.5	388.6	327.1	442.4	372.1	710.5	0	1.6	2.7	2.6
Tpp1	1393.2	1682.4	1865.1	2252.8	2014.1	2236.5	1826.1	1704.7	2084.6	1584	1830	1531.7	1146.8	1435.6	1733.1	1382.3	1800.3	1973.2	1272.2	1427.5	1391.7	1441.5	1587.5	1543.3
Tmem159	367.5	139.8	164.5	146.7	143	464.1	258.7	159.6	213.6	127.9	23.9	42.9	283.3	167.3	78.6	141.7	145.4	42.2	159.3	20.5	70.8	81.4	264.4	159.8
Trim30a	2428.4	2786.6	2600.7	3240.6	2415.9	2689.6	2901.9	3284	1149.1	2005.8	1714.8	1793	2083.7	2187.5	2465.7	1847.8	2561.1	3870.7	2245.9	2870.3	1157.7	1215.2	911.9	866.4
2610020H08Rik	92.4	113.4	124.2	96.7	92.9	98.9	89.9	107.7	86.3	91.2	71	136	83	61.6	81.6	41.5	104.2	173.2	117.7	14.1	79.6	81.4	111.4	73.1
Eri2	227.8	49	75.5	60.9	171.6	175.7	180.8	114.6	137.6	153.8	190	128.8	105.3	81.4	187.9	176.1	182.9	36.4	211.6	153.9	198.1	183.2	257.7	293.1
Chst15	566.9	608.1	597.9	599.9	398.2	392.7	341.6	266.3	324.5	257.2	338	629	462.9	496.6	359.7	611.2	800.8	608.3	774	586.1	2285.3	2136.8	355.6	247.2
Oat	863	1136.5	1246	955.2	1864.7	1172.5	2056.8	1215.1	1274.4	2058.9	872	807	664.8	1398.2	1670.5	930	1115.8	1245.6	1272.2	1115.8	1704.4	1799.3	3475.7	3426.2
Thumpd1	1354.4	1125.5	2225.8	1642	1270.5	1613.2	1761.1	1905.4	1206.6	2250.8	1448.6	1239.2	1276.1	1432	2234.1	1479.5	1366.5	1720	1632.4	1332.5	1610.5	1566.8	2127	2091.3
Lhpp	19.9	22	63.5	16.3	48.6	145.5	33	22.5	0	19.1	43.4	25.9	11.2	10.3	87.4	12.1	21.8	69.8	28.5	84.6	207.7	205.1	315.4	297.7
Fam53b	176.4	252.5	221	152.1	440.4	9.6	111.9	341.7	52.4	261.3	161.5	187.9	220.3	162.9	262.2	198.3	187.8	307	210.4	487.4	3334	3063.1	640.8	628.3
Mettl10	423.1	235.6	231.5	92.4	237.4	38.4	441.5	126.3	195.1	168.7	68.8	22.4	102.2	266.3	227.2	140.7	204.7	163	123.7	287.3	272.1	259.2	252.3	210.9
Fam175b	529.1	638.1	573.9	522.7	753.6	1016	841.1	622.7	640.8	734.8	811.4	813.3	423.8	713	860.7	694.2	642.1	593.7	829.9	846.5	487.8	503.5	727.3	744.1
Trim21	445.2	528.3	557	368.4	183.7	502.5	518.5	323.1	237.2	304.8	255	252.3	344	292	409.3	391.6	478.5	323	487.5	356.5	344.5	379.8	322.7	233.6
Zranb1	1830	1948.7	1670.2	2123.4	1440	1488.3	2035.8	1822.2	1530.1	1612.6	1437.4	1054.9	1845.9	1651.3	1522	1371.2	1404.1	1778.2	1859.5	1132.5	494.9	559.8	426.1	336.5
Ctbp2	365.4	361.5	297.2	231.5	180.2	465.4	232.8	286.9	288.6	251.8	216.9	246.9	430.2	446	244.7	166	264.1	244.5	335.3	205.2	142.4	128.4	422	461.4
Rrm1	935.5	876.7	1025.7	977	2251.5	2225.5	2779.1	2792.5	2898.9	4483.9	4148.3	4469	2565.8	3093.5	4038.7	3509.5	2998.4	2702.2	3419.4	3017.8	7505.1	7375.1	8550.9	8666.9
Uros	117.6	79.8	139.1	70.6	40.8	96.1	89.9	117.5	300.9	153.8	37.4	25.1	103.7	5.1	163.1	137.6	208.4	55.3	74.9	70.5	198.1	231	241.6	233.6
Knop1	1737.6	1544.1	1142.9	1733.3	1450	1334.5	894.1	1776.2	1620.4	1596.2	1645.3	2010.4	1462.1	2185.3	1623.9	2122.1	1820.9	1284.9	1621.7	1762.2	510.8	548.1	428.1	394.1
9030624J02Rik	634.1	573.7	1008.1	1122.6	405.4	568.4	966	811.7	509.3	974.3	934.1	1002.1	513.2	558.3	653.9	989.7	575.5	455.5	743.1	623.3	1398	1463.4	2104.9	1926.3
Bccip	337	531.3	384.7	304.3	376.1	443.5	479.5	433.8	602.8	642.3	123.4	30.4	332	126.9	556.4	288.4	473.7	388.5	180.7	557.9	1460.1	1375.7	1877.4	1717.3
Dhx32	98.7	185.1	200.5	256.5	151.6	101.6	110.9	167.4	159.2	108.9	68.8	116.3	44.7	222.3	174.8	98.2	157.5	256.1	115.3	121.8	580.1	508.2	439.5	546.8
Stim1	376.9	517.4	472.3	601	375.4	454.4	366.6	592.4	245.4	549.8	626.7	593.2	312	437.2	432.6	569.7	308.9	376.9	373.3	507.9	808.4	833.9	575.7	539.7
Pgap2	709.7	580.3	484.3	580.3	710.7	362.5	545.4	634.5	533	666.8	442	420.5	917.8	570.7	614.6	567.7	774.1	518	418.5	650.2	608.7	668.7	1097.7	1199.7
Mki67	420	652.8	712.3	787.9	2660.4	3285.4	1574.3	1983.7	5672.5	4037.5	5357.5	6397.1	2299.2	3696.5	2229.8	2555.2	4428	3134.4	3037.8	2996	3602.9	3767	373.7	372.1
Atp6ap2	877.7	742.8	1021.5	1287.8	670.6	1224.7	815.1	1007.5	1191.2	1219.3	1087.4	664.8	1106.9	1652	1472.4	1252.8	930.4	861.4	756.2	1029.9	2174.7	2121.9	6282.4	5878
Usp9x	684.5	963.8	611.3	686.8	1103.2	1042.1	204.8	747.1	983.8	800.2	854.8	636.1	731.8	943.4	514.1	837.9	980.1	631.5	724.1	218	826.7	978.8	726.7	767.4
Cask	119.7	173.4	134.1	160.8	208.8	204.6	112.9	213.5	25.7	5.4	45.6	183.4	99	260.4	155.8	175.1	116.3	126.6	91.5	155.2	79.6	89.3	281.1	368.8
Swap70	681.4	522.5	546.4	449.9	652.1	719.4	300.7	462.2	508.3	341.6	147.3	252.3	547.5	687.4	573.8	332.9	688.1	759.6	472	654.1	1501.5	1489.3	1807.6	1712.1
Wee1	6.3	90	48	32.6	95.1	109.8	78.9	56.8	20.5	99.3	61.3	77.8	213.1	52.1	45.1	78.9	121.1	85.9	115.3	77	923	868.3	1419.1	1287
Tmem9b	357	398.1	479.3	497.7	472.6	459.9	733.2	733.4	704.4	630.1	541.4	336.4	454.9	407.1	661.2	402.8	184.1	503.5	323.4	391.2	592	638.9	1021.9	1190.6
Akip1	200.5	239.3	265.4	264.1	256	216.9	242.7	328	360.4	438.2	405.3	414.2	268.9	163.6	294.2	557.6	339.2	238.6	330.5	278.3	389.1	442.4	527.4	481.4
Eif3f	4774.9	3388.2	3674.4	3093.9	3179.5	3506.5	3597.2	2686.7	3801.5	3515	3819.2	4848.4	3029.5	3340.7	3275.5	3045	3050.5	4036.6	3457.5	5193	1942.3	1966.1	2953	2757.2
Ndufb11	1258.8	1388.2	1808.6	2064.8	1638	2292.8	2315.5	1568.6	2049.7	2023.5	2138.1	2643.8	2107.7	1922	1858.4	2632.1	2100.7	2124.5	2228.1	2738.2	1069.4	1094.6	1242.6	1094.8
Rbm10	1016.3	892.8	748.3	534.7	661.4	679.6	778.2	833.2	959.1	781.1	699.2	824	875.5	1027.8	661.2	494.8	682.1	941.5	555.2	1056.8	774.2	826.8	768.3	911.7
Cdk16	105	49.8	50.1	18.5	84.4	15.1	15	21.5	7.2	44.9	63.6	47.4	91	21.3	45.1	28.3	55.7	45.1	55.9	50	947.7	936.5	1128.6	1136.3
Usp11	889.3	794	1017.3	1062.8	697.8	988.5	994.9	982.1	1114.2	1140.4	1045.5	1643.6	1166	721.8	1144.7	1302.4	1315.7	1456.6	1834.5	1203	1269.9	1205	1116.5	1198.4
Glrx3	3292.5	2587.6	2264.6	1316	2606.8	2883.2	2090.8	2265.7	3442.1	2427.7	2511.3	4132.6	2991.9	3931.3	2723.5	2733.3	2937.8	1933.9	2521.8	2938.3	832.3	830.8	960.8	952.5
Oraov1	137.5	368.1	167.3	192.3	97.2	103	81.9	115.5	466.2	161.9	132.4	249.6	341.6	270	100.5	197.3	218.1	279.4	196.2	215.5	165.5	193.4	103.3	125.5
Fgf3	24.1	13.2	65.7	12	86.5	43.9	178.8	215.4	203.3	314.3	316.3	255	91	198.1	203.9	195.3	0	0	0	0	57.3	50.1	144.9	163.1
Fadd	154.3	163.9	230.8	467.3	246	156.5	106.9	264.4	248.5	176.9	236.3	510.9	122.1	150.4	195.2	260.1	124.8	152.8	93.9	238.6	94.7	122.9	118.8	128.8
Cttn	1074	801.3	1380.8	1192.1	652.1	936.3	1057.9	746.1	1224	1128.1	1278.1	1533.5	434.9	343.3	586.9	590	178.1	147	205.7	355.3	187	172.3	44.3	27.2
Nadsyn1	4.2	35.9	23.3	9.8	0	34.3	16	49.9	131.4	23.1	52.3	34	96.6	51.4	33.5	67.8	29.1	120.8	47.6	164.2	132.9	113.5	278.5	216.1
Dock11	968	792.5	936.1	981.3	1170.4	1263.1	1615.3	1563.7	1283.6	1514.6	1038	1173.8	1695.9	1608.7	1105.4	1634.3	1954.1	2187.1	1754.9	1365.9	2004.4	1847.9	1203.1	1189.3
Cul4b	288.7	379.8	429.9	271.7	501.2	372.1	472.5	391.7	454.9	209.6	418.8	477.8	526.7	407.1	335	352.2	361	228.5	324.6	242.4	584.8	534.8	825.3	962.8
Tnni2	29.4	92.9	57.9	90.2	0	46.7	35	0	0	34	18.7	0	35.9	0	93.2	42.5	50.9	10.2	117.7	139.8	107.4	111.2	15.4	14.9
Sash3	737	646.2	684.1	547.7	519.8	398.2	557.4	516	726	473.6	454.7	330.1	639.3	614	764.6	440.2	590	560.2	657.5	850.3	3996	4092.8	2803.3	2717
Elf4	1144.4	999.6	1535.4	911.8	820.8	1127.2	1341.6	1387.4	905.7	1276.4	1253.4	1437.8	1082.2	934.6	1071.9	1538.2	1178.8	1487.2	1268.6	1254.3	1550	1329.5	531.4	594.7
Slc25a14	256.2	130.3	119.3	109.8	107.2	162	311.7	195.8	121.2	78.9	208.6	392.8	246.6	210.5	144.2	188.2	128.4	94.6	196.2	110.3	78	69.7	119.4	50.5
Rbmx2	183.7	413.5	440.5	176	190.2	225.2	374.6	371.1	702.4	560.7	489.1	532.3	241.8	452.6	381.6	324.8	329.5	448.2	344.8	433.5	123.3	102.6	72.5	55.6
Enox2	376.9	567.1	675.6	591.2	633.5	591.7	499.5	271.2	390.2	508.9	569.1	696.1	268.2	359.5	201	583.9	329.5	605.3	774	425.8	346.9	333.6	253	223.9
Stk26	2725.5	2470.5	2685.4	2128.9	1964.8	2857.1	2743.1	2390.1	1812.5	2746.1	1120.3	440.2	2957.6	3139.7	2940.5	1472.4	3000.8	3668.4	1032	2121.3	1554	1448.6	3947.4	4164.5
Slc9a9	13.6	47.6	0	19.6	52.9	13.7	116.9	113.6	15.4	141.5	95.7	204	115.7	74.8	80.1	219.6	193.8	229.9	401.9	291.1	900.7	866.8	279.8	231
Arhgef6	2428.4	2599.3	2113.6	2297.3	2027	2117.1	2056.8	2096.3	1301.1	1239.7	1125.5	1121.1	2316.8	2329.9	1775.4	2317.4	2215.8	2507.2	2329.1	2091.8	2349.7	2327.1	2722.2	2832.2
Rbmx	736	815.2	766.6	787.9	700.7	1036.6	1128.8	805.8	1009.4	722.6	626.7	669.2	968.1	935.3	927.7	775.2	1004.3	574.8	606.4	566.9	983.5	1022.6	891.7	922.1
Fgf13	15.7	0	1.4	15.2	0	0	0	44.1	0	25.9	34.4	0	0	0	24.8	16.2	106.6	34.9	52.3	56.4	148.8	122.1	0	0
Ccdc22	243.6	174.9	230.8	260.8	273.1	89.2	303.7	235	254.7	251.8	317.1	586.9	247.4	524.5	230.1	507	232.6	116.4	287.7	319.3	0	0.8	0	0.6
Prickle3	142.8	203.4	168	276	188	70	29	216.4	110.9	74.8	98.7	139.6	67.8	61.6	182.1	139.6	152.6	197.9	271.1	77	191	180.9	176.5	99.6
Plp2	498.7	325.6	792.8	1115	750	864.9	1342.6	1186.7	590.5	913.1	1233.2	1727.7	781.3	636	917.5	1035.2	648.1	1495.9	1401.8	1314.6	335.8	301.5	81.2	67.3
Gpkow	292.9	193.2	339.6	246.7	305.3	395.4	254.7	329	282.4	321.2	77	178.9	375.9	352.9	324.8	156.9	310.1	197.9	99.9	137.2	799.7	758.7	758.2	750
Praf2	105	61.5	113.7	34.8	28.6	230.7	96.9	126.3	23.6	149.7	92	102.9	114.9	47.7	83	119.4	76.3	59.7	133.2	111.6	72.4	57.2	77.2	88.6
Gripap1	656.2	535.7	389.7	437.9	282.4	227.9	223.8	293.7	264.9	156.5	370.2	469.7	178.8	140.1	160.2	381.5	225.3	269.2	436.3	268	483	495.6	470.4	502.8
Otud5	971.1	1010.6	976.3	547.7	737.9	969.3	1255.7	680.5	1150.1	793.4	604.3	822.2	803.7	763.7	672.9	604.1	803.2	861.4	815.6	713.1	1755.3	1658.4	1303.7	1035.3
Pim2	316	414.9	497.7	298.8	263.8	341.9	408.6	590.4	102.7	119.8	124.1	296.1	286.5	209.8	501	243.9	174.5	196.4	167.6	259.1	618.3	631.9	140.2	92.5
Slc35a2	544.9	571.5	633.9	437.9	538.4	321.3	502.5	466.1	250.6	653.2	480.9	285.4	323.2	319.1	415.1	317.8	376.8	442.4	521.9	451.5	376.4	421.3	379.8	525.4
Pqbp1	918.7	687.9	949.5	982.4	1025.3	955.6	929	862.6	986.8	865.5	1248.1	1597.9	1049.5	1104	907.4	1363.1	981.3	1181.6	1336.4	956.8	1289	1342.1	923.9	902
Timm17b	562.7	242.2	270.4	213	442.6	395.4	351.6	374	368.7	396	422.5	647.8	310.4	282.4	435.5	624.4	444.6	356.5	441.1	657.9	911.1	939.6	1189.6	1080.6
Hdac6	203.7	163.9	270.4	194.5	180.9	173	69.9	137.1	77	225.9	114.4	283.6	63	231.8	138.4	215.5	192.6	200.8	190.2	165.4	661.2	627.2	392.5	312.5
Gata1	80.8	140.5	161.7	101.1	439	439.3	490.5	351.5	913.9	1533.6	1939.2	2028.3	71.8	248	205.4	260.1	44.8	1.5	0	271.9	70	50.9	128.2	143
Was	1790.1	2005.8	1946.3	2076.7	1504.3	1721.7	1932	2171.7	1462.3	1992.2	2426	3792.6	2138.8	1647.6	2149.7	1909.6	1772.4	2223.5	2119.9	2563.8	584.8	696.9	350.9	344.2
Wdr13	2412.6	2306.6	2207.5	1819.2	1554.4	1642	1755.1	1405.1	898.5	1511.9	2008	1214.1	1383	1381.3	1022.4	1641.4	1504.7	1779.6	1573	965.7	284.9	318.7	151.6	181.2
Rbm3	1249.4	1221.4	1391.4	1031.3	1121.1	892.4	1639.3	1139.7	1239.5	1258.8	952	1485.2	1312	1189.9	1334.1	1326.7	1324.1	1650.1	1477.9	1344.1	629.4	667.1	528.7	446.5
Ebp	443.1	276.6	288	264.1	380.4	392.7	417.6	436.7	554.5	485.8	536.2	663.9	615.3	485.6	519.9	477.6	433.7	404.5	576.6	828.5	752.7	748.5	1144.7	1296.1
Ftsj1	176.4	210.8	228.7	335.8	193.8	361.1	507.5	288.8	422.1	362	249.8	244.3	158.8	162.1	231.6	240.8	215.6	342	199.7	302.7	533.1	503.5	667	711.1
Rpgr	217.3	154.4	362.9	213	180.9	89.2	352.6	187	253.6	196	169.8	271.1	309.6	223.7	252	325.8	312.6	443.8	281.8	323.2	138.5	150.3	244.9	149.5
Dynlt3	1737.6	2224.6	2004.9	2143	2154.9	2051.2	1838.1	1530.4	1822.7	1486	1853.9	1904.8	1372.7	1588.9	1238	1787.1	1573.7	1218	1414.8	1441.6	479.8	515.2	786.4	658.7
Vbp1	1070.9	986.4	905	932.4	1435.7	1176.6	936	738.3	1047.4	1318.6	750.1	835.7	1186.7	1070.3	1323.9	925.9	1261.1	1009.9	954.7	999.1	1596.2	1656.8	2408.8	2262.2
Fundc2	2548.1	2679.8	2907	2779.8	2912.1	3156.4	2827	2740.6	3265.5	2784.2	4372.6	5004.1	3111.7	2789.1	2832.7	3169.4	2092.2	2098.3	2813	2286.7	505.3	508.2	677.7	642.5
Mtcp1	14.7	88.5	28.2	157.6	195.9	74.1	280.7	62.7	116	110.2	91.2	3.6	126.9	45.5	45.1	33.4	110.2	0	70.1	57.7	16.7	34.5	42.9	27.8
Brcc3	176.4	333.7	293	143.4	324.6	310.3	197.8	164.5	429.2	317.1	225.1	19.7	628.9	446	466.1	155.8	328.3	502	197.4	315.5	685.9	563.8	897.1	885.8
Msn	3725	3699.9	2556.2	2640.7	2343	2780.2	2517.3	2573.2	3049.9	2928.5	2417.8	2885.4	3124.4	3192.6	2802.2	2644.2	3145	3281.4	2998.5	3641.1	11377.7	11489	8047	8156.3
Ophn1	336	178.6	179.3	253.2	75.8	92	32	93	85.2	28.6	80	34.9	1.6	52.1	0	10.1	9.7	18.9	36.9	9	39.8	32.1	21.5	47.9
Stard8	69.3	176.4	127.8	97.8	39.3	104.3	275.7	207.6	337.8	114.3	106.9	7.2	145.2	128.4	212.6	146.7	86	119.3	5.9	102.6	191	219.2	171.1	220.7
Efnb1	217.3	254.7	131.3	239.1	140.9	105.7	39	106.7	176.6	53.1	127.1	128.8	67.8	52.1	39.3	56.7	141.7	104.8	63	89.8	74.8	90.8	60.4	111.3
Igbp1	1298.7	1086.7	1778.2	1349.7	865.1	863.6	1452.5	1036.9	1173.7	1015.2	1212.3	1190	1004	898.6	1195.7	1188	723.3	938.6	1101	1362	362	335.1	369	399.2
Magee2	0	0	29.6	0	16.4	0	45	12.7	70.9	49	16.5	6.3	26.3	0	0	4	1.2	0	3.6	0	99.5	81.4	19.5	31.1
Pbdc1	707.6	630.1	683.3	511.8	1018.8	626.1	974	752	1442.8	1253.3	734.4	718.4	656.8	971.3	850.5	889.5	832.3	814.9	902.4	873.4	903.9	980.3	919.2	920.8
Magee1	66.1	243	279.5	200	111.5	93.4	205.8	347.6	38	43.5	76.3	0	27.1	1.5	179.1	23.3	96.9	80	32.1	32.1	103.4	77.5	46.3	83.5
Atrx	12429.6	13060.9	7926.9	10546.6	12027.3	11750.9	9208.2	11225.8	11713.7	11213.1	11854.8	10364.2	12996.5	13747.3	11306.2	12290.2	15089	12801	13467.2	9562.5	1869.9	1908.2	869.6	1199.7
Cox7b	2249.9	2360	1889.1	2673.3	2741.9	2479.5	2730.1	2091.4	4077.8	2870	3279.3	3123.4	3320	3386.2	3077.4	3016.6	2369.7	2019.7	2836.8	3166.6	847.4	890.3	1541.2	1338.8
Magt1	2052.5	2423.7	1897.6	2433.2	3343.2	2515.2	2806	3353.5	3407.2	3668.7	2560.6	2938.2	3546.6	3453.7	4267.3	3251.4	2890.6	3816.9	2821.4	3121.7	1983.7	1964.6	3661.5	4003.4
Itm2a	267.7	222.5	524.5	505.3	230.9	186.7	374.6	326.1	110.9	148.3	202.7	246	109.3	97.6	241.8	242.9	202.3	243	151	139.8	136.1	113.5	55	142.4
2610002M06Rik	782.2	647.6	892.3	880.2	726.4	985.8	801.2	776.5	845.1	809.7	780	752.4	897.8	580.3	754.4	739.7	737.8	777.1	669.4	624.6	378	370.4	558.9	508.6
Hmgn5	4662.6	3432.1	2366.3	2663.5	3432.6	3668.5	3452.3	3759.9	5669.4	5757.6	5774.1	8789.6	4899.3	5038.2	5002.8	5342.1	4480	4105	4905.6	2554.8	342.2	310.9	257	268.5
Sh3bgrl	1062.5	2259.8	1579.2	1479	2512.4	2327.1	1645.3	1618.5	2973.9	2020.8	1937.7	1633.7	2517.9	3129.5	2004	1661.6	2636.2	1596.3	1850	1269.7	1814.2	1715.6	3311.3	3272.9
Sytl4	240.4	172.7	260.5	129.3	346	262.2	259.7	197.8	342	133.4	88.2	132.4	72.6	266.3	270.9	269.2	534.3	392.9	335.3	183.4	94.7	101.8	34.9	62.8
Cstf2	770.6	1067.7	583.1	756.4	1029.6	977.5	1025.9	968.4	1148.1	1099.5	1078.4	1571.1	1141.2	1540.5	954	1282.1	1329	1183	1047.5	813.1	2404.6	2321.6	2068	2048
Xkrx	55.6	0.7	27.5	47.8	0	100.2	9	18.6	0	0	0	0	0	0.7	0	0	23	0	41.6	60.3	601.6	632.7	0	0
Cenpi	55.6	11	58.6	108.7	84.4	230.7	148.8	182.1	349.1	344.3	234.8	489.4	150	251.6	224.3	301.6	357.4	225.5	399.5	334.7	456.7	525.4	310	256.2
Btk	252	219.5	144.7	206.5	405.4	260.9	363.6	189	366.6	491.3	456.2	416.9	429.4	432.8	93.2	617.3	392.5	190.6	564.7	346.3	1680.5	1620	1143.3	1448.8
Gla	65.1	51.2	19.8	47.8	108.7	4.1	49.9	47	13.3	69.4	0.7	39.4	51.9	24.2	40.8	45.5	0	42.2	48.7	28.2	92.3	137.8	569	555.2
Acsl4	956.4	1050.1	965	807.4	781.5	1037.9	736.2	926.3	821.5	640.9	706	696.1	723	713	750.1	841.9	1009.2	730.5	989.2	729.8	833.1	794.7	478.4	668.4
Lrch2	174.3	466.9	432	314.1	237.4	278.7	489.5	179.2	49.3	179.6	96.5	4.5	154	112.2	171.9	106.3	255.6	85.9	80.8	70.5	0	1.6	5.4	3.9
Cdkl5	162.7	194.7	237.2	268.4	113.7	184	292.7	143	92.4	69.4	95	145.8	119.7	91	138.4	28.3	80	30.6	85.6	39.8	15.1	15.7	4	0
Phka2	317.1	272.2	255.5	353.2	175.2	255.4	202.8	426.9	459	413.7	515.3	484.9	482	537	288.4	359.2	638.4	253.2	447	339.9	459.1	449.4	1512.4	1407.4
Adgrg2	109.2	30	134.8	138	0	190.8	26	51.9	0	10.9	29.9	44.7	0	0	0	0	20.6	0	0	0	0	0.8	0	0
Pdha1	1467.7	1547.7	1451.4	1781.1	2234.3	1352.3	1719.2	1466.7	1615.3	1849.3	2176.2	2139.2	1785.3	1461.3	1921	2309.3	2068	2342.8	1797.7	2053.3	1349.5	1281.8	2215.6	2256.3
Il2rg	1055.1	825.5	1042.7	714	935.2	590.4	1201.7	1029.1	898.5	719.9	661.1	654.9	1093.4	1024.1	1121.4	1269	999.5	1343.1	1899.9	1527.5	702.6	744.6	334.8	348.1
Rps6ka3	1721.8	1379.4	1651.2	1614.9	1316.3	2041.6	2614.2	1952.4	1421.2	1707.8	1402.2	768.5	1550.6	2076.8	2572	1927.8	1971.1	893.5	1622.9	1155.6	202.9	117.5	200.6	249.1
Zmym3	597.4	827.6	1075.8	1084.5	834.4	886.9	1014.9	844	1369.9	917.2	1075.4	960	1109.3	757.1	1106.9	1228.5	966.8	780	1276.9	982.4	426.5	470.6	308	203.2
Nono	7342.9	8386.3	9062.1	7551.6	7162.6	7253.2	10023.4	9894.2	9007.8	9733.9	11264.7	15765.5	9220.1	7889.7	11128.5	10061.9	8870.4	10769.6	10853.9	9239.3	4029.4	4152.3	3012.7	3170
Taf1	1584.3	1789.2	809.7	1123.7	1291.2	1506.1	663.3	1089.8	1818.6	1008.4	1631.8	1681.1	1721.4	1082	1217.6	1377.3	1621	1314	1441	865.7	692.3	725.8	395.9	418
Rps4x	52406.3	40804.4	45959.1	42517.7	36807.7	37115.9	44086.3	34764.2	38542.1	38196.6	40718.5	52596.9	38497.1	39947.3	38252.9	35606.6	41333.2	45243.6	41800.9	47349.7	981.9	1048.4	1404.4	1351.7
Chic1	96.6	193.9	91.1	178.2	233.8	27.5	155.8	118.5	0	23.1	28.4	0.9	56.7	0	122.3	9.1	81.2	109.1	22.6	26.9	4	11	9.4	0
Flna	1656.7	1312.8	2434.1	2175.6	1695.2	1681.8	2054.8	1972	2416.3	2339.2	2387.1	4034.2	2131.6	2214.7	2152.6	2837.5	1933.5	2670.2	2349.4	3428.2	7186	7718.8	9297.1	9772.7
Abcb7	266.7	348.3	429.9	422.7	802.2	321.3	626.3	567.9	711.6	615.1	427.8	474.2	450.1	556.8	777.7	413.9	571.8	598.1	523.1	583.6	610.3	502.7	792.4	522.8
Mtm1	72.4	210	177.9	335.8	125.1	216.9	176.8	180.2	47.2	156.5	86	110.9	52.7	348.5	304.4	114.4	208.4	176.1	164.1	88.5	243.5	281.9	590.5	518.3
Gpm6b	13.6	0	20.5	0	55.1	108.5	43	12.7	43.1	49	26.9	36.7	0	38.1	13.1	0	40	50.9	9.5	94.9	102.6	103.4	12.7	0
Cetn2	1207.4	1475.3	1335.6	1079.1	1076.8	970.7	1995.9	1086.8	1758	1175.7	1039.5	1785.8	1275.3	1073.2	1111.2	1419.8	1114.6	996.8	1344.7	1340.2	881.6	931.8	1109.1	1073.5
Nsdhl	275.1	161	177.9	210.8	147.3	96.1	211.8	233	115	232.7	216.9	311.4	190.7	165.1	326.2	196.3	129.6	215.4	346	228.3	355.7	380.5	407.3	400.5
Hccs	112.3	283.2	410.9	317.3	399.7	244.4	415.6	466.1	557.6	677.7	439.7	430.4	178	290.5	406.3	398.7	479.7	448.2	317.4	484.8	908.7	835.5	1174.9	1261.1
Rbbp7	3954.9	5132	4973.3	3885	6235.3	6708.2	5831.8	5655.5	7026	5746.7	5034.5	5466.6	7655	6829.7	6233.5	5200.4	6818.2	6850.9	5666.5	6222.8	5026.4	5041	5603.3	5698.1
Arhgap6	639.4	862.8	1654.7	1393.2	868.7	686.5	1617.3	1022.2	751.7	1348.6	1456.8	1218.6	988	416.7	1259.8	1004.9	581.5	691.2	822.7	568.2	117	106.5	93.3	47.9
Syap1	287.7	248.1	239.3	228.2	310.3	366.6	259.7	221.3	268	273.5	154.8	259.5	396.6	314	308.8	114.4	170.8	213.9	189	248.8	531.5	505.8	443.5	462.7
Msl3	688.7	1193.5	581	754.2	1327	827.9	949	788.2	1159.4	1160.8	928.1	1152.4	884.3	1274.2	1073.4	849	1418.6	846.9	934.5	1185.1	985.1	1059.4	1113.8	1191.9
Ctps2	245.7	357.8	302.1	290.2	860.1	638.4	543.4	284.9	334.8	330.7	474.9	122.6	316.8	213.5	518.5	379.5	517.3	486	442.3	274.5	1363	1298.2	1852.6	1769.7
Zfp275	849.4	862	965.7	1040	1136.1	1053	574.4	609	467.2	541.6	548.9	499.2	851.5	659.5	712.2	499.9	689.3	516.6	807.3	514.3	209.3	158.9	142.2	273.7
Ap1s2	77.7	161	65.7	118.5	170.9	186.7	319.7	140	127.3	69.4	240.1	323	116.5	213.5	324.8	439.2	476.1	539.9	875.1	686.2	353.3	313.2	1198.4	1032.1
Zrsr2	2243.6	2102.4	1406.9	2159.3	2182.8	2111.6	1362.6	1648.9	1581.4	1027.4	2281.7	1768.8	2145.2	1484	1265.6	1400.5	1498.6	1420.2	1482.6	1009.4	309.5	253.7	180.5	202.5
Haus7	39.9	67.3	93.2	55.4	0.7	4.1	46	68.5	101.7	93.9	137.6	29.5	23.9	50.6	67	81	61.8	58.2	120.1	61.6	452	516	354.3	471.1
Zfp92	75.6	54.2	127.1	108.7	103.7	118.1	8	36.2	0	0	0	0	0	0	0	31.4	0	37.8	16.6	20.5	0	0	0	0
Bgn	239.4	122.9	238.6	152.1	253.1	129.1	166.8	121.4	1	53.1	41.1	70.7	0	15.4	37.9	92.1	0	0	0	150.1	2.4	8.6	0	0.6
Bmx	0	14.6	2.8	28.3	0	0	5	0	0	9.5	0	7.2	0	35.9	27.7	0	4.8	0	14.3	9	6.4	7	188.5	119.7
Abcd1	118.6	112	76.2	72.8	165.2	223.8	86.9	197.8	96.5	88.5	165.3	202.2	155.6	21.3	294.2	171	212	349.2	290.1	316.8	2207.3	2067.1	2182.7	2316.5
Pir	44.1	3.7	84.7	6.5	0	23.3	1	12.7	20.5	85.7	0	31.3	0	0	0	15.2	0	53.8	0	0	139.2	126.1	36.2	47.2
Piga	290.8	353.5	444.7	435.8	253.1	258.1	394.6	348.6	621.3	513	465.2	552	216.3	478.3	563.6	519.1	426.4	276.5	367.4	401.4	226.8	230.2	646.2	509.9
Dusp9	28.3	0	7.1	0	0	20.6	0	42.1	106.8	72.1	3	0	0	0	24.8	5.1	60.6	0	0	33.3	119.4	127.6	11.4	7.1
Hcfc1	1309.2	1638.5	2434.1	2424.5	2072.7	1187.6	2941.9	2905.1	2781.8	2762.4	3267.3	3303.2	2219.4	2021	2685.6	2651.3	2168.5	2200.2	2461.1	2089.2	3115.2	3121	1505	1316.8
Renbp	176.4	54.2	173	138	52.9	74.1	87.9	59.7	84.2	50.4	204.2	169.1	87	120.3	174.8	163.9	158.7	227	83.2	165.4	160.7	202.8	536.8	438.1
Naa10	600.5	532	444	515.1	871.6	532.7	378.6	495.4	651	473.6	575.8	1057.5	664	710.8	396.1	530.3	546.4	205.2	344.8	902.9	697.8	668.7	831.3	871.6
Arhgap4	645.7	689.3	829.5	891.1	466.9	498.4	639.3	539.5	649	461.3	629.7	222.8	313.6	621.3	361.2	676	791.1	627.2	1029.6	647.7	1118.8	1213.7	809.9	619.9
L1cam	0	0	4.9	0	0	0	20	16.6	0	0	5.2	0.9	4	0	2.9	19.2	10.9	42.2	1.2	38.5	89.9	68.9	20.8	12.3
Irak1	3163.3	3459.2	3820.5	3572	4191.9	3680.8	3865.9	3673.7	3356.9	3774.9	2973.4	2336.1	4042.2	4134.5	4019.7	3636	3685.3	4892.2	3506.2	3646.2	2201.7	2092.2	3022.8	3174.5
Mecp2	1323.9	992.3	1134.4	852	1061.7	805.9	741.2	973.3	702.4	860	887.7	486.7	1342.3	787.9	747.1	630.4	1001.9	890.6	895.3	575.9	385.9	397.8	234.8	161.8
Plxna3	242.5	243	370.6	268.4	130.1	162	144.8	160.6	59.6	39.5	46.4	35.8	146.8	52.1	87.4	83	50.9	113.5	139.1	107.7	40.6	48.5	28.2	23.3
Fam3a	131.2	53.4	115.8	196.7	148	34.3	17	111.6	137.6	29.9	106.9	17.9	197.1	116.6	72.8	146.7	119.9	91.7	102.2	119.3	419.3	360.2	281.8	341
G6pdx	156.4	172	265.4	354.3	189.5	197.7	263.7	232.1	188.9	315.7	199.7	109.2	237.8	314.7	314.6	415.9	449.5	304.1	388.8	557.9	884.8	960.7	5136.3	5345.4
Mpp1	502.9	303.7	450.4	295.6	258.8	480.5	501.5	474.9	370.7	600.1	326.8	205.8	241	355.8	699.1	301.6	699	731.9	831.1	855.4	1582.7	1491.6	2074.7	2227.2
Dkc1	4095.6	3661.1	1880.6	2454.9	3943.1	3938.9	2886.9	3681.6	3956.6	4009	3025.8	3318.5	4302.4	5060.3	4130.4	3688.6	4199	3878	2912.9	4252.9	2737.2	2587.8	3447.5	3368
Morf4l2	800	1296	1981.6	1324.7	1532.9	1371.6	1505.4	1440.3	1902.8	1858.9	1902.5	1870.8	1076.6	1745.2	2276.4	1655.6	1379.9	1712.7	1854.8	1582.6	1741.8	1723.4	2699.3	2933.2
Plp1	183.7	63.7	93.2	138	57.9	219.7	101.9	159.6	82.2	72.1	16.5	53.7	49.5	27.9	65.5	96.1	95.7	11.6	52.3	34.6	16.7	10.2	0	0
Zcchc18	75.6	53.4	139.1	83.7	44.3	134.5	87.9	148.8	0	42.2	50.9	145.8	118.1	5.9	43.7	127.5	95.7	112	73.7	234.7	328.6	345.3	0	1.3
Psmd10	403.2	319.1	333.9	446.6	432.6	361.1	302.7	499.4	538.1	371.5	455.4	416.9	491.6	349.2	550.5	399.7	245.9	459.8	423.3	480.9	397.9	436.1	562.3	585.6
Tsc22d3	1934.9	1909.2	2188.4	1832.2	986	1349.6	1485.4	1079	662.3	841	607.2	1034.3	1118.1	691	821.4	822.7	527	605.3	676.5	700.3	1908.9	1963.8	860.9	906.5
Prps1	1360.7	959.4	1002.4	995.4	1550.1	1064	1143.8	1316.9	1423.3	1612.6	1683.4	1617.6	1428.5	1214.1	1347.2	1421.8	868.6	697	1071.2	1268.4	1244.5	1201.1	1631.1	1450.7
Rbm41	78.7	117.1	62.8	32.6	39.3	27.5	5	66.6	156.1	89.8	31.4	143.2	5.6	5.9	46.6	68.8	92.1	96	161.7	34.6	89.9	72	29.5	38.2
Morc4	381.1	525.4	347.3	243.4	228.1	203.2	286.7	262.4	182.8	174.2	155.6	170.9	173.2	35.9	72.8	109.3	50.9	115	67.8	62.8	7.2	7.8	56.4	80.9
Atp11a	394.8	495.4	482.2	378.2	184.5	267.7	458.5	408.3	536	243.6	266.2	106.5	99.8	157	145.6	188.2	272.6	264.8	240.2	284.7	167.9	130	361.7	439.4
Mcf2l	86.1	73.2	61.4	45.6	54.3	75.5	98.9	58.7	25.7	170.1	112.9	226.4	138.9	77	168.9	91.1	20.6	77.1	121.3	64.1	76.4	71.3	330.1	366.2
F10	34.6	32.2	36	9.8	34.3	16.5	19	48	80.1	66.7	27.7	270.2	22.3	11.7	53.9	5.1	0	4.4	0	18	24.7	21.9	909.8	913
Cul4a	1353.3	1347.9	1366.7	1182.3	1598	1721.7	1611.3	1264.1	1271.3	1382.6	820.4	714.9	969.6	1123.8	1096.7	828.8	1419.9	1245.6	1198.5	1042.7	1103.6	1061.8	1677.4	2011.7
Lamp1	1717.6	1817	2047.2	1962.6	2172.8	1966	2070.8	1753.6	2424.5	1864.3	2366.9	2054.2	1649.6	2256.5	1278.7	1976.3	1750.6	1580.3	1783.4	2480.4	4822	4758.3	11817.9	11895.7
Gas6	203.7	223.9	173.7	126.1	72.2	23.3	128.9	114.6	14.4	27.2	13.5	63.5	20	0.7	4.4	46.5	147.8	213.9	198.6	260.4	43.8	53.2	0	0
Rasa3	2879.8	2610.3	2515.2	2381	2308.7	1967.4	2330.5	2230.5	2333.1	1996.3	1930.2	2343.2	2565	1401.9	1543.8	2159.5	2109.2	2232.2	2147.2	1891.7	3902.1	4180.4	1949.9	2108.8
Coprs	138.6	101	180	282.5	119.4	20.6	36	130.2	89.3	155.1	194.4	71.6	42.3	200.3	83	116.4	17	100.4	90.4	119.3	8	12.5	139.6	132
Agpat5	802.1	1088.9	1339.9	1218.2	1605.8	1042.1	1509.4	1362	1976.8	1782.7	1707.3	1758.1	1383	2238.2	1995.3	1787.1	905	1410	1518.3	1653.2	1248.5	1281.8	3761.5	3610.7
Vps36	2153.3	2088.5	1579.9	1717	1869.7	2064.9	1962.9	1792.8	1582.4	2033.1	1573.5	2128.5	2496.3	2218.4	2647.8	1850.9	2625.3	1615.2	2162.7	1849.4	1176	1162	1264.1	1193.2
Thsd1	200.5	169.8	263.3	253.2	157.3	162	199.8	189	43.1	49	121.9	46.5	238.6	48.4	170.4	217.6	324.7	382.7	426.8	283.4	349.3	274.1	81.2	49.2
Slc25a15	274	442	376.3	296.7	297.4	335	313.7	299.6	211.5	494	314.1	441.1	155.6	347.7	317.5	344.1	318.6	352.1	376.9	274.5	588	530.1	571	631.5
Erlin2	513.4	764	527.3	798.7	396.1	1003.6	1052.9	947.8	856.4	1032.9	493.6	552.9	790.1	905.2	734	437.2	522.1	844	567.1	695.1	779	784.6	1205.1	1169.3
Prosc	352.8	526.9	642.4	385.8	688.5	270.5	456.5	380.9	207.4	563.4	415.1	349.8	349.6	242.8	330.6	353.2	243.5	286.7	266.3	387.3	513.2	487.8	931.3	827.6
Brf2	89.2	24.9	36	106.5	25.7	11	57.9	49	26.7	46.3	93.5	60.8	87	38.9	77.2	35.4	63	36.4	26.2	61.6	229.2	184.8	249.6	212.9
Rab11fip1	242.5	343.2	237.2	204.3	84.4	195	153.8	213.5	109.9	152.4	131.6	181.6	134.1	87.3	120.9	252	103	149.9	79.7	164.2	132.9	126.8	141.6	122.3
Eif4ebp1	569	358.6	553.5	431.4	555.5	385.8	825.1	547.3	515.5	915.8	620	989.5	520.3	352.1	728.2	429.1	321	513.7	555.2	681	603.1	686.7	1034.6	986.1
Cd209a	0	0	24.7	0	0	0	59.9	16.6	1	15	0	0	0	0	39.3	0	52.1	0	9.5	138.5	578.5	568.5	0	0
Cd209d	0	0	0.7	0	0	0	0	10.8	0	0	0	0	0	0	0	0	0	0	0	9	319.9	321.8	0	0
Col4a1	558.5	854.7	786.4	856.3	566.3	783.9	682.3	592.4	239.3	389.2	134.6	162.8	427.8	187.1	348.1	455.4	249.6	458.4	158.1	205.2	20.7	12.5	15.4	3.2
Col4a2	557.5	557.6	291.6	332.5	638.5	516.2	360.6	375	106.8	104.8	137.6	191.5	281.7	22.7	201	161.9	202.3	97.5	118.9	98.8	8	15.7	42.3	40.1
Carkd	366.4	296.4	722.9	289.1	240.2	333.6	610.4	297.7	289.6	366.1	348.5	654.9	226.7	333.8	342.3	273.2	212	385.6	500.5	437.3	753.5	778.3	1119.9	1029.5
Ptpn7	2228.9	1994.1	2115	1986.5	2175	1946.8	2598.2	2953.1	3275.8	3445.6	3037.7	4129.1	2878.6	3040	3023.5	2809.2	1940.8	2566.9	2322	2368.8	2282.9	2233.9	3552.8	3914.8
Ankrd10	3209.5	2310.2	3009.4	2392.9	2922.1	3222.3	3521.3	2677.9	3617.7	2393.7	2028.1	1793	3450	3121.4	3409.5	2347.7	3726.5	3651	2471.8	2413.7	2245.5	2194.8	2057.2	2022.1
Arhgef7	204.7	342.5	222.4	386.9	296	251.2	111.9	420	217.7	209.6	521.2	274.7	533.9	272.9	365.6	256	169.6	298.3	222.3	404	198.9	278	89.2	143
Leprotl1	914.5	1399.9	1202.9	1090	1475.7	1525.3	1187.7	1241.5	1320.6	1280.5	1161.4	1086.2	1428.5	1399.7	1187	1460.2	1110.9	1218	1076	994	826.7	658.5	586.4	553.2
Dctn6	1004.7	679.8	1342	1197.6	1301.3	1125.8	1521.4	1038.9	1454.1	1371.7	1456	1337.6	1216.3	1026.3	1112.7	1493.6	1287.8	1025.9	1247.2	1185.1	615.1	677.3	570.3	522.2
Vegfc	147	237.8	205.4	156.5	79.4	159.3	96.9	95	0	95.3	0	0.9	39.1	46.9	20.4	8.1	168.4	69.8	25	92.3	124.1	113.5	32.9	13.6
Aga	510.2	507.1	470.9	611.8	405.4	361.1	479.5	280	483.7	378.3	210.1	487.6	344.8	201	380.1	328.9	597.3	330.3	639.7	438.6	239.5	216.9	297.9	361.7
Dlc1	40.9	49.8	127.8	144.5	80.8	56.3	146.8	69.5	51.3	13.6	43.4	60.8	0	23.5	42.2	16.2	0	0	0	9	0.8	0	0	0
Eri1	1342.8	1542.6	1576.4	1566	1746	1986.6	2046.8	2108.1	1810.4	2105.2	2557.6	2454.2	1660	2515.5	1953.1	2111.9	1725.1	2812.8	1996.2	1977.7	2029.8	1835.4	2180.7	2730
Tnks	87.1	431	141.9	447.7	382.5	457.2	118.9	194.8	148.9	352.5	419.5	484	146	437.9	252	245.9	300.4	260.5	280.6	116.7	397.9	431.4	236.9	355.2
Saraf	2696.1	1982.4	2143.2	2123.4	2100.6	1826	1760.1	1415.8	1396.6	1216.6	1127	1524.6	1438.9	1834.7	1785.6	1236.6	2088.6	1507.5	1594.4	1394.1	2111	2105.5	2344.4	2356
Mrps31	204.7	251.7	288	295.6	371.8	247.1	334.6	238.9	275.2	287.1	201.9	21.5	578.6	352.9	206.8	220.6	356.2	470	223.5	315.5	331.8	338.3	446.2	451
Smim19	397.9	737.6	908.5	697.7	370.4	514.9	832.1	673.6	718.8	670.9	816.6	688.9	452.5	676.4	748.6	516.1	946.2	605.3	694.3	409.1	262.6	264.7	327.4	346.8
Polb	228.9	203.4	349.4	293.4	364.6	175.7	231.8	191.9	284.4	292.6	229.6	252.3	115.7	267	244.7	307.6	266.5	135.3	248.5	274.5	226	269.4	262.4	196.1
Ikbkb	1224.2	1061.1	1344.8	1159.5	1128.2	1037.9	1066.9	1239.6	1036.1	1058.7	1474.7	940.3	953.7	1427.6	1316.6	1122.3	1600.4	1362	1702.6	1435.1	1811.8	1769.6	1414.4	1695.3
Ap3m2	81.9	49	97.4	52.2	37.2	104.3	25	84.2	86.3	59.9	137.6	4.5	129.3	29.3	37.9	49.6	67.8	43.7	38	101.3	230	213.8	60.4	101.6
Kat6a	2212.1	1884.3	2235.7	1946.3	1628.7	2253	1859	1869.2	1653.3	1801.7	1963.8	2447	1590.5	1264	1878.8	1820.5	1252.7	2214.7	2010.5	2176.5	594.4	610	200.6	263.4
Gpat4	930.2	911.1	927.6	1110.6	777.9	531.3	706.3	1013.4	491.9	842.3	846.6	1485.2	473.3	526.7	1064.6	1023.1	442.2	881.8	934.5	937.5	1430.7	1461.9	2437.7	2448.5
Gins4	227.8	149.3	339.6	168.4	251.7	545.1	229.8	351.5	656.2	532.1	513	733.7	382.3	533.3	339.3	624.4	404.6	483.1	420.9	588.7	835.5	882.4	1091	1027.5
Sfrp1	166.9	133.9	231.5	302.1	0	112.6	56.9	24.5	0	0	0	0	0	0	0	0	0	0	11.9	35.9	0	0	0	0
Adam9	303.4	316.9	362.1	133.7	75.8	347.4	861.1	341.7	141.7	366.1	36.6	47.4	163.6	143	282.5	19.2	232.6	446.7	41.6	142.4	228.4	197.3	281.8	509.2
Tm2d2	164.8	218.1	226.6	271.7	244.5	177.1	442.5	266.3	95.5	304.8	133.1	150.3	315.2	101.2	346.6	298.5	344.1	423.4	328.1	369.4	888.8	913.8	1138	935.7
Plekha2	1885.6	2146.3	1949.8	2102.8	1781	1562.4	2103.8	2036.6	956	1284.6	1314.7	1447.6	1193.1	957.3	1434.6	1194.1	1220	1916.4	1672.8	2191.8	2792.1	2666.9	784.4	949.9
Dctd	466.2	447.1	763.1	465.1	532.7	635.7	430.5	735.3	995.1	627.3	349.2	57.3	965.7	587.6	693.3	309.7	496.7	484.6	400.7	432.2	275.3	366.4	707.2	874.2
Wwc2	1578	1275.5	921.9	1136.7	1287.7	1134	839.1	896.9	637.7	636.9	754.6	750.7	827.6	729.2	929.2	834.9	697.8	781.4	680.1	697.7	462.3	357	282.5	496.3
Fgfr1	216.3	324.9	213.9	384.7	258.1	197.7	393.6	265.3	157.1	144.2	43.4	51.9	25.5	29.3	39.3	47.6	75.1	190.6	122.5	109	106.6	97.1	1.3	0
Rwdd4a	416.8	715	603.6	370.6	649.2	731.8	418.6	755.9	751.7	675	741.9	796.3	676.8	923.6	888.4	434.1	729.3	682.5	832.3	586.1	646.1	620.1	756.9	854.8
Plpp5	266.7	203.4	302.1	211.9	212.3	204.6	289.7	163.5	278.3	210.9	142.8	25.1	184.4	228.9	84.5	217.6	256.8	171.7	156.9	173.1	238.7	217.7	1233.9	1136.3
Ash2l	920.8	1083.8	860.5	1332.3	1077.5	1081.9	1269.7	1201.4	1503.4	1566.3	1770.1	1340.3	893.8	1076.9	1277.3	1502.8	1554.3	1023	1027.2	1401.8	1958.2	1789.2	2159.2	2135.3
Tti2	165.9	248.1	141.2	278.2	143.7	104.3	57.9	129.2	91.4	138.8	102.5	82.3	212.3	274.4	71.4	206.4	182.9	131	116.5	148.8	263.4	286.6	293.9	259.5
Mak16	1049.9	1285.7	672.8	1144.3	943.8	1084.6	671.3	984	1203.5	1139	932.6	1469.1	1376.7	899.4	1010.8	1258.9	1132.7	1218	810.9	1236.4	580.9	590.4	711.2	733.1
Wrn	603.7	802	491.3	718.3	495.5	712.6	492.5	652.1	839	811	795.7	1018.2	767.7	589.1	402	688.1	684.5	624.3	749	720.8	934.2	882.4	925.3	865.1
Gsr	289.8	237.8	271.8	184.7	353.9	348.7	415.6	268.3	290.6	411	69.5	108.3	358.3	650.7	361.2	158.9	212	279.4	151	324.5	1484	1515.9	15851.8	15662.3
Gtf2e2	688.7	500.5	401	460.8	767.2	476.4	1113.8	769.6	732.2	1068.2	510.8	515.3	412.6	800.3	646.7	672.9	608.2	812	429.2	479.7	709	749.3	1284.3	1146.6
Rbpms	1537	1576.3	1560.8	1190	1689.5	1878.2	1907	1422.7	668.5	760.7	616.2	854.4	1541.1	1284.5	1235	1216.4	1335	960.4	1043.9	861.9	372.4	407.2	229.5	289.2
Frg1	1676.7	2313.2	1849.5	2134.3	1999.8	2268.1	1448.5	1464.8	2111.3	1984.1	2476.9	2310.1	1920.1	1644.7	1893.3	2480.3	1842.7	2402.5	2211.4	2207.2	1281.9	1233.2	1204.4	1269.6
Asah1	340.2	363	385.4	401	291.7	126.3	489.5	215.4	284.4	200	151.1	159.3	284.9	369.7	448.6	154.8	121.1	410.4	217.6	210.3	1643.9	1611.4	1951.2	1747.1
Pcm1	2386.4	4234.1	2324.6	3417.7	3346.8	3480.4	2464.4	3588.5	3543.8	4285.2	3845.4	2891.7	4305.6	3738.3	3220.1	3689.6	4143.3	3675.7	3546.6	2896	681.9	661.6	362.3	512.5
Vps37a	913.4	1009.9	809	860.7	626.3	1081.9	894.1	1364.9	469.3	827.4	570.6	1024.4	937.7	732.8	489.4	758	633.6	603.9	480.3	673.3	452.8	407.2	465	381.8
Cnot7	953.3	1291.6	1389.3	1250.8	1272.7	1193.1	1348.6	1071.2	1109	873.6	800.9	789.1	1003.2	1007.9	951	900.6	890.4	900.7	916.7	834.9	993.8	1005.4	1103.8	1373.1
Msmo1	1111.8	1266	764.5	869.4	594.1	837.5	578.4	684.4	294.7	468.1	415.1	717.6	445.3	375.6	438.4	464.5	407.1	304.1	406.6	383.5	613.5	710.2	597.8	553.2
Klhl2	500.8	377.6	401	430.3	279.6	229.3	513.5	342.7	241.3	266.7	157.8	129.7	589.8	138.6	448.6	266.1	313.8	135.3	312.7	186	210.9	228.6	236.2	203.8
Galnt7	627.8	1045	427.8	578.1	495.5	712.6	310.7	518	619.2	421.9	501.8	442.9	541.1	527.4	614.6	455.4	757.2	423.4	405.4	620.7	561.8	522.3	848.8	903.3
Sap30	110.2	90	118.6	156.5	105.8	162	88.9	132.2	174.6	185.1	59.1	85	201.9	203.2	132.5	92.1	133.3	115	130.8	134.7	627	737.6	907.8	919.5
Tmem184c	30.4	30.7	146.1	138	204.5	130.4	326.7	231.1	93.4	228.6	163.8	178.9	134.9	229.6	297.1	242.9	230.2	678.1	495.8	375.8	385.9	398.5	482.4	451
Sin3b	1311.3	882.5	943.8	1119.3	843	1088.7	878.1	982.1	1195.3	875	877.2	1190.8	934.5	1216.3	764.6	1127.3	1235.7	999.7	1066.5	1241.5	1677.3	1855.7	1645.2	1480.5
Sorbs2	52.5	122.9	131.3	68.5	150.9	111.2	128.9	28.4	0	0	0	0	0	0	0	26.3	0	131	0	0	6.4	7	0	0
Irf2	2394.8	2507.8	1714	2038.7	1482.9	1536.3	1079.9	1317.9	826.6	645	1065.7	1063.8	1166	1016.7	977.3	1031.2	1476.8	1386.8	1556.3	1421	1168.9	1202.7	367	402.5
Casp3	54.6	173.4	230.1	139.1	574.8	428.4	272.7	181.1	687	347	403.8	270.2	199.5	204.7	351	242.9	340.4	84.4	243.7	207.8	1005.8	1016.3	717.3	750
Cenpu	128.1	27.8	76.2	259.7	56.5	83.7	108.9	134.1	214.6	225.9	246.8	290.8	189.9	60.9	115.1	192.3	241.1	129.5	191.4	164.2	151.2	157.4	188.5	141.7
Cfap97	401.1	771.3	547.8	554.2	1036	514.9	423.6	611	450.8	632.8	965.5	646.9	639.3	484.2	576.7	410.9	528.2	622.8	725.3	543.8	293.6	305.4	335.5	381.8
Slc25a4	3186.4	3903.3	2157.3	2676.6	2562.5	3157.7	2078.8	2660.3	2723.3	1974.5	2121.6	2887.2	3383.8	2782.5	2601.2	2538	2856.7	3074.7	3142.4	3501.3	2395.9	2415.6	2391.4	2445.9
Ufsp2	770.6	861.3	616.3	739	592.7	705.7	806.1	612	780.4	725.3	800.9	1254.4	1272.1	594.2	903	917.8	960.7	830.9	778.8	905.5	393.9	386.8	1258.8	1279.9
Tlr3	108.1	81.2	137	94.5	39.3	27.5	95.9	59.7	0	2.7	6	0	0	0.7	43.7	25.3	64.2	101.9	73.7	6.4	16.7	14.1	20.1	0
Cbr4	323.4	150	185.7	121.7	107.2	119.4	73.9	216.4	70.9	110.2	249	187.9	56.7	263.4	150	184.2	170.8	209.5	216.4	98.8	92.3	108.1	219.4	144.9
Sh3rf1	205.8	311.7	333.9	299.9	318.9	432.5	224.8	296.7	288.6	357.9	284.2	195.9	186.7	96.8	155.8	336	201.1	260.5	348.4	205.2	245.9	196.5	32.2	42.1
Nek1	528.1	717.2	612	487.9	737.1	384.4	630.3	522.9	470.3	510.3	398.6	627.2	340.8	401.3	502.5	365.3	411.9	440.9	585	447.6	260.2	264.7	301.9	369.5
N4bp1	1265.1	1244	1243.1	1319.3	1063.9	870.4	1387.5	1209.2	1249.7	1400.3	857	789.1	824.4	910.4	1182.6	1415.7	866.2	1525	930.9	926	270.5	282.7	626	459.4
Heatr3	580.6	731.1	730.6	490.1	781.5	885.5	843.1	728.5	888.3	1039.7	402.3	248.7	884.3	448.2	1031.1	434.1	466.4	243	469.6	686.2	889.6	909.1	1778.8	1806
Adcy7	1844.7	1654.6	1632.8	1928.9	1367.7	1059.9	1458.5	1299.3	1917.2	1286	1314	1476.3	1229.8	1146.6	1055.9	1658.6	1614.9	1740.4	1897.6	1668.6	1667	1739	919.2	971.3
Brd7	1416.3	2009.5	1327.9	1266	2012.7	1919.4	1454.5	1546.1	2616.5	1962.3	1988.5	2701.1	2284.1	2129.6	2065.2	1883.2	2276.4	1928.1	2199.5	2214.9	1363.8	1281.8	1159.4	1146.6
Snx20	97.6	29.3	74.8	70.6	206.6	138.7	106.9	90.1	139.7	84.4	22.4	55.5	97.4	65.3	141.3	113.3	140.5	288.1	204.5	234.7	625.4	555.1	573.7	513.1
Rbl2	1021.5	1284.3	898.7	929.1	1108.2	1418.2	564.4	643.3	707.5	632.8	691	495.7	668.8	761.5	569.5	644.6	1024.9	752.3	790.6	491.2	909.5	961.5	779.7	838
Aktip	178.5	166.8	187.1	311.9	113.7	74.1	301.7	115.5	24.6	40.8	175	78.7	102.2	112.2	81.6	107.3	169.6	82.9	83.2	180.8	257.8	296	197.3	181.8
Eif2ak3	200.5	251.7	130.6	144.5	105.1	173	194.8	202.7	472.4	163.3	88.2	141.4	82.2	238.4	122.3	141.7	83.6	261.9	76.1	144.9	607.1	638.9	453.6	422.5
Gins3	99.7	120.7	136.2	95.6	338.9	93.4	28	237.9	338.9	191.9	283.4	252.3	217.1	212.7	259.2	264.1	216.9	328.9	237.8	318.1	414.6	389.9	488.5	413.5
Setd6	237.3	273	340.3	190.2	223.1	306.2	213.8	366.2	259.8	289.9	247.5	226.4	165.2	380	190.8	224.7	312.6	248.8	357.9	182.1	254.6	253.7	380.4	308
Got2	1513.9	1285	1486.7	1694.2	1761	1079.1	1250.7	1682.2	1540.3	1437	2368.4	2317.3	1710.3	2115.7	2212.3	2518.8	1183.6	1613.8	1942.7	2113.6	1830.9	2059.3	3377	3427.5
Smad1	552.2	431.8	623.3	811.8	780.8	637	807.1	557.1	499.1	454.5	450.2	776.6	904.2	765.9	579.7	844	581.5	803.2	888.1	496.3	948.5	919.2	632.7	821.1
Lsm6	1573.8	1307.7	1301.7	1330.1	2029.8	1949.6	1634.3	1688	1970.6	1929.6	2659.3	2945.4	2056.6	2955.6	2473	2930.6	2344.2	1673.4	2150.8	2141.8	1128.3	1187.8	1598.9	1408
Slc10a7	78.7	199.8	122.8	103.2	195.9	252.6	214.8	178.2	165.3	314.3	195.2	242.5	207.5	151.1	179.1	119.4	146.6	203.7	239	177	543.5	573.9	756.2	607
Tnpo2	428.4	474.2	811.8	759.6	640.6	597.2	571.4	501.3	395.4	485.8	655.9	380.2	514.8	427.7	486.4	435.1	568.2	339.1	494.6	311.7	566.5	530.1	183.2	254.9
Vps35	1329.2	1858	1189.5	1336.7	1716.7	1821.9	1793.1	1772.2	1789.9	1654.7	1138.2	1323.3	1603.3	1829.6	1772.5	1007.9	1387.1	1372.2	1066.5	1549.3	2790.5	2742.1	4627.7	5652.8
Orc6	465.1	409.1	808.3	515.1	717.8	611	1353.6	924.3	1055.6	1344.5	815.9	428.6	705.5	954.4	901.5	1042.3	861.4	798.9	677.7	815.7	822	781.4	991.7	1079.3
Mylk3	53.5	0	20.5	90.2	0	50.8	0	6.9	47.2	119.8	192.9	145.8	0	20.5	52.4	49.6	0	0	0	32.1	13.5	10.2	47	25.2
Gpt2	27.3	65.9	106.6	41.3	37.2	96.1	74.9	78.3	0	87.1	12	8.9	0	143	36.4	48.6	0	26.2	13.1	28.2	56.5	45.4	265	286.7
Dnaja2	2675.1	2866.4	2458.8	1825.7	1882.5	2036.1	2263.6	2156.1	2851.7	2619.6	2211.4	2058.7	2750.1	2313.7	2985.7	2095.8	2356.3	2424.3	1819.1	2799.8	2680.7	2659.1	3692.4	3817.1
Itfg1	229.9	387.8	465.2	220.6	519.1	216.9	551.4	463.1	793.8	284.4	477.1	334.6	586.6	517.9	388.9	501.9	391.3	592.2	335.3	428.4	1221.4	1260.6	2178.7	2402.6
Rfx1	359.1	308.1	462.4	321.7	366.8	291.1	326.7	404.4	411.8	515.7	539.2	562.8	355.1	346.3	527.2	560.6	248.4	494.8	417.3	679.7	294.4	311.6	116.1	177.9
Tecr	1475.1	1118.2	1508.6	1571.4	1838.2	1475.9	2185.7	1922	1358.6	2038.5	2388.6	2253.8	1758.1	1413.6	1942.9	2501.6	1253.9	1935.4	2719.1	2217.5	3409.6	3433.5	5025.6	4807.1
Tbc1d9	302.4	198.3	164.5	189.1	103	138.7	205.8	152.7	0	36.7	65.8	127	48.7	148.9	49.5	67.8	146.6	33.5	109.4	78.2	34.2	24.3	0	5.8
Zfp330	1074	987.2	786.4	772.7	908.7	966.5	696.3	832.3	1244.6	677.7	696.2	1054.9	1023.9	995.5	986	1145.5	1115.8	704.3	921.4	840.1	485.4	447.9	783.7	768.7
Il15	687.7	263.4	653	775.9	408.3	336.4	758.2	388.7	123.2	321.2	459.9	330.1	336	552.4	608.8	638.5	691.8	579.2	633.7	325.8	27.8	46.2	111.4	119.1
Gab1	607.9	170.5	737.7	447.7	143.7	201.8	439.5	407.3	297.8	216.4	360.5	227.3	345.6	219.3	311.7	381.5	243.5	433.6	504.1	291.1	155.2	113.5	70.5	108.7
Smarca5	2976.4	4270.7	2639.5	3110.2	4408.5	3895	2607.2	4132	5370.6	4362.8	5039.7	5644.7	5152.3	5054.4	5202.3	4347.4	5050.7	4489.1	4393.1	5248.1	2276.5	2054.6	2545.7	2647.8
Hp	0	0	6.4	2.2	0	0	68.9	19.6	5.1	1.4	18.7	59.9	4	52.8	56.8	24.3	4.8	5.8	7.1	121.8	241.9	242.7	8479.1	7915.6
Txnl4b	144.9	71	79.8	55.4	153.7	16.5	166.8	45	86.3	326.6	20.2	130.6	96.6	124	100.5	83	100.6	142.6	14.3	41	66.8	62.6	115.4	130.1
Zfp821	26.2	54.9	63.5	160.8	2.9	162	80.9	67.6	0	137.4	60.6	8.1	112.5	92.4	93.2	60.7	106.6	138.2	105.8	103.9	200.5	172.3	38.2	72.5
Ist1	3326	2900.1	3218.4	3509	3363.2	2152.8	2991.8	3315.4	2771.6	2682.2	3473.7	4562.1	3489.9	2905	2713.3	2966	2066.8	2561.1	2780.9	2840.8	1515	1584	1778.8	1696.6
Dhodh	217.3	255.4	259.8	297.8	459.7	340.5	437.5	373.1	295.7	415	341.8	317.6	621.7	192.2	327.7	393.7	260.5	285.2	247.3	364.2	487.8	549.7	1040	1147.3
Ap1g1	830.5	1135.7	818.9	899.8	839.4	998.1	836.1	918.4	1004.3	876.4	1132.2	1013.7	940.1	1134.1	977.3	1108.1	823.8	1146.7	823.9	896.5	989.1	940.4	1300.4	1314.8
Phlpp2	139.6	281	374.1	432.5	107.2	322.6	225.8	444.5	287.5	182.3	184	150.3	142.1	93.2	186.4	121.4	122.4	283.8	110.6	201.4	39.8	47.8	26.2	15.5
Mmp2	8.4	92.9	94.6	38	110.8	221	252.7	128.3	0	96.6	41.1	89.5	54.3	157	174.8	264.1	236.2	192.1	329.3	248.8	29.4	17.2	17.4	0
St3gal2	544.9	343.9	380.5	620.5	342.5	536.8	233.8	451.4	70.9	197.3	168.3	221	384.7	47.7	367	229.7	671.2	481.7	404.2	405.3	526.8	444	488.5	370.1
Amfr	1012.1	796.9	1015.8	858.5	466.9	535.4	695.3	784.3	891.3	726.7	942.3	671	711.9	921.4	760.3	881.4	650.6	807.6	752.6	864.4	3550.4	3467.9	4499.6	4107
Cog4	217.3	248.1	303.6	251	251.7	182.6	231.8	211.5	236.2	190.5	269.2	191.5	185.9	103.4	118	250	115.1	184.8	229.5	275.7	585.6	555.1	860.9	879.4
Nudt21	285.6	448.6	348.7	242.3	597.7	712.6	610.4	349.6	795.8	488.5	486.1	317.6	695.1	730.6	279.6	417.9	528.2	430.7	485.1	310.4	210.1	215.3	224.8	224.5
Bbs2	142.8	97.3	208.3	216.3	0	0	25	31.3	51.3	16.3	57.6	19.7	2.4	99.8	26.2	112.3	170.8	189.2	120.1	106.4	109.8	79.9	141.6	190.2
Cenpn	29.4	62.9	52.9	69.5	128	186.7	289.7	271.2	180.7	457.2	603.5	687.1	383.1	278	406.3	373.4	403.4	515.1	363.8	375.8	785.4	772	365.7	385.7
Cdyl2	664.6	493.2	625.5	579.2	543.4	299.3	432.5	767.6	491.9	266.7	482.4	452.7	722.2	206.9	432.6	571.8	338	416.2	626.6	419.4	403.4	465.9	232.2	256.2
Mt2	96.6	49.8	297.9	179.3	62.9	0	318.7	213.5	246.5	304.8	287.2	298.8	0	105.6	533	76.9	12.1	0	20.2	995.2	4	0.8	0.7	0.6
Mt1	137.5	133.2	252.7	272.8	233.1	126.3	545.4	311.4	374.8	612.4	424	790.9	237.8	297.8	431.1	87	67.8	144.1	25	498.9	70	75.2	1278.9	1160.2
Nudt7	271.9	206.4	329	251	378.9	211.4	352.6	436.7	556.6	605.6	496.6	638.8	533.1	457.8	536	507	202.3	401.6	414.9	245	136.1	115.1	202.6	134.6
Herpud1	1189.5	1073.5	1049	846.6	802.9	1035.2	765.2	1077	708.6	1173	984.2	1091.5	850.7	815.7	1351.6	804.5	735.4	908	806.1	1177.4	3454.9	3567.4	3761.5	3511
Fam192a	769.6	1025.2	609.2	629.2	650.6	542.3	438.5	664.8	1098.8	990.7	1046.2	1501.3	837.2	842.2	707.8	690.2	1097.6	580.6	1057	977.3	1217.4	1133	1155.4	1247.6
Arl2bp	364.3	550.3	832.3	697.7	469.7	631.5	891.1	743.2	595.6	594.7	709.7	872.3	599.3	390.3	447.1	600.1	617.9	398.7	653.9	515.6	2200.1	2050.7	1024.6	1064.4
Cx3cl1	100.8	136.8	235.8	175	0	277.3	16	56.8	0	46.3	14.2	22.4	0.8	16.1	8.7	0	0	0	26.2	0	9.5	1.6	10.7	7.1
Ciapin1	247.8	311.7	596.5	523.8	696.4	1098.3	910	628.6	639.8	1343.1	1441.8	1988.9	599.3	1114.3	1085	1315.5	638.4	781.4	1115.2	691.3	1244.5	1295.9	1998.8	1916.6
Coq9	157.5	141.2	286.6	185.8	234.5	54.9	191.8	215.4	254.7	66.7	175	176.3	289.7	179	198.1	157.9	196.3	177.5	110.6	233.4	558.6	514.4	1268.8	1089
Polr2c	922.9	698.9	824.5	745.5	479	681	980	716.7	585.3	823.3	770.3	626.3	721.5	607.4	801	756.9	745.1	877.5	632.5	922.1	350.9	369.6	402.6	395.4
Adgrg1	21455.5	16243.5	18755.3	17740.6	11294.5	10673.2	12403.9	11293.4	9449.4	9068.5	11359	15252.9	11515.3	8481	8680.3	11898.6	7815.2	6078.2	9075.2	8589.1	11178.8	11507.8	2673.2	2600.6
Drc7	0	0	0	0	0	0	1	3.9	0	0	20.9	0	52.7	16.1	14.6	36.4	146.6	48	126	35.9	1100.5	1095.4	56.4	23.9
Katnb1	1	85.6	102.4	30.4	138	56.3	151.8	75.4	98.6	102.1	50.1	127	79.8	126.2	55.3	120.4	204.7	112	187.9	165.4	839.5	932.6	773.6	618
Cngb1	234.1	101.7	153.9	271.7	170.9	339.1	159.8	275.1	85.2	159.2	95.7	413.4	216.3	135.7	87.4	221.6	90.9	30.6	103.4	87.2	8	12.5	4.7	14.9
Usb1	282.4	380.5	404.5	421.6	275.3	284.2	256.7	195.8	238.2	175.5	219.9	120.8	213.9	213.5	238.9	215.5	212	120.8	160.5	156.5	561.8	566.1	1172.2	996.5
Cfap20	743.3	725.2	1044.1	1385.6	320.3	568.4	1210.7	803.9	882.1	1362.2	797.2	171.8	625.7	487.8	664.1	747.8	528.2	835.3	439.9	642.5	537.1	505	627.4	591.4
Tpm4	179.5	149.3	185.7	209.7	35.7	152.4	124.9	169.4	195.1	306.2	116.7	156.6	279.3	131.3	225.7	156.9	505.2	724.7	571.9	1103	4222	4312	1006.5	1115.5
Phxr4	159.6	82.7	132	230.4	256	163.4	34	78.3	57.5	190.5	17.9	133.3	154	96.1	115.1	145.7	155.1	10.2	206.9	61.6	36.6	31.3	0.7	0
Jak3	287.7	110.5	230.1	182.6	266	119.4	140.9	206.6	220.8	171.5	109.2	36.7	127.7	335.2	238.9	160.9	253.2	149.9	299.6	384.8	1650.3	1615.3	1323.8	1360.1
Pgls	593.2	556.2	773.7	970.4	539.1	476.4	871.1	753.9	749.6	884.5	1341.6	1468.2	935.3	1311.6	920.5	1113.1	819	1073.9	930.9	1285.1	6403.8	6487.2	3771.6	3281.3
Slc27a1	24.1	13.2	20.5	10.9	45.8	37.1	33	12.7	0	16.3	14.2	0	0	0	13.1	48.6	36.3	18.9	42.8	80.8	1989.3	2111.8	306.6	187
Map1lc3b	3758.6	3563.8	3960.3	4897.8	2673.3	2626.4	3182.6	2611.4	1495.1	1950	2220.3	3866.9	1897.8	2189	2366.7	3252.4	2504.1	2454.8	2731	2668.9	2329	2399.9	1566.1	1567.2
Mvb12a	109.2	165.4	170.8	193.4	78.6	108.5	88.9	188	184.8	132	274.5	241.6	243.4	244.3	268	297.5	168.4	208.1	262.8	406.6	1908.1	1961.4	1169.5	1114.9
Mthfsd	133.3	202.7	242.1	146.7	338.2	79.6	412.6	275.1	172.5	197.3	323.1	246	75	126.9	161.7	292.5	116.3	224.1	299.6	307.8	409.8	409.5	454.3	477.5
Cox4i1	1852	1367.7	2372.6	2169.1	1610.8	2261.2	1996.9	1941.6	2151.3	2940.7	2667.6	4435	2130.8	2712.8	2397.3	3111.8	2668.9	2254	2741.7	3383.3	4400.2	4407.5	6091.1	5067.9
Emc8	418.9	350.5	401.7	582.5	197.3	407.8	532.4	272.2	518.6	457.2	522.7	706.8	348	381.5	528.7	669.9	345.3	260.5	533.8	615.6	1292.2	1267.7	1049.4	912.4
Babam1	241.5	261.2	509	365.1	331	337.7	244.7	338.8	429.2	317.1	457.7	412.5	338.4	384.4	307.3	517.1	535.5	395.8	394.7	651.5	1402	1490.8	1654	1587.3
Gins2	179.5	327.8	178.6	227.1	672.8	428.4	535.4	436.7	500.1	651.8	787.5	996.7	806.8	678.6	591.3	732.7	600.9	516.6	531.5	917	757.5	750.1	892.4	783.6
Gse1	3960.2	3470.9	5210.5	4678.3	3022.2	2811.8	4783.9	4456	2793.1	5301.7	6887.6	6763.9	3101.3	2422.3	3837.7	4007.3	1355.6	1932.4	1821.5	1664.7	342.2	376.6	148.3	124.2
Zdhhc7	159.6	200.5	285.2	236.9	204.5	226.5	123.9	197.8	305	387.8	272.2	378.5	95.8	449	160.2	440.2	155.1	263.4	310.3	330.9	883.2	873.8	1168.8	1037.3
Usp10	410.5	659.3	380.5	552.1	589.1	970.7	309.7	433.8	507.3	488.5	486.8	592.3	588.2	567.8	681.6	631.5	764.4	745	489.8	420.7	2091.9	2058.5	2410.8	2325.6
Cotl1	909.2	706.2	794.2	792.2	1492.9	1176.6	851.1	1029.1	1890.5	1499.6	1969.8	2458.6	2067.8	1937.4	1514.7	1551.3	1555.5	1318.4	1437.4	2515	2026.7	2304.4	4637.1	4698.4
Klhl36	11.5	24.1	56.5	92.4	38.6	46.7	63.9	20.6	70.9	31.3	20.2	18.8	21.5	35.9	24.8	63.8	8.5	110.6	39.2	42.3	249.1	306.9	256.3	237.5
Taf1c	197.4	130.3	230.8	239.1	140.1	258.1	241.7	150.8	105.8	152.4	198.2	312.3	190.7	196.6	196.6	219.6	117.5	219.7	248.5	166.7	384.3	342.2	422.7	386.9
Mast3	245.7	346.1	480	177.1	198	414.6	259.7	257.5	201.3	110.2	375.4	276.5	331.2	306.6	243.2	363.3	451.9	452.6	587.3	451.5	1676.5	1642	783.7	799.8
Pik3r2	224.7	130.3	192	128.2	60.1	133.2	109.9	110.6	131.4	85.7	181	290.8	101.4	107.1	110.7	259.1	96.9	231.4	128.4	264.2	719.3	638.1	813.2	917.5
Mbtps1	2219.5	2125.8	1505.1	1236.7	1565.1	1353.7	882.1	1243.5	836.9	1275.1	1371.5	1233.8	1600.9	1442.2	1233.6	1432.9	1113.3	1656	1338.8	1439	2087.1	1855.7	2037.8	1590.5
Ifi30	51.4	56.3	55.1	39.1	22.9	108.5	252.7	125.3	51.3	224.5	85.3	112.7	31.1	26.4	123.8	70.8	61.8	39.3	32.1	450.2	609.5	616.2	268.4	247.2
Hsbp1	1132.8	1058.9	875.4	1002	800.8	1227.4	1262.7	747.1	880	1177.1	953.5	1311.6	1135.6	1308	1203	784.3	822.6	1334.4	958.3	1208.1	1269.1	1331.1	1686.8	1530.3
Rab3a	136.5	72.4	180.7	14.1	52.2	149.6	19	125.3	59.6	149.7	44.9	155.7	77.4	42.5	94.7	76.9	13.3	23.3	120.1	84.6	102.6	90.8	61.7	53.1
Mphosph6	817.9	595.7	595.8	437.9	917.3	609.6	496.5	544.4	708.6	604.2	989.4	983.3	673.6	998.4	728.2	1147.6	724.5	468.6	541	920.9	283.3	249	295.9	279.5
Lsm4	596.3	464	655.1	601	863	572.5	940	650.1	1663.6	1105	1173.4	1397.5	898.6	1076.9	713.6	1045.3	994.6	876	852.5	1164.5	2052.1	2244.9	2178.7	1785.3
Ntpcr	387.4	333.7	379.1	393.4	298.9	416	249.7	449.4	319.4	409.6	237.1	273.8	333.6	386.6	422.4	403.8	531.8	539.9	455.4	461.7	409.8	425.2	521.3	440.7
Mau2	511.3	552.5	291.6	480.3	481.2	429.7	255.7	370.1	410.8	269.4	459.2	178.9	429.4	544.3	289.8	312.7	648.1	470	498.2	522	1184.8	1169.8	821.3	911.1
Pbx4	145.9	123.7	230.8	120.6	113.7	93.4	153.8	191.9	171.5	285.8	310.4	92.2	319.2	201	231.6	223.6	266.5	189.2	218.8	273.2	106.6	109.6	36.9	62.8
Atp13a1	381.1	232.7	422.1	725.9	544.1	317.1	637.3	652.1	430.3	537.5	641.6	437.5	426.2	315.4	528.7	605.1	350.1	555.9	725.3	588.7	1749	1670.9	2409.5	2348.9
Ints10	326.5	327.1	457.4	195.6	235.2	512.1	290.7	386.8	208.5	306.2	446.5	374	324.8	578.1	365.6	414.9	357.4	484.6	409	460.4	867.3	887.9	1147.4	1153.7
Dctn1	400	277.3	205.4	159.7	391.8	318.5	86.9	266.3	502.1	92.5	325.3	191.5	146	395.4	187.9	244.9	323.5	237.2	168.8	223.2	2111.8	2197.1	1966	2233
Pgr	243.6	160.3	211.8	192.3	177.3	103	312.7	111.6	45.2	29.9	39.6	70.7	6.4	121.8	192.2	63.8	573	829.4	529.1	565.6	228.4	187.9	0	0
Cdh5	37.8	0	40.2	0	78.6	0	0	13.7	0	15	0	0.9	0	0	0	22.3	48.5	7.3	0	24.4	162.3	154.3	0	0
Cmtm3	662.5	343.2	688.3	677	252.4	405	909	662.9	299.9	767.5	473.4	176.3	463.7	501.8	758.8	550.5	414.3	598.1	511.2	605.4	510.8	505.8	795.1	821.8
Ces2g	928.1	448.6	816.8	896.5	359.6	374.8	637.3	573.8	1097.7	752.5	709	499.2	2.4	104.2	263.6	59.7	46	65.5	1.2	383.5	20.7	19.6	22.1	36.9
Nae1	1005.8	805	674.2	657.5	1194	652.1	689.3	1012.4	786.6	1062.8	476.4	452.7	942.5	638.2	728.2	657.8	865	504.9	505.3	736.2	483	440.8	661.6	632.8
Fam96b	350.7	185.9	434.1	444.5	369.6	492.9	333.6	292.8	276.2	244.9	318.6	240.7	265	446.8	416.5	501.9	484.6	267.7	458.9	437.3	265.8	287.4	205.3	190.2
Rrad	60.9	90.7	28.9	40.2	32.2	37.1	10	12.7	7.2	13.6	36.6	24.2	9.6	5.1	33.5	26.3	64.2	33.5	25	96.2	109.8	112.8	14.1	39.5
Cbfb	1611.6	1997.8	2546.3	2250.6	3618.5	3676.7	3127.7	3634.6	3530.4	3961.3	2591.3	3537.7	3272.9	3780.2	4782.9	2597.7	3508.4	3655.3	3301.7	3097.3	2976.7	3059.2	3244.2	3434.7
Tradd	317.1	336.6	224.5	372.7	174.5	140	99.9	140	153	102.1	329.1	362.4	142.1	285.4	158.7	301.6	155.1	200.8	254.4	341.2	673.2	654.6	623.3	678.8
D230025D16Rik	165.9	90.7	247.8	336.9	123	208.7	205.8	355.4	159.2	167.4	228.1	234.4	486	176.1	203.9	229.7	282.3	132.4	198.6	132.1	418.5	465.1	915.2	694.3
Psmb10	1062.5	985.7	1240.3	1076.9	912.3	816.9	1323.6	1117.2	557.6	947.1	1078.4	1256.2	774.1	978.6	1009.3	932	634.8	743.6	885.8	1382.6	1733.8	1783.7	2377.9	2068
Dus2	328.6	234.2	130.6	257.6	98.7	134.5	116.9	35.2	84.2	40.8	84.5	17	40.7	52.8	39.3	26.3	46	71.3	65.4	142.4	151.2	148.8	257	290.5
Nfatc3	2077.7	3356.7	1800.1	1897.4	1901.1	2340.9	1597.3	1809.4	2393.7	1528.2	2098.4	2837.1	2197.9	2473.6	1827.8	1908.5	2174.6	1760.7	1867.8	1858.4	1875.5	1586.4	916.6	1026.9
Pla2g15	144.9	247.3	456.7	289.1	212.3	41.2	372.6	333.9	255.7	304.8	498.1	669.2	334.4	278	310.2	388.6	364.7	349.2	479.1	361.7	635.8	664	1784.1	1980
Slc7a6	280.3	338.1	348	302.1	429.7	321.3	413.6	350.5	635.6	311.6	426.3	266.6	601.7	374.1	474.8	256	356.2	526.8	457.7	311.7	567.3	584.9	624	744.1
Zfp90	292.9	192.5	185	177.1	105.8	53.5	48.9	107.7	151	32.7	87.5	51.9	37.5	102	32	50.6	135.7	221.2	66.6	191.1	23.1	29	6	14.2
Vps4a	388.5	347.6	509.7	584.7	539.8	867.7	644.3	445.5	435.4	450.4	597.5	879.5	656.8	473.9	368.5	426	255.6	740.7	299.6	306.5	740.8	665.6	828.7	729.2
Cog8	444.1	409.8	435.6	333.6	238.1	347.4	480.5	342.7	347.1	536.2	547.4	426.8	346.4	220.8	310.2	482.7	362.2	416.2	401.9	452.7	911.9	861.3	999.1	1140.1
Nip7	1323.9	936.7	1012.3	931.3	1108.2	1020.1	1082.9	1390.4	1068	1592.2	993.1	926.9	1101.3	1067.4	1130.2	828.8	945	973.5	839.4	905.5	810.8	815.9	1379.5	1303.2
Mtmr2	822.1	807.2	946	1008.5	804.3	729	804.1	1032	854.4	968.9	1209.3	1166.7	799.7	864.2	945.2	1367.2	748.7	830.9	1175.9	1256.9	961.2	981.9	1047.4	837.3
Terf2	1687.2	1576.3	1782.5	1824.6	1214	1530.8	1617.3	1896.6	1294.9	1834.4	1961.6	1516.5	1764.5	1712.9	1875.9	1847.8	1578.6	2051.8	1873.8	1455.7	517.2	573.2	346.9	364.3
Cep57	629.9	716.4	512.5	828.1	1003.8	1291.9	886.1	676.6	1021.8	658.6	899.7	781.1	891.4	849.5	814.1	644.6	737.8	1206.3	903.6	990.1	933.4	996.8	652.9	547.4
Cyb5b	1803.7	1689.7	1783.2	1538.8	2178.5	1790.3	1502.4	1971	2276.6	2264.4	2153	2629.5	2863.5	2109.1	1977.8	2158.5	1714.2	2021.2	2175.8	2179	2584.4	2586.3	3603.1	3760.8
Maml2	235.2	701.1	679.8	623.8	416.1	357	265.7	281	93.4	163.3	148.8	477.8	338.4	401.3	189.3	286.4	285.9	301.2	272.3	102.6	141.6	137.8	0	18.8
Mre11a	224.7	389.3	228	213	399	377.6	240.7	372.1	625.4	428.7	293.9	382	431.8	325.7	458.8	307.6	573	343.4	456.6	350.1	754.3	779.1	656.2	601.1
Wwp2	758	489.6	741.9	596.6	431.8	438	610.4	469	393.3	492.6	356.7	600.3	466.1	351.4	383	788.3	471.3	507.8	500.5	405.3	2171.5	2141.5	1813.7	1974.9
Ankrd49	679.3	841.6	475.1	879.2	832.9	797.7	650.3	766.7	743.5	645	679.8	605.7	606.5	698.4	629.2	811.6	900.1	892	719.3	738.7	327.8	304.6	524	530.6
Panx1	253	257.6	618.4	334.7	471.2	203.2	519.4	581.6	235.2	756.6	653.6	610.2	399.8	352.9	693.3	642.6	408.3	845.4	1123.6	965.7	1407.6	1320.1	952.8	817.3
Med17	600.5	599.3	413	405.3	723.6	635.7	413.6	578.7	302.9	446.3	436	235.3	267.4	734.3	684.5	535.3	465.2	407.4	403.1	640	748.8	797.1	1253.4	1263.7
4931406C07Rik	1183.2	662.3	1332.1	1011.7	714.3	981.6	886.1	883.2	372.8	400.1	653.6	313.1	1308	705	482.1	803.5	969.2	897.8	938.1	741.3	131.3	116.7	106.7	56.3
Taf1d	3461.5	3524.3	3578.4	4734.8	2385.9	3258	3524.3	4041.9	3036.5	3968.1	3771.4	4338.4	4292.8	3106	4257.1	3888.9	4168.7	3955.1	5030.4	3850.2	262.6	250.6	129.5	150.8
Kars	802.1	564.9	1040.5	1045.4	599.9	745.5	1251.7	965.4	926.3	1062.8	950.5	1129.1	673.6	1042.4	1029.7	1186	961.9	768.3	966.6	1613.4	2122.9	2088.3	3038.2	3208.2
Adat1	282.4	263.4	230.8	239.1	138	83.7	169.8	153.7	91.4	213.6	194.4	126.2	131.7	100.5	103.4	211.5	146.6	209.5	153.4	186	111.4	115.1	158.4	183.8
Gabarapl2	1306.1	1552.1	1436.6	1159.5	1049.6	1113.4	1019.9	1135.8	1113.1	890	883.2	2038.1	988.8	1052.7	946.7	924.9	1233.3	697	1607.5	1095.3	124.1	129.2	89.9	81.5
Tmem231	262.5	100.3	67.8	89.1	99.4	103	176.8	78.3	40	50.4	58.3	127.9	90.2	30.8	112.1	66.8	117.5	177.5	44	164.2	128.1	150.3	0	3.9
Cfdp1	2750.7	2308.1	1925.8	2156	2512.4	2207.7	2538.3	2583	3016	2600.5	2716.9	3436.6	2324	2044.5	2573.5	2141.3	1985.6	1849.5	2331.5	2589.4	973.1	982.7	1055.4	937
Ldhd	134.4	196.1	88.9	232.6	25	24.7	29	81.3	0	0	0	0	0	53.6	0	22.3	37.6	1.5	39.2	7.7	4	3.9	0	7.1
Wdr59	113.4	117.1	86.8	313	40.8	184	231.8	178.2	172.5	78.9	314.1	179.8	219.5	116.6	90.3	208.5	202.3	145.5	167.6	159	76.4	82.2	104.7	69.2
Aars	920.8	878.1	755.3	765	1299.1	1230.1	754.2	1098.6	1399.6	1311.8	1561.5	2005	1233	1390.1	1371.9	1050.4	1066.1	1068.1	1115.2	1446.7	3198.7	3385.7	3778.9	3622.3
Afg3l1	1228.4	1058.2	823.1	960.7	847.2	649.4	810.1	952.7	1400.7	813.8	1258.6	698.8	862.7	1597.7	668.5	730.6	1054	515.1	725.3	978.6	1572.3	1494	1903.6	2063.5
Acad8	477.7	278.8	293.7	609.6	459	359.7	362.6	260.5	435.4	328	314.1	65.3	432.6	407.1	154.4	238.8	384	331.8	432.8	351.4	339	364.1	700.5	700.8
Ccsap	17.8	52	47.3	0	167.3	122.2	10	47	346.1	123.8	62.1	0.9	51.9	106.4	49.5	157.9	233.8	53.8	112.9	70.5	265	245.9	117.4	150.8
Abcb10	350.7	335.2	306.4	258.6	288.9	307.5	300.7	414.2	515.5	519.8	528.7	431.2	292.9	293.4	495.2	422	345.3	366.7	361.4	450.2	440	442.4	2108.9	2313.9
Urb2	192.1	121.5	197.7	157.6	173.7	168.9	322.7	212.5	111.9	318.4	136.1	50.1	161.2	325.7	233	46.5	111.5	213.9	52.3	133.4	763.1	733.7	857.5	713.7
Cog2	310.8	316.9	369.2	347.7	258.1	238.9	477.5	289.8	459	219.1	272.2	554.7	450.1	108.6	388.9	307.6	262.9	398.7	348.4	264.2	688.3	765	771.6	818.5
2310022B05Rik	307.6	186.6	254.1	349.9	160.9	133.2	422.6	320.2	231	328	450.9	488.5	556.3	86.6	304.4	424	378	618.4	661.1	738.7	383.5	354.7	112.1	67.9
2810004N23Rik	1299.8	2110.5	931.8	1187.8	1505.7	1467.7	1412.5	1550	1458.2	1413.9	1812.8	1989.8	1863.5	1638.8	1457.9	2226.3	1664.6	1517.7	2033.1	1669.9	510	459.6	728.7	648.4
Gnpat	787.4	907.4	862.7	411.9	582.7	1003.6	735.2	672.7	759.9	601.5	619.2	1034.3	736.6	1264.7	667	698.2	854.1	1087	994	918.3	1619.3	1686.6	3194.5	3058.7
Egln1	610	745.7	636	606.4	688.5	395.4	377.6	684.4	517.6	676.3	420.3	245.1	1152.4	646.3	834.5	629.4	1054	1044.8	1322.1	1127.3	1559.6	1600.5	1419.1	1243.7
Vps26b	476.6	504.2	708.1	545.5	726.4	462.7	1172.8	771.6	323.5	751.2	781.5	895.6	933.7	680.8	888.4	805.5	657.8	678.1	821.6	632.3	934.9	960	1592.9	1703.1
Jam3	780.1	533.5	547.1	495.5	356.8	124.9	320.7	190.9	49.3	24.5	37.4	0.9	13.6	27.9	17.5	73.9	21.8	27.6	7.1	14.1	23.1	8.6	0	1.3
Snx19	135.4	360	103.1	53.2	114.4	225.2	184.8	49.9	71.9	201.4	71	111.8	185.9	287.6	193.7	129.5	443.4	212.5	146.2	107.7	561	548.1	562.3	597.9
St14	176.4	70.3	122.1	146.7	52.9	74.1	113.9	103.8	28.8	19.1	50.9	39.4	58.3	110.8	17.5	34.4	135.7	69.8	93.9	60.3	663.6	653	301.9	188.9
Aplp2	2525	2046.8	2228.6	2888.5	1354.2	1265.8	1412.5	1392.3	1569.1	1241.1	1560	1336.7	860.3	1057.1	873.9	913.8	759.6	663.5	620.6	981.1	927	854.3	981.6	1162.8
Trpc6	875.6	807.9	644.5	548.8	790.8	1039.3	576.4	360.3	273.2	172.8	187.7	114.5	75	101.2	112.1	35.4	224.1	0	80.8	25.7	7.2	12.5	6.7	0
Birc3	354.9	395.2	232.3	293.4	124.4	361.1	344.6	231.1	216.7	80.3	57.6	112.7	477.2	167.3	326.2	229.7	439.8	327.4	200.9	330.9	514	506.6	395.2	448.4
Dcun1d5	576.4	807.9	1043.4	697.7	854.4	893.8	977	822.5	1133.7	1113.1	951.3	931.4	748.6	777.6	814.1	627.4	1092.8	745	1024.9	992.7	1453	1539.4	1734.5	1800.2
Pdgfd	49.3	132.5	171.5	86.9	20.7	0	120.9	50.9	0	0	41.1	0	59.9	0	0	26.3	0	0	0	0	0.8	0	0	0
Sesn3	1211.6	1353.1	1325	1513.8	1013.8	1327.6	1584.3	1067.3	748.6	617.8	513	472.4	740.6	856.8	648.1	923.9	1129.1	1220.9	877.4	550.2	159.1	177.7	21.5	7.1
Usp2	35.7	12.4	21.9	2.2	37.9	31.6	75.9	53.9	0	40.8	17.9	0	55.9	122.5	20.4	103.2	18.2	74.2	5.9	24.4	159.1	121.4	166.4	192.2
Oaf	78.7	137.6	188.5	190.2	101.5	2.7	136.9	81.3	14.4	102.1	23.2	77.8	23.9	59.4	94.7	123.5	86	62.6	79.7	88.5	300.8	368.8	611.9	537.1
Sc5d	301.3	379.8	204.7	232.6	303.1	174.4	308.7	273.2	139.7	201.4	182.5	151.2	118.1	157.7	215.6	134.6	182.9	138.2	278.2	165.4	666	694.5	671	757.1
Ubash3b	1248.3	1288.7	934	1059.5	1302.7	1334.5	927	1125	2170.8	1381.2	1730.5	2060.5	838	1151.7	817.1	1497.7	917.1	835.3	779.9	743.9	210.1	180.1	410.6	545.5
Rexo2	629.9	526.9	850.7	580.3	762.9	609.6	886.1	714.8	610	864.1	1173.4	925.1	524.3	1166.4	981.6	1015	531.8	560.2	784.7	1054.2	1690.1	1721	1882.1	1896.6
Cul5	1286.1	1272.6	999.6	1336.7	1048.9	1088.7	935	1287.6	1247.7	1279.2	1255.6	1080.8	1333.6	1482.6	1223.4	1453.2	1258.7	1162.7	1203.2	1077.3	685.9	577.9	658.2	743.5
Kcnj5	0	16.1	26.8	0	28.6	31.6	26	27.4	197.2	69.4	172.8	144	0	0	0	20.2	0	0	0	32.1	0	0.8	12.1	5.2
Ets1	161.7	270.8	283.8	289.1	116.5	153.8	178.8	185.1	173.5	121.1	124.1	171.8	102.2	91.7	84.5	58.7	442.2	585	374.5	538.7	4354.9	4624.4	463.6	585.6
St3gal4	184.8	168.3	150.4	167.4	180.9	308.9	193.8	109.7	355.3	186.4	92	154.8	234.6	119.6	305.8	86	296.8	85.9	164.1	46.2	727.3	756.4	1041.4	889.7
Dcps	764.3	560.5	813.9	934.6	558.4	816.9	626.3	832.3	877	1107.7	1156.2	1126.4	546.7	970.5	901.5	1401.6	682.1	845.4	829.9	684.9	761.5	794	945.4	918.2
Tirap	119.7	178.6	64.9	286.9	122.3	195	119.9	109.7	77	250.4	180.2	123.5	150.8	220.1	252	301.6	109	112	130.8	166.7	128.1	126.1	297.2	231
Srpr	462	443.5	456.7	561.8	574.8	568.4	494.5	628.6	447.7	613.7	448.7	618.2	584.2	355.8	637.9	418.9	313.8	589.3	629	442.5	1408.4	1567.6	2301.5	2352.1
Rpusd4	414.7	352.7	374.1	369.5	474.7	271.8	378.6	189	271.1	347	93.5	74.3	187.5	198.8	190.8	148.8	523.4	199.4	190.2	295	363.6	396.2	486.5	452.3
Abhd12	150.1	215.9	231.5	477.1	127.3	400.9	591.4	296.7	238.2	419.1	374.7	693.4	103.7	296.4	254.9	248.9	147.8	529.7	405.4	607.9	899.1	858.2	1099.1	1113.6
Acat1	2080.9	1844.1	2666.3	2177.8	1950.5	1883.7	3056.8	3061.8	2508.7	2476.7	1302.7	787.3	1608.9	1976.3	2416.2	1505.8	1977.1	2207.5	1576.5	1867.4	1579.5	1693.6	2284.7	2260.9
Rdx	3065.7	3208.9	2458.8	2372.3	3471.9	3928	2114.8	2606.5	3385.6	2733.9	2987.6	2838	2632.8	3569.6	3057	2139.3	3401.8	2143.4	2285.2	2957.5	2060.9	2010.7	2751	2783.7
Fdx1	686.6	393.7	637.5	722.7	584.1	648	811.1	659	703.4	528	451.7	541.3	431.8	572.9	872.4	680	645.7	825.1	378.1	454	261.8	234.9	550.9	419.9
Pou2af1	0	0	40.2	28.3	28.6	0	86.9	111.6	42.1	28.6	3	49.2	0	16.9	29.1	19.2	1.2	48	0	418.1	3356.3	3160.2	0	0
Ppp2r1b	899.8	592.7	816.1	1170.4	1003.8	746.9	971	719.7	1208.6	960.7	1124	1114.8	1047.9	1083.5	1510.3	883.4	831.1	924	626.6	732.3	1393.3	1380.4	2424.9	2104.3
Alg9	70.3	94.4	150.4	110.8	175.2	101.6	158.8	165.5	163.3	107.5	110.7	201.3	179.6	234	212.6	146.7	31.5	30.6	154.6	123.1	515.6	591.9	608.6	618.6
Pts	1311.3	1171.6	1375.9	1448.6	838.7	1493.8	1487.4	1143.6	1371.9	1091.4	548.9	257.7	760.6	685.9	1051.5	656.8	1097.6	1642.9	692	1114.5	644.5	639.7	1213.1	1073.5
Cadm1	43	19	57.2	3.3	0	83.7	3	58.7	0	6.8	24.7	0	0	0	0	15.2	0	0	17.8	9	246.7	202.8	0	0
Bud13	128.1	222.5	167.3	166.3	159.4	140	108.9	109.7	246.5	85.7	62.1	96.6	118.1	174.6	97.6	70.8	215.6	106.2	69	83.4	391.5	444.7	356.3	519
Zpr1	560.6	448.6	430.6	354.3	213.1	532.7	447.5	396.5	432.3	370.1	453.9	717.6	308.9	364.6	467.5	398.7	316.2	375.4	328.1	423.2	1102	1079	1353.4	1375.7
Bace1	348.6	191	393.9	276	218.8	225.2	153.8	181.1	179.7	190.5	61.3	127.9	423.8	537.7	278.2	301.6	344.1	347.8	439.9	384.8	439.2	378.2	1296.3	1213.3
Il10ra	17.8	38.8	20.5	61.9	0	0	81.9	3.9	0	81.6	26.2	0	138.9	38.9	20.4	26.3	150.2	123.7	96.3	334.7	1354.3	1280.2	332.1	367.5
Arcn1	1453	1233.1	1005.3	1856.1	1019.6	1618.7	1296.6	1305.2	1818.6	1560.9	786	492.1	1698.3	1174.5	1373.4	826.8	1646.4	1458.1	964.2	1127.3	3279.1	2938.6	5130.3	5132.6
Ddx6	4961.8	4958.6	4167.1	4083.9	4305.6	4190.2	3964.8	3820.6	5178.6	3584.4	3616.6	4198.8	4799.6	4191	3611.9	3401.2	5985.9	3988.6	4446.7	2997.3	1449	1417.2	532.1	799.1
Pus3	226.8	428.8	331.1	319.5	328.9	465.4	224.8	304.5	279.3	238.1	270.7	197.7	221.1	604.5	254.9	279.3	318.6	296.9	253.2	221.9	0	0.8	0	0
Nlrx1	108.1	69.5	43.8	38	37.2	64.5	58.9	83.2	81.1	159.2	215.4	72.5	0	85.1	77.2	62.7	82.4	11.6	64.2	161.6	237.1	262.3	914.5	808.8
Trappc4	1046.7	1116.7	1063.1	1191	827.9	874.6	843.1	894	905.7	1177.1	1084.4	1696.4	1025.5	743.1	873.9	1290.2	785	1092.8	1059.3	1229.9	951.7	918.5	971.6	834.1
Chek1	105	331.5	223.8	368.4	544.8	748.2	656.3	667.8	877	1065.5	981.9	366.8	841.2	808.4	691.8	695.2	587.6	617	668.2	636.1	531.5	504.3	758.9	909.8
Slc37a4	169	238.6	73.4	161.9	96.5	112.6	159.8	245.8	225.9	318.4	328.3	415.1	54.3	141.6	183.5	277.3	99.3	136.8	154.6	124.4	307.9	290.5	764.9	755.8
Hyou1	219.4	336.6	389	266.2	378.2	103	130.9	248.7	378.9	284.4	295.4	625.4	269.7	312.5	431.1	246.9	220.5	181.9	288.9	439.9	1740.2	1870.6	3587.7	3516.8
Stt3a	1591.6	1390.4	1397.7	1043.2	1132.5	1231.5	1901	1535.3	1457.2	1396.2	857	826.7	1092.6	1390.1	1878.8	1394.5	1417.4	1574.5	1400.6	1267.1	4880	4767.7	11703.9	11246.1
Hinfp	60.9	70.3	57.9	98.9	108.7	0	88.9	67.6	1	55.8	27.7	69.8	62.2	32.3	45.1	68.8	78.7	74.2	78.5	66.7	115.4	141.7	130.8	128.8
C2cd2l	152.2	76.1	84	27.2	87.9	8.2	132.9	65.6	121.2	96.6	122.6	19.7	23.9	110.8	26.2	101.2	48.5	59.7	60.6	53.9	323.1	328.9	138.9	242
Tmem218	55.6	195.4	190.6	128.2	167.3	232	207.8	57.8	60.6	73.5	88.2	45.6	220.3	140.1	125.3	152.8	128.4	231.4	134.4	71.8	128.1	135.5	120.8	117.1
Slc37a2	0	2.9	7.8	31.5	53.6	0	3	17.6	0	0	12	66.2	0	0	0	0	19.4	0	1.2	59	471.9	497.2	14.1	12.9
Dpagt1	291.9	244.4	324.7	417.3	425.4	126.3	591.4	526.8	249.5	460	578.1	487.6	238.6	465.1	441.3	579.8	322.3	209.5	533.8	446.3	800.5	852.7	1543.9	1609.9
Robo4	746.5	630.1	477.2	310.8	120.8	300.7	117.9	164.5	73.9	19.1	35.1	15.2	38.3	44	90.3	24.3	373.1	195	164.1	71.8	23.1	17.2	0	0
Hmbs	322.3	346.1	472.3	317.3	448.3	512.1	229.8	439.6	695.2	643.7	642.4	692.5	212.3	324.2	383	482.7	300.4	237.2	338.8	710.5	742.4	699.2	1513.1	1355
Vps11	76.6	180.8	134.8	100	133.7	211.4	152.8	119.5	146.8	84.4	27.7	212	87	71.9	67	29.3	196.3	187.7	91.5	261.6	879.3	901.2	1103.1	903.3
Robo3	145.9	88.5	132	61.9	107.2	90.6	187.8	103.8	329.6	268.1	366.4	339.1	4	8.8	36.4	20.2	4.8	1.5	66.6	50	43.8	45.4	0.7	0
Pin1	303.4	292.7	539.3	405.3	348.9	254	647.3	584.5	222.8	619.2	677.5	1213.2	292.1	457	646.7	981.6	384	487.5	712.2	649	1372.6	1484.6	1412.4	1345.3
Tyk2	472.5	294.9	366.4	457.5	246	523.1	451.5	331.9	237.2	386.5	343.3	530.6	211.5	418.1	284	509	421.6	327.4	354.3	568.2	1087.7	1194.9	1352	1218.4
Pde4a	526	421.5	188.5	283.6	385.4	479.2	293.7	341.7	432.3	397.4	395.6	540.4	349.6	380.7	400.5	278.3	438.6	264.8	248.5	306.5	374	328.1	334.8	425.1
Ilf3	2134.4	1993.4	1757.8	2286.4	2729.8	3069.9	2224.6	3118.5	3009.8	2992.4	1704.3	1257.1	2802	2768.5	2933.2	2025.9	2740.4	3266.8	2402.9	2277.8	1912.1	2090.6	1085	1257.9
Tmed1	221.5	245.1	284.5	351	226.6	263.6	245.7	332.9	213.6	291.2	258.8	626.3	90.2	140.8	362.6	266.1	196.3	449.6	278.2	396.3	388.3	389.9	536.1	542.9
Yipf2	488.2	603.7	627.6	522.7	606.3	538.2	567.4	464.1	374.8	340.2	281.2	470.6	427	366.1	458.8	306.6	199.9	192.1	476.8	216.7	184.6	210.6	262.4	228.4
Lysmd2	284.5	491.8	293	389	316	284.2	341.6	318.2	230	254.5	155.6	137.8	217.1	254.6	243.2	120.4	233.8	45.1	149.8	257.8	105	103.4	57	44.6
Carm1	232	209.3	115.8	102.2	307.4	179.9	265.7	237.9	249.5	273.5	234.8	164.6	122.1	85.8	170.4	185.2	233.8	61.1	191.4	171.9	948.5	1028.1	1158.8	1095.5
Smarca4	1915	2221.7	1361	1037.8	2910	1966	1719.2	2088.5	2612.4	1662.9	2210.6	1578.3	2597.7	2456	1973.4	1844.8	3178.9	2264.2	1839.3	2813.9	7559.2	7766.6	1709	1829.9
Ldlr	790.6	781.5	631.8	409.7	330.3	579.4	480.5	649.2	158.1	547	207.2	95.7	395	224.5	473.3	206.4	421.6	420.5	393.5	448.9	1272.3	1250.5	594.5	533.2
Kank2	258.3	259.1	195.5	151.1	171.6	215.6	319.7	189	245.4	55.8	161.5	86.8	237.8	230.3	123.8	169	195	173.2	184.3	211.6	180.6	150.3	51	0
Dock6	160.6	212.9	114.4	183.7	53.6	35.7	47.9	64.6	140.7	2.7	45.6	0	91.8	25.7	77.2	55.7	63	87.3	9.5	39.8	42.2	46.2	12.7	17.5
Polr2m	3630.5	3354.5	5223.9	4650.1	5160	4639.1	6852.7	5266.8	4299.6	5689.6	5915.4	5383.4	4312.7	3923.2	5650.9	4977.8	3953.1	4727.8	5972.1	3902.7	2883.6	2815.7	2785.2	2995.3
Rab27a	824.2	1378.7	587.3	618.3	936.6	1680.5	1240.7	828.3	706.5	734.8	302.1	298.8	1416.6	1096.7	581.1	486.7	1007.9	1017.2	441.1	958	996.2	906.7	1590.9	1635.8
Aqp9	426.3	309.5	807.6	842.2	467.6	880.1	1005.9	722.6	517.6	881.8	873.5	946.6	335.2	162.9	418	579.8	218.1	427.8	552.9	378.3	96.3	104.1	30.2	17.5
Sltm	8006.5	6283.1	4162.2	5608.5	4569.4	4589.7	4245.5	5273.6	5528.8	5184.7	5439.8	4490.5	5607.2	5297.9	4747.9	4538.6	5256.6	4381.5	5050.6	4590.2	666	629.5	337.5	344.9
Rsl24d1	853.6	794.7	753.2	959.6	1087.5	513.5	864.1	530.7	667.5	617.8	480.1	599.5	956.1	950.7	738.4	370.4	851.7	1094.3	665.8	1232.5	822	783	1458	1461.1
Nedd4	5718.7	5103.5	5586.1	4345.8	4791.8	5732	5936.7	5297.1	4816.1	4147.8	2783.5	2456.9	4533	4655.3	4886.3	3040.9	3783.4	3467.6	2666.8	2854.9	3508.2	3572.1	3023.4	3021.2
Rnf111	462	632.3	287.3	470.5	295.3	366.6	324.7	267.3	419	438.2	455.4	283.6	804.5	728.4	429.6	234.8	663.9	363.8	380.5	604.1	625.4	536.4	402.6	415.4
Ccnb2	182.7	109	267.5	234.7	791.5	709.8	892.1	529.7	1060.8	1062.8	2023.7	2100.8	575.4	1432.7	889.9	1006.9	1074.6	1145.2	1293.6	736.2	2866.1	2989.5	2299.4	2214.9
Myo1e	42	23.4	24.7	2.2	113.7	37.1	0	45	0	0	1.5	14.3	0	0	80.1	0	32.7	0	10.7	25.7	261	205.9	8.7	0
Mns1	410.5	457.4	312	492.3	1103.2	749.6	1086.8	1103.5	2017.8	2180	1269.8	1578.3	919.4	1338.1	1417.1	1271	1252.7	838.2	911.9	1036.3	520.4	501.9	341.5	375.3
Tcf12	1959.1	2790.3	1800.8	2063.7	1678.8	1988	2099.8	1865.3	1784.7	1868.4	1841.2	1667.7	1849.1	2013.7	1634.1	1755.7	1946.8	1769.5	1807.2	1380	1180	1203.5	420.7	476.2
Anxa2	80.8	38.1	170.1	135.8	95.8	86.5	328.7	328	107.8	210.9	233.3	270.2	540.3	297.1	487.9	261.1	249.6	224.1	322.2	542.5	1009.7	1065.7	2997.9	2893.1
Ice2	255.1	539.3	251.3	440.1	391.8	605.5	243.7	236	203.3	215	232.6	351.6	487.6	464.4	335	205.4	191.4	232.8	204.5	396.3	290.4	271.7	343.5	363
Rora	1053	1165.7	1126.7	982.4	511.9	510.7	800.2	587.5	291.6	210.9	223.6	163.7	316	99.8	254.9	341	465.2	312.9	317.4	103.9	47.7	59.5	3.4	0
Rp9	2824.2	2289	1820.6	2391.9	1921.9	2295.5	2147.7	2116.9	2231.4	2034.4	2131.4	2542.7	2331.2	2178.7	1712.8	2218.2	1675.5	1917.9	1932	1816.1	792.5	818.2	1004.5	953.1
Fem1b	618.4	993.8	976.3	1063.9	891.6	1230.1	1563.3	1026.1	1377.1	1269.6	1672.2	1513.8	1408.6	1045.4	1168	1368.2	980.1	1314	1320.9	782.3	696.2	649.9	775	814.7
Cln6	216.3	175.6	284.5	202.1	93.7	263.6	135.9	206.6	178.7	133.4	203.4	140.5	63.8	234	126.7	206.4	198.7	149.9	152.2	109	483	472.2	1033.3	970
Anp32a	1517.1	1803.9	1488.8	1513.8	1848.2	1798.5	1675.2	2047.4	1750.8	1525.5	2443.2	3117.1	2072.6	1998.3	1881.7	2568.3	1725.1	2271.5	2115.1	1854.5	511.6	555.1	344.9	410.2
Irak1bp1	127	75.4	79.1	139.1	106.5	221	108.9	96.9	54.4	29.9	24.7	11.6	83.8	72.6	40.8	38.5	55.7	267.7	41.6	166.7	64.5	74.4	114.1	75.7
Glce	279.3	245.1	250.6	197.8	182.3	346	326.7	403.4	154	257.2	121.9	43.8	221.1	306.6	455.9	219.6	313.8	494.8	435.2	365.5	572.9	523	536.1	713.7
Phip	3853.1	3891.6	3236	3806.8	3767.9	3061.6	3132.7	3380	3961.7	3793.9	3128.2	2228.7	4372.6	4044.2	3067.2	3545.9	4413.4	4575	3577.5	3230.7	1557.2	1448.6	638.1	856.7
Kif23	283.5	327.1	347.3	702	592	1245.3	649.3	894.9	1207.6	913.1	1012.6	1073.6	928.9	1410.7	517	865.2	1623.4	1884.4	1734.7	1427.5	2045	2027.2	608.6	667.1
Lca5	0	37.3	16.9	10.9	0.7	0	60.9	41.1	24.6	31.3	18.7	2.7	24.7	11.7	37.9	20.2	150.2	17.5	110.6	65.4	219.6	157.4	28.2	44
Bckdhb	241.5	142.7	130.6	197.8	197.3	184	202.8	222.3	131.4	171.5	144.3	51.9	212.3	216.4	201	100.2	105.4	155.7	162.9	123.1	180.6	172.3	269.7	262.1
Zw10	400	390.8	338.8	294.5	562.7	407.8	398.6	502.3	330.7	511.7	735.9	551.1	498.8	347.7	314.6	375.4	474.9	481.7	441.1	265.5	651.7	671	689.8	717.6
Fam46a	97.6	82.7	29.6	56.5	161.6	179.9	296.7	234	1497.2	1226.1	822.6	1087.1	1024.7	1313.1	1098.1	960.3	433.7	308.5	499.4	810.6	305.5	272.5	1456	1568.5
Usp28	244.6	177.1	102.4	77.2	60.8	141.4	105.9	55.8	209.5	96.6	59.8	86.8	94.2	156.3	62.6	113.3	129.6	42.2	132	224.4	357.3	324.2	361.7	280.2
Paqr5	163.8	179.3	177.9	127.1	248.8	112.6	104.9	190	115	62.6	151.1	127.9	202.7	173.9	324.8	299.5	632.4	494.8	795.4	536.1	779	697.7	11.4	16.2
Idh3a	724.4	491	475.8	308.6	982.4	1033.8	1371.5	785.3	799.9	1216.6	406.1	263	754.2	707.2	1138.9	468.5	660.3	842.5	468.4	935	2189.8	2147.8	4020.5	4180.7
Tle3	380.1	447.9	396	351	461.2	400.9	756.2	424	353.2	265.4	335	489.4	548.3	520.8	512.7	444.2	517.3	1041.9	646.8	722.1	1431.5	1556.6	336.8	323.5
Dnaja4	72.4	133.9	109.4	144.5	0	23.3	111.9	50.9	170.5	62.6	50.9	0	0	67.5	17.5	35.4	129.6	94.6	54.7	129.5	17.5	13.3	30.9	24.6
Imp3	2004.2	1769.5	1867.2	2173.4	1633.7	1923.5	1455.5	2071.9	1236.4	1905.1	2319.1	2308.3	1762.9	1669.6	1890.4	2260.7	1698.5	1469.7	1973.6	1467.2	590.4	649.9	773.6	647.1
Thsd4	76.6	132.5	98.1	90.2	25	8.2	6	10.8	15.4	4.1	15	0	0	6.6	2.9	4	0	0	1.2	3.8	0	0	2	0
Ptpn9	267.7	377.6	362.9	253.2	394.7	416	265.7	384.8	369.7	313	303.6	190.6	658.4	303	436.9	167	248.4	250.3	287.7	332.2	277.7	310.9	321.4	236.2
Ireb2	775.9	680.6	865.5	609.6	760	1271.3	1357.6	1111.3	1366.8	1216.6	580.3	359.7	1330.4	694.7	1178.2	619.3	902.6	887.6	551.7	820.8	522	531.7	553.6	590.1
Pkm	2955.4	2609.5	4335.8	4237.1	3200.9	3399.4	4513.2	3712.9	2429.6	3286.4	4431	4099.5	3557.8	3925.4	4143.5	5385.6	3567.8	3847.4	5061.3	5171.2	8253	8229.3	16975.1	16996.6
Man2c1	517.6	257.6	387.6	240.2	179.5	256.7	269.7	242.8	497	272.2	433	239.8	472.5	381.5	332.1	269.2	192.6	269.2	454.2	346.3	656.5	794.7	865.6	992.6
Neil1	216.3	183.7	249.9	163	208.1	151	183.8	101.8	157.1	115.7	131.6	78.7	126.1	121.8	74.3	141.7	126	267.7	160.5	112.9	380.3	379.8	153.7	188.9
Commd4	808.4	718.6	1100.6	802	606.3	711.2	789.2	666.8	754.8	849.1	990.1	907.2	435.7	873	760.3	1071.7	774.1	1111.7	804.9	974.7	708.2	750.9	618	599.2
1700017B05Rik	662.5	610.3	747.6	380.4	666.4	705.7	379.6	704	518.6	574.3	879.5	973.4	569.8	676.4	1089.4	1032.2	667.5	916.7	1271	1105.5	2079.2	2172.8	1372.1	1423.6
Psma4	2252	2530.5	2088.9	2090.8	3009.3	2431.5	2576.3	2839.5	2759.2	2806	2767.8	2970.4	2887.4	2311.5	3214.3	2420.6	2774.3	3279.9	2578.8	3005	1418.7	1455.6	2436.3	2362.5
Fam219b	241.5	311.7	283.8	265.2	375.4	442.1	277.7	339.8	247.5	292.6	371.7	452.7	285.7	455.6	272.4	225.7	428.9	301.2	240.2	496.3	333.4	345.3	401.9	352
Mpi	65.1	6.6	62.1	97.8	109.4	89.2	34	96	7.2	50.4	32.2	97.5	8	18.3	68.5	67.8	18.2	46.6	78.5	26.9	237.1	248.2	572.3	538.4
Ube2q2	423.1	519.6	293.7	263	338.2	372.1	370.6	273.2	215.6	185.1	548.2	426.8	353.5	263.4	375.8	393.7	282.3	569	306.7	363	484.6	463.5	930.6	1054.1
Ulk3	466.2	496.2	485	491.2	315.3	241.6	153.8	319.2	164.3	228.6	301.4	238	240.2	358.7	300	301.6	317.4	307	265.1	220.6	190.2	179.3	100	151.4
Fbxo22	1027.8	684.2	456	623.8	634.9	358.3	697.3	610	784.5	494	308.9	295.3	749.4	723.3	868	382.5	748.7	486	508.9	731	541.9	530.9	1342.6	979.7
Nrg4	94.5	20.5	40.9	40.2	0	1.4	63.9	27.4	0	6.8	3.7	3.6	50.3	24.2	134	89.1	115.1	1.5	147.4	56.4	51.7	46.2	94.6	111.3
Csk	1541.2	1227.2	1182.4	1890.9	1373.5	1293.3	1009.9	1418.8	1698.5	1442.5	1556.3	2131.2	1245	1115.8	1165.1	1935.9	1224.8	1449.3	1601.5	2368.8	2184.2	2291.8	868.2	751.2
Etfa	836.8	807.2	838.6	797.6	880.1	1232.9	1697.2	1074.1	1524.9	1347.2	569.9	418.7	1010.4	1152.5	1395.3	593	1187.2	1354.7	667	901.6	1588.2	1540.2	2175.3	2059
Clk3	827.3	504.9	336	495.5	484	362.5	365.6	414.2	487.8	325.2	396.4	357	320.8	564.9	367	481.7	311.3	545.7	525.5	765.7	827.5	844.9	499.2	450.4
Rcn2	1010	991.6	1104.1	952	822.9	1213.7	1177.8	917.5	733.2	1068.2	487.6	470.6	849.1	1068.1	881.1	803.5	1153.3	1009.9	827.5	732.3	1493.5	1494	1268.8	1330.4
Pstpip1	469.3	370.3	345.2	402.1	514.8	354.2	147.8	258.5	246.5	239.5	109.2	630.8	510	380.7	192.2	240.8	713.6	509.3	789.5	747.7	958	847.2	1226.5	1228.1
Cyp11a1	0	0	4.9	0	0	9.6	0	7.8	0	1.4	46.4	2.7	16	0	65.5	1	33.9	0	39.2	29.5	199.7	146.4	127.5	138.5
Tspan3	2203.7	1994.8	2602.8	2077.8	1299.8	1673.6	1522.4	1633.2	1092.6	1283.2	957.2	1228.4	1471.6	1081.3	1542.3	2094.7	1399.3	1370.8	1897.6	1424.9	1212.6	1449.3	1187.6	1186.7
Tmem30a	2077.7	2082.7	2073.3	1785.5	1699.5	1692.8	2110.8	1742.9	1153.2	2269.8	1249.6	1351.9	1492.4	1897.8	2371.1	1311.5	2158.9	1922.3	1751.3	1758.3	1281.1	1130.7	2667.8	2428.5
Hmg20a	834.7	534.9	618.4	548.8	463.3	373.4	373.6	348.6	553.5	265.4	271.5	220.1	268.9	275.1	351	176.1	610.6	659.2	443.5	442.5	996.2	1044.5	509.9	511.2
Cox7a2	1755.4	1634.1	2488.4	2428.8	4209.1	3463.9	2734.1	2625.1	5864.5	3448.3	5778.6	3611.9	2831.5	3929.1	4152.3	3763.5	3033.5	2492.7	2895.1	3261.5	1137.9	1116.6	1531.2	1375
Stoml1	425.2	326.4	415.8	476	315.3	307.5	118.9	293.7	146.8	270.8	245.3	451.8	204.3	223.7	84.5	256	276.2	211	214	186	594.4	569.2	140.9	172.1
Nptn	424.2	532.7	487.8	547.7	556.3	376.2	600.4	507.2	590.5	676.3	569.9	693.4	347.2	376.3	441.3	560.6	523.4	317.2	367.4	764.4	1321.7	1384.3	986.3	927.3
Neo1	385.3	274.4	374.1	396.7	25.7	35.7	0	18.6	25.7	0	0	0	24.7	0	0	0	3.6	0	15.5	0	16.7	4.7	0	0
Mto1	118.6	160.3	252.7	26.1	197.3	226.5	297.7	173.3	307	269.4	341.8	362.4	300.1	229.6	173.3	57.7	338	192.1	164.1	289.9	374.8	356.3	557.6	579.8
Mb21d1	365.4	679.1	658.6	874.8	1110.4	1243.9	839.1	974.2	1181.9	1158.1	1436.6	1064.7	1300	1185.5	1581.7	1644.4	1067.3	1367.8	1543.2	1168.4	303.2	274.1	520	561.7
Gsta4	92.4	69.5	73.4	188	0	138.7	116.9	42.1	151	25.9	30.7	37.6	42.3	17.6	26.2	66.8	58.2	21.8	46.4	62.8	2.4	3.9	3.4	25.9
Elovl5	1379.6	1128.4	1561.5	1533.4	1501.4	1378.4	1381.5	2229.5	1390.4	2033.1	2053.6	2464.9	3215.4	2665.1	3236.2	3895	2454.5	3063.1	4003.2	2962.6	1895.4	1992.7	3700.4	4235.7
Gclc	753.8	791.8	710.9	1081.3	449.7	951.4	674.3	1081.9	904.7	1419.3	901.9	532.3	1160.4	941.9	1399.6	688.1	740.2	902.2	765.7	890.1	1051.9	1100.9	1433.9	1202.3
Lrrc1	217.3	354.9	91.8	472.7	148.7	184	201.8	181.1	185.9	206.8	207.2	276.5	286.5	322	252	293.5	219.3	213.9	256.8	128.3	142.4	163.6	196.6	249.1
Tmed3	414.7	583.2	768.8	723.8	738.6	481.9	514.5	766.7	443.6	702.2	902.6	931.4	354.3	893.5	731.1	744.8	411.9	727.6	632.5	958	2631.4	2579.2	6043.5	5964.7
Ctsh	291.9	319.8	198.4	115.2	107.2	182.6	299.7	157.6	0	117	56.8	103.8	27.9	41.1	135.4	75.9	195	371.1	83.2	382.2	4514	4424	2399.4	2433.6
Tpm1	1252.5	1458.4	1610.2	1545.3	1698.1	1368.8	1190.7	1643	1750.8	1639.8	1774.6	2242.1	1288.9	1189.1	1331.2	1264.9	986.1	1084.1	1272.2	1214.6	561.8	559.8	477.7	475.6
Plscr1	557.5	475.7	636	353.2	798.6	553.3	249.7	567.9	429.2	903.6	133.9	77.8	384.7	677.8	349.5	109.3	196.3	326	41.6	124.4	42.2	56.4	332.1	378.5
Lactb	445.2	251	271.1	546.6	858.7	417.4	782.2	537.5	406.6	507.6	619.2	637.9	428.6	859.8	447.1	625.4	923.1	561.7	747.8	791.3	390.7	399.3	750.2	710.5
Plscr2	116.5	143.4	211.1	258.6	45	71.4	200.8	170.4	38	5.4	0	84.1	0	61.6	32	2	0	0	0	12.8	0	0	0	0
Plod2	246.7	195.4	141.2	159.7	215.2	337.7	201.8	91.1	240.3	129.3	32.9	45.6	130.1	134.2	65.5	47.6	107.8	117.9	52.3	71.8	104.2	54.8	10.1	20.7
Aph1b	114.4	199	282.4	165.2	291.7	197.7	44	82.2	24.6	74.8	60.6	119	0	54.3	112.1	50.6	113.9	37.8	15.5	47.5	36.6	38.4	28.9	36.9
Usp3	510.2	415.7	345.2	539	566.3	225.2	828.1	661.9	727	628.7	569.1	732.8	901	469.5	836	845	880.7	814.9	882.2	547.6	793.3	721.9	858.2	957
Plscr4	358	444.2	1112.6	1036.7	249.5	317.1	551.4	475.9	146.8	235.4	84.5	249.6	353.5	55	227.2	200.4	110.2	152.8	142.7	55.1	11.1	15.7	12.1	0
Fam96a	1139.1	1084.5	1007.4	1605.1	1276.2	1706.6	1670.2	1614.6	2091.8	1852.1	1370.8	1769.7	1647.2	2211.8	1773.9	1476.4	1360.5	1837.9	1526.6	1754.5	1795.1	1855.7	3586.4	3432.7
Snx1	2125	1735.1	1627.2	1580.1	1448.5	1158.8	1812.1	1550	1217.9	1268.3	1311	1784.9	1285.7	1221.4	1277.3	1322.6	1385.9	1234	1297.1	1330	2068	2073.4	2421.6	2494.5
Ppib	706.6	800.6	638.9	781.3	850.8	1362	647.3	697.1	1719	952.6	762.8	671	752.6	1205.3	834.5	724.6	880.7	765.4	634.9	657.9	575.3	582.6	1064.2	1006.8
Csnk1g1	639.4	661.5	587.3	668.3	554.8	646.7	363.6	647.2	458	624.6	467.4	314	434.9	597.1	536	434.1	977.7	900.7	392.4	519.4	302.4	220.8	127.5	177.9
Trip4	296.1	420.8	269	324.9	326	262.2	254.7	398.5	215.6	284.4	303.6	626.3	603.3	179	154.4	311.7	300.4	336.1	290.1	318.1	334.2	380.5	454.9	574.6
Rbpms2	554.3	331.5	559.1	419.5	380.4	181.2	407.6	285.9	277.3	383.7	344	325.7	91	129.1	177.7	171	0	36.4	7.1	37.2	2.4	3.9	9.4	7.8
Spg21	1073	774.2	903.6	953	993.8	1087.4	778.2	935.1	667.5	692.7	641.6	1097.8	1043.1	994.7	821.4	1132.4	1021.3	925.5	1219.9	1067.1	1460.1	1670.1	3082.5	3042.5
Parp16	214.2	144.9	92.5	91.3	62.9	79.6	192.8	75.4	200.2	72.1	101	0.9	186.7	155.5	158.7	83	89.6	115	148.6	164.2	156	202.8	96.6	124.9
Dpp8	725.5	807.9	1035.6	940	958.8	698.8	1180.7	1108.4	672.6	934.9	1221.2	1157.7	788.5	623.5	1108.3	1063.6	746.3	820.7	1022.5	623.3	1264.4	1324.8	1090.3	1470.8
Dis3l	182.7	109	179.3	166.3	188.8	146.9	178.8	168.4	63.7	186.4	153.3	376.7	70.2	264.1	249	269.2	284.7	232.8	244.9	241.1	636.6	594.3	464.3	712.4
Tipin	551.2	596.4	545.7	511.8	1518.6	1160.1	1254.7	1159.3	2173.9	1947.3	1663.2	1617.6	2282.5	1263.2	1928.3	1680.9	1510.7	1324.2	1348.3	1253	2489.8	2467.2	2541	2428.5
Snapc5	149.1	232.7	178.6	126.1	285.3	277.3	330.6	162.5	282.4	239.5	123.4	124.4	279.3	143.8	166	68.8	300.4	131	171.2	112.9	288	278.7	354.9	386.9
Rpl4	20226.1	16675.2	14680.6	14246.8	14484.7	13408.1	14806.3	13139	13563.1	15854.8	11478.6	11751	15160.9	14476.5	14925.4	11796.3	15446.3	15801.5	14091.4	21930	13079.7	13091	19632.1	19228.3
Zwilch	124.9	87.8	93.2	79.3	257.4	573.9	291.7	236	500.1	492.6	478.6	307.8	411.8	567.1	286.9	619.3	655.4	327.4	442.3	582.3	265	260	385.1	372.7
Smad3	1215.8	1124	1518.5	962.8	1058.2	1282.3	1064.9	891	748.6	800.2	1317	1199.8	1079.8	914.8	687.4	1027.1	795.9	916.7	887	859.3	582.5	501.1	188.5	176
2300009A05Rik	647.8	488.1	422.9	391.2	463.3	402.3	645.3	460.2	428.2	302.1	489.8	874.1	322.4	346.3	473.3	751.9	436.1	414.7	537.4	632.3	58.1	60.3	39.6	68.6
Pias1	870.4	755.2	813.9	699.8	795.8	1036.6	638.3	787.2	884.1	729.4	535.5	800.8	651.2	901.6	422.4	791.3	648.1	813.4	426.8	746.4	1427.5	1473.6	1437.2	1267
U2surp	3241	4122.1	2692.4	2927.6	3136.6	3847	3242.6	3354.5	3012.9	3727.3	3771.4	2615.2	3825.9	3747.1	3888.6	3001.5	3159.5	2932.1	3713.1	3461.5	1987.7	2071.8	1757.3	1510.3
Atr	485	495.4	456.7	809.6	444	582.1	689.3	700.1	1167.6	977.1	554.9	444.7	636.9	762.2	771.9	527.2	868.6	769.8	650.4	415.5	408.2	426	322.7	308
Xrn1	851.5	1257.2	1171.9	1383.4	907.3	1149.1	1188.7	951.7	1369.9	1160.8	1243.7	951.1	914.6	1281.6	1082.1	1213.3	1284.2	1322.7	815.6	1028.6	455.1	426.7	182.5	268.5
Tfdp2	885.1	1186.2	624.8	933.5	720	1183.5	611.4	564	753.7	709	927.3	1002.1	1133.3	608.1	723.8	714.4	851.7	729	684.8	509.2	892.8	1016.3	624	647.7
Atp1b3	1635.7	1779.7	2679	2044.1	2420.9	2929.8	3062.8	3034.3	3297.3	4015.8	3166.4	3252.2	3122.8	3258.6	4806.2	3712.9	3355.8	3444.3	3807	3158.9	7000.6	7070.5	4108.4	4493.3
Rasa2	717.1	778.6	552.7	537.9	385.4	296.6	518.5	586.5	347.1	533.4	445.7	249.6	327.2	391.7	522.9	605.1	799.6	832.3	816.8	536.1	255.4	306.9	428.1	450.4
Ube2cbp	223.6	196.1	257	193.4	92.9	243	230.8	148.8	285.5	136.1	126.4	87.7	163.6	246.5	151.5	176.1	153.9	109.1	203.3	135.9	101.8	114.3	115.4	113.2
Snx14	667.7	504.2	481.4	530.3	301	859.5	853.1	562	763	634.1	538.4	580.7	1097.3	784.2	603	549.5	565.8	180.4	620.6	474.5	119.4	106.5	383.1	414.8
Syncrip	3235.8	4360	3326.4	3541.6	5468.9	4607.6	3047.8	4356.2	6209.6	5314	5366.5	5492.6	5375	6570.7	5152.8	5680.1	4987.7	4723.4	4672.6	4370.9	1844.4	1724.2	2187.4	2585
Zfp949	203.7	91.5	181.4	136.9	125.1	48.1	252.7	148.8	0	98	131.6	57.3	41.5	26.4	53.9	138.6	124.8	122.2	88	119.3	92.3	85.3	65.8	71.2
Crtap	254.1	223.2	368.5	414	165.2	689.2	326.7	264.4	425.1	161.9	172	215.6	383.1	348.5	420.9	179.1	300.4	154.2	263.9	232.1	536.3	486.2	812.6	828.9
Cmtm6	1748.1	987.9	1447.2	1269.3	1378.5	1190.3	1045.9	1362	1523.9	1232.9	939.3	504.6	1249.8	1144.4	1101.1	1160.7	1891.1	1621	980.9	1290.2	3099.3	3204	2622.2	2391.6
Dync1li1	385.3	502.7	612.8	285.8	450.4	554.7	320.7	330	568.9	566.1	480.1	476	978.4	509.1	281.1	431.1	611.8	647.5	334.1	550.2	915.1	815.9	1225.2	909.8
Cmtm7	367.5	375.4	282.4	370.6	480.5	464.1	585.4	468	504.2	430	548.9	664.8	688.7	798.1	853.5	703.3	604.5	612.6	576.6	360.4	7173.3	7090.1	11397.9	10888.3
Stt3b	1288.2	1390.4	1218.4	1539.9	1914.7	1445.7	1641.3	1727.2	2283.8	2137.8	1782.1	1606.9	2247.4	1492.1	2164.2	1804.3	1463.5	1542.5	1356.6	1962.3	3771.6	3663.7	7508.2	7629.6
Tgfbr2	447.3	671.8	828.1	499.9	1013.8	856.7	931	983.1	1538.3	862.8	367.2	208.5	1067	683	1265.6	712.4	1022.5	1312.5	756.2	618.2	1133.9	1127.5	272.4	326.1
Slc25a36	2157.5	1675.8	2499	2477.7	1710.9	1628.3	1711.2	1986.7	1601.9	1139	1450.1	1086.2	2077.4	1437.8	1699.6	1769.9	1881.4	1418.8	1738.2	1169.7	360.5	361	387.2	368.2
Nmnat3	128.1	252.5	269.7	214.1	222.4	237.5	321.7	246.7	372.8	95.3	155.6	272	188.3	266.3	351	103.2	243.5	148.4	229.5	212.9	246.7	223.2	364.3	373.4
Copb2	645.7	633.7	548.5	689	768.6	882.8	499.5	730.4	984.8	881.8	809.2	958.2	750.2	1247.8	954	541.4	1047.9	771.2	634.9	746.4	2563.8	2771	4741.1	4603.3
Mrps22	113.4	205.6	170.1	89.1	81.5	146.9	105.9	265.3	479.6	142.9	367.2	255.9	290.5	531.1	129.6	364.3	241.1	232.8	162.9	356.5	350.9	352.4	600.5	543.5
Pik3cb	156.4	147.8	155.3	190.2	66.5	262.2	116.9	155.7	146.8	194.6	244.5	323	67.8	103.4	85.9	135.6	52.1	243	73.7	119.3	230.8	173	553.6	499.5
Faim	295	518.1	117.2	266.2	240.9	454.4	311.7	164.5	431.3	259.9	299.1	126.2	317.6	359.5	390.3	325.8	434.9	344.9	373.3	405.3	487	494.9	336.8	469.8
Armc8	1174.8	1049.4	734.9	928.1	1210.5	707.1	1194.7	1425.6	1344.2	1001.6	713.4	343.6	1498	1197.9	1019.5	622.4	1126.7	736.3	625.4	715.7	527.6	509.7	875	674.9
Dbr1	393.7	489.6	249.2	311.9	442.6	421.5	281.7	303.5	584.3	319.8	406.8	335.5	360.7	461.4	467.5	313.7	454.3	385.6	439.9	220.6	518.8	555.1	504.6	524.1
Mras	134.4	59.3	105.2	205.4	85.8	46.7	31	95	16.4	34	83	45.6	195.5	48.4	81.6	182.2	21.8	64	123.7	186	93.1	137.8	116.8	123.6
Nck1	555.4	582.5	715.8	628.1	1126.8	897.9	670.3	705	484.7	737.6	582.6	446.5	441.3	464.4	549.1	722.5	636	692.7	695.5	414.3	428.9	385.2	524.7	527.4
Cdc25a	953.3	1319.4	761.7	897.6	1249.1	1651.6	1224.7	1600.9	1902.8	1857.5	1685.6	2761.1	1782.1	1574.3	1753.5	1681.9	1845.1	1574.5	1754.9	1500.6	1407.6	1403.9	1803.6	1734.8
Nme6	33.6	114.2	60	106.5	162.3	142.8	240.7	124.4	115	92.5	115.9	121.7	23.9	179.7	139.8	159.9	172	171.7	135.5	210.3	367.6	404	624.7	662
Map4	325.5	491	367.8	297.8	198.8	440.7	272.7	398.5	388.2	202.8	178	620	280.9	488.6	284	310.7	470.1	392.9	569.5	572	1428.3	1376.5	489.1	630.2
Dhx30	1073	845.2	919.1	1015	676.4	701.6	870.1	1029.1	600.7	881.8	1056	904.5	823.6	719.6	620.4	1043.3	975.2	883.3	997.5	1153	1577.1	1665.4	1388.9	1580.1
Smarcc1	2591.1	2750.1	1471.2	1438.8	2870.6	2912	1569.3	2274.5	3867.3	2600.5	3251.6	3744.3	3204.2	3275.4	2944.9	2653.3	3461.2	2222	3016.4	3215.3	3924.4	4036.4	2146.5	1972.9
Ngp	4.2	0	46.6	42.4	0	0	620.3	326.1	10.3	10.9	84.5	314.9	20	0	71.4	115.4	0	74.2	54.7	881.1	2317.9	2361.5	177.1	188.9
Scap	755.9	1046.5	1157.7	1007.4	829.4	1070.9	1271.7	1192.6	982.7	887.2	1079.1	1308.1	700.7	699.1	1060.3	1004.9	702.7	1472.6	809.7	1067.1	2755.5	2746	1338.6	1428.7
Kif9	17.8	34.4	67.1	78.2	72.2	131.8	229.8	31.3	0	46.3	63.6	0.9	12.8	15.4	32	13.2	25.4	53.8	74.9	26.9	58.9	57.2	4.7	12.9
Nradd	94.5	68.8	137	89.1	72.9	74.1	126.9	29.4	58.5	70.8	59.1	92.2	16.8	33	10.2	45.5	58.2	53.8	34.5	78.2	11.9	14.9	4	11
Ltf	28.3	6.6	9.9	0	0	0	23	43.1	0	5.4	0	142.3	7.2	0	8.7	5.1	0	0	2.4	280.9	1598.6	1667	67.1	146.2
Lrrfip2	447.3	564.2	464.5	408.6	477.6	453.1	405.6	422	750.7	411	692.5	812.4	640	327.2	546.2	505	530.6	295.4	581.4	573.3	467.1	417.3	652.2	638
Mlh1	258.3	407.6	426.4	198.9	290.3	238.9	383.6	236	496	311.6	368.7	362.4	505.2	298.6	316	389.6	428.9	308.5	259.2	345	648.5	639.7	940.7	844.4
Trib1	223.6	193.9	206.1	130.4	57.9	1.4	35	90.1	0	6.8	47.1	0	83.8	30.1	23.3	28.3	13.3	14.6	23.8	124.4	727.3	705.5	30.9	20.1
Arpp21	0	0	0	0	0	0	0	11.7	32.9	0	0	0.9	6.4	0	1.5	29.3	374.3	213.9	355.5	248.8	868.1	805.7	0	0
Pdcd6ip	2451.5	2496.1	1802.2	2622.2	2027.7	2063.5	1792.1	1960.2	2116.4	1935.1	1495.7	1653.4	2173.9	2339.4	2158.4	2253.6	1966.2	2101.2	2027.2	2104.6	3201.1	3216.6	3154.3	3008.2
Fbxl2	42	24.1	4.9	13	90.1	0	6	19.6	1	39.5	35.1	10.7	70.2	0	4.4	7.1	0	1.5	20.2	0	9.5	10.2	46.3	85.4
Myd88	620.5	512.3	635.3	607.5	461.9	431.1	395.6	477.8	377.9	280.3	509.3	451.8	455.7	432.8	352.5	705.3	340.4	523.9	382.8	749	809.2	761.9	1183.6	936.3
Wdr48	338.1	777.9	528.7	377.1	504.8	671.4	391.6	410.3	654.1	562	660.3	599.5	413.4	462.2	273.8	499.9	490.6	571.9	598	506.6	1066.2	887.9	1210.4	1072.8
Gorasp1	103.9	111.2	134.8	26.1	248.8	72.8	1	58.7	17.5	43.5	92.7	62.6	87.8	115.9	39.3	33.4	63	24.7	38	96.2	295.2	287.4	807.2	737
Csrnp1	543.8	438.3	696.1	468.4	389.7	405	507.5	417.1	233.1	356.5	122.6	378.5	577	373.4	521.4	519.1	424	890.6	816.8	474.5	1047.1	1047.7	138.2	171.5
Rpsa	19920.6	16814.2	18264.6	16226.8	19445.9	18779	17730.2	16847	22832.8	22993.6	22511.5	33187.2	20050.6	18369.7	19840.8	18377.1	20967	22192.5	21162	27494.9	363.6	376.6	444.9	412.2
Slc25a38	107.1	46.1	66.4	46.7	0	160.6	43	33.3	32.9	103.4	64.3	0.9	8.8	8.8	46.6	32.4	38.8	144.1	11.9	114.1	230	247.4	228.8	259.5
Nktr	2614.2	3039.8	2542.8	2755.9	3318.9	2471.3	1995.9	2546.7	2678.1	3259.1	3306.2	2865.7	3221	2849.2	2898.3	2492.4	3681.7	3306.1	2886.8	2554.8	568.9	662.4	344.2	229.7
Deb1	201.6	216.6	173	72.8	220.2	265	439.5	206.6	350.2	480.4	504	199.5	340	259.7	253.4	192.3	163.5	186.3	237.8	153.9	120.2	124.5	188.5	197.4
Pccb	340.2	412	518.9	386.9	446.9	440.7	250.7	290.8	543.2	296.7	350	145.8	185.2	341.8	275.3	289.4	374.3	197.9	330.5	536.1	161.5	145.6	372.4	419.3
Amotl2	114.4	22.7	132	113	38.6	43.9	90.9	3.9	0	0	0	7.2	0	0	0	0	0	0	0	5.1	0	0	72.5	97.7
Cep63	533.3	665.2	300.7	431.4	305.3	286.9	374.6	427.9	319.4	259.9	413.6	355.2	476.4	195.1	233	375.4	374.3	237.2	268.7	238.6	518.8	415	340.2	471.7
Trak1	328.6	199	169.4	382.5	318.2	211.4	316.7	352.5	425.1	257.2	385.1	245.1	322.4	325.7	471.9	267.2	374.3	307	312.7	192.4	989.1	1006.9	424.1	396
Abhd5	181.6	229	337.4	276	190.9	116.7	361.6	178.2	104.7	138.8	95	124.4	119.7	99.8	129.6	213.5	141.7	184.8	173.6	210.3	74	94.7	531.4	522.2
Ryk	1626.3	1417.5	1547.4	1630.1	465.4	896.5	751.2	701.1	282.4	223.2	386.6	396.4	96.6	15.4	43.7	59.7	104.2	49.5	98.7	129.5	14.3	18.8	8.7	23.3
Rab6b	302.4	330	339.6	323.8	88.7	138.7	214.8	117.5	71.9	121.1	44.1	61.7	3.2	117.4	45.1	28.3	157.5	61.1	78.5	102.6	211.7	213	6	5.2
1110059G10Rik	364.3	314.7	743.3	457.5	373.9	777.1	805.1	524.8	652.1	540.2	444.2	326.6	418.2	363.9	554.9	452.3	362.2	816.3	573.1	429.6	222.8	249.8	218.1	199.3
Srprb	339.1	275.2	350.8	216.3	467.6	420.1	427.5	304.5	283.4	287.1	497.3	453.6	178	141.6	342.3	445.3	258	612.6	355.5	389.9	720.1	718.8	1129.3	1125.9
Trf	103.9	148.6	235.1	365.1	308.9	149.6	404.6	307.4	148.9	386.5	601.3	523.4	960.9	795.9	999.1	1626.2	861.4	1353.3	1167.5	1213.3	88.3	86.9	78.5	83.5
Topbp1	608.9	1203.1	950.9	999.8	1549.4	1850.7	1691.2	1476.5	2004.5	2524.3	1485.2	1143.4	1828.4	2593.2	2072.5	1431.9	2047.4	1776.7	1886.9	1272.3	2738	2709.2	2455.1	2282.9
Bfsp2	32.5	5.1	2.8	7.6	0	1.4	7	3.9	0	2.7	0	0	23.9	0	1.5	0	7.3	11.6	29.7	88.5	471.1	422.8	1.3	0.6
Uba5	1098.2	1115.2	1032.1	1281.2	903.7	693.3	689.3	1215.1	827.7	1022	919.8	996.7	711.9	616.9	744.2	892.5	676	925.5	776.4	1029.9	584	637.4	1423.1	1391.2
Nphp3	40.9	179.3	111.5	269.5	2.1	167.5	95.9	69.5	148.9	58.5	176.5	0	170.8	55	104.9	42.5	191.4	50.9	48.7	38.5	84.3	63.4	72.5	92.5
Dnajc13	737	938.1	697.5	697.7	913	858.1	408.6	609	716.8	650.5	590	223.7	907.4	823.8	659.8	810.6	717.2	571.9	743.1	719.5	1039.2	965.4	1064.2	1016.5
Acpp	61.9	24.1	0.7	20.6	0	31.6	8	0	0	0	0	0	0	0	0	0	4.8	0	9.5	0	23.9	17.2	55	77.6
Gnai2	4258.4	3621.6	4092.3	3911.1	4450.7	3874.4	3322.5	4409	4778.1	4598.2	5667.1	8167.7	6198.6	6273.6	5390.2	6235.7	5070	5775.5	5215.9	6575.5	13146.6	13331.4	15267.4	15398.3
Mrpl3	529.1	586.2	666.4	678.1	608.4	1106.6	564.4	565.9	861.6	665.4	859.3	492.1	457.3	831.1	766.1	724.6	705.1	566.1	554	583.6	923	869.9	1349.3	1262.4
Nudt16	333.9	500.5	563.3	462.9	602.7	269.1	663.3	283.9	520.6	171.5	181.7	257.7	361.5	217.1	323.3	309.7	552.4	478.7	279.4	400.1	436.8	464.3	168.4	182.5
Aste1	89.2	176.4	130.6	164.1	147.3	232	53.9	131.2	50.3	24.5	43.4	72.5	268.2	8.1	174.8	63.8	98.1	104.8	103.4	74.4	124.9	119	126.8	83.5
Atp2c1	445.2	506.4	518.9	481.4	623.5	480.5	431.5	425.9	642.8	389.2	458.4	142.3	898.6	506.2	482.1	353.2	414.3	586.4	278.2	265.5	736.8	718.8	916.6	880
Pik3r4	877.7	397.4	510.4	472.7	262.4	344.6	459.5	456.3	357.4	268.1	385.9	420.5	93.4	337.4	469	288.4	661.5	566.1	407.8	389.9	599.2	701.6	570.3	710.5
Manf	384.3	690.8	929	916.1	1588	1223.3	1018.9	1429.5	1236.4	1886.1	1116.5	835.7	1485.2	1250.8	1995.3	1433.9	777.8	1791.3	1097.4	1980.2	1926.4	2019.4	5173.9	4835.6
Mapkapk3	1020.5	1077.2	1150.7	1500.8	1160.4	969.3	1032.9	964.4	692.1	869.6	982.7	790	1096.5	1052.7	1197.2	1344.9	693	750.9	820.4	1172.2	933.4	884.8	7466	7192.8
Cish	835.7	873	607.8	1101.9	525.5	427	353.6	358.4	62.6	35.4	157	195.9	162	57.2	45.1	107.3	106.6	139.7	122.5	112.9	188.6	177.7	30.2	16.2
Hemk1	145.9	128.8	125	140.2	59.3	129.1	192.8	185.1	93.4	136.1	138.4	28.6	63	135.7	69.9	97.1	124.8	85.9	170	103.9	80.4	99.4	130.2	56.9
Rbm5	3916.1	4705.4	3646.9	4670.7	2888.5	3608.1	3113.7	3213.5	2677.1	2633.2	3443.8	2863.9	3041.4	2976.9	2821.1	3547.9	3435.8	3699	4053.1	3403.8	1216.6	1172.9	1161.5	1294.1
Rbm6	2004.2	2368.1	1426	2087.6	2192.1	1699.7	1209.7	1661.6	1446.9	1838.5	2039.4	1696.4	1903.4	2168.5	1399.6	1912.6	1915.3	1456.6	1992.7	1356.9	1171.3	1164.3	766.9	796.5
Mon1a	204.7	55.6	79.1	133.7	7.1	57.7	111.9	94	46.2	191.9	73.3	295.3	43.9	144.5	37.9	100.2	38.8	219.7	103.4	98.8	251.4	215.3	399.9	281.5
Mst1r	0	0	0	0	0	0	28	0	0	0	0	0	0	0	0	0	0	0	0	15.4	102.6	100.2	11.4	9.7
Traip	239.4	172	174.4	139.1	135.8	203.2	200.8	187	238.2	204.1	266.2	168.2	63.8	122.5	67	85	84.8	68.4	111.8	118	579.3	555.1	465.7	557.1
Bsn	130.2	66.6	79.8	67.4	143	61.8	229.8	208.6	76	219.1	178	357.9	208.3	261.2	263.6	390.6	100.6	336.1	198.6	422	353.3	343.7	301.9	207.7
Apeh	583.7	475.7	444	393.4	461.9	326.8	309.7	513.1	528.8	367.4	577.3	777.5	379.1	368.3	388.9	523.2	345.3	670.8	375.7	572	983.5	902.8	1181.6	1134.3
Ip6k1	1308.2	1012.8	1183.1	1393.2	775	856.7	891.1	870.5	677.7	747.1	581.1	603	912.2	740.2	605.9	638.5	945	1215.1	888.1	702.8	1406	1516.7	986.3	957
Uba7	1251.5	1077.2	1195.9	835.7	409	858.1	883.1	740.2	330.7	495.3	362	600.3	280.9	509.8	227.2	346.1	382.8	369.6	432.8	286	870.5	1033.6	639.4	713.1
Nckipsd	80.8	158.8	114.4	228.2	193.8	148.3	33	97.9	111.9	83	64.3	216.5	290.5	69	115.1	77.9	139.3	167.3	142.7	97.5	570.5	490.2	517.3	452.9
Ip6k2	79.8	291.3	209.7	189.1	155.9	159.3	325.7	171.3	281.4	140.2	235.6	255	343.2	154.1	317.5	244.9	283.5	103.3	290.1	323.2	87.5	68.9	41.6	43.4
Prkar2a	570.1	869.4	914.2	986.7	1022.4	707.1	945	1242.5	1050.5	1166.2	1028.3	991.3	620.9	1024.1	1115.6	1015	666.3	910.9	612.3	943.9	371.6	324.9	1270.2	1296.7
Slc25a20	460.9	456.6	479.3	471.6	246.7	534.1	320.7	293.7	298.8	318.4	310.4	227.3	513.2	359.5	353.9	305.6	313.8	280.8	315.1	404	477.4	462.8	558.3	661.3
Qars	696.1	1105	864.8	764	978.8	1208.2	890.1	759.8	1203.5	807	786	905.4	1084.6	732.1	1018	909.7	822.6	1356.2	971.4	927.3	810.8	875.4	1589.5	1411.3
Nicn1	66.1	72.4	125.7	66.3	85.8	192.2	138.9	60.7	50.3	80.3	78.5	74.3	266.6	152.6	75.7	199.4	204.7	104.8	122.5	98.8	104.2	113.5	93.3	122.9
Klhdc8b	313.9	294.9	257	297.8	258.1	127.7	156.8	135.1	10.3	6.8	49.4	51.9	36.7	60.9	23.3	82	107.8	74.2	73.7	41	39	48.5	2.7	1.9
Usp4	1071.9	1071.3	796.3	824.8	880.1	961.1	800.2	1122.1	832.8	816.5	989.4	1008.3	1193.1	835.6	802.5	1066.6	889.2	829.4	804.9	1061.9	2469.9	2543.2	2512.8	3044.5
Nt5m	226.8	161.7	144	257.6	101.5	398.2	367.6	240.9	433.3	281.7	241.6	240.7	172.4	104.9	217	226.7	202.3	363.8	202.1	323.2	396.3	399.3	290.5	275
Srek1	5721.9	3465	3037.6	3936.1	3229.5	2844.7	2469.4	2912.9	3393.9	2871.3	3084.1	3049.1	2895.4	2828	2802.2	3362.7	3115.9	3124.2	2949.8	2034.1	620.6	566.9	554.2	596.6
Eml4	402.1	850.3	245	561.8	592.7	569.8	256.7	607.1	919.1	611	439	655.8	998.4	778.3	668.5	620.3	844.4	582.1	412.6	595.1	1963.8	1880	1577.5	1703.1
Flcn	745.4	711.3	1272.8	1059.5	967.4	1005	1382.5	892	583.3	1005.6	1023.8	867	703.9	509.8	668.5	924.9	726.9	801.8	1179.4	600.2	811.6	833.9	1160.1	1090.3
Atxn2l	820	800.6	555.6	398.8	475.5	973.4	1087.8	686.4	1099.8	1456.1	343.3	241.6	975.2	762.2	904.4	479.7	865	1002.6	363.8	831.1	1433.1	1476	742.8	621.2
Chsy1	308.7	403.9	575.3	619.4	988.1	546.4	995.9	883.2	540.1	1046.5	925.1	868.8	880.3	914.8	1497.2	1116.2	885.6	1295.1	1205.6	1385.1	1051.9	1253.6	1347.3	1144
Gpr19	4.2	30.7	59.3	13	32.2	157.9	29	55.8	45.2	47.6	47.1	127	66.2	175.3	49.5	93.1	37.6	42.2	59.4	60.3	96.3	81.4	157	132
Fhl3	126	235.6	144	154.3	96.5	149.6	86.9	73.4	38	89.8	189.2	154.8	70.2	0	21.8	98.2	81.2	176.1	121.3	180.8	7.2	14.1	9.4	12.9
Pygm	320.2	417.8	422.9	428.2	101.5	104.3	23	102.8	0	8.2	0	34	37.5	32.3	8.7	8.1	98.1	65.5	134.4	88.5	328.6	386	2.7	3.2
Crebl2	280.3	335.2	402.4	243.4	131.6	215.6	173.8	226.2	190	159.2	186.2	0.9	143.7	22	23.3	131.6	41.2	253.2	112.9	77	32.6	20.4	15.4	7.1
Fam189b	154.3	148.6	173.7	184.7	105.1	34.3	224.8	212.5	561.7	513	671.6	636.1	391.1	121	295.7	349.1	179.3	550	139.1	253.9	548.2	584.9	386.5	335.2
Oas3	382.2	335.9	406.6	277.1	164.4	332.2	272.7	281	42.1	174.2	271.5	277.4	193.9	341.8	230.1	173	322.3	238.6	360.3	229.6	86.7	97.9	21.5	27.8
1700025G04Rik	466.2	411.3	403.8	505.3	1034.6	531.3	649.3	641.3	484.7	676.3	611.7	271.1	1023.9	587.6	1061.7	969.5	1406.5	1252.9	1389.9	1280	356.5	386.8	175.1	176.7
Pon2	850.4	900.1	948.1	687.9	799.3	797.7	703.3	662.9	706.5	638.2	551.9	786.4	572.2	734.3	796.7	741.8	426.4	769.8	765.7	581	603.9	595.1	1036	983.5
Prorsd1	904	955.7	576	491.2	519.8	785.3	283.7	386.8	918	511.7	243	259.5	564.2	782.7	636.5	528.2	741.4	625.7	425.6	640	204.5	215.3	453.6	429.7
Cd59a	474.5	350.5	344.5	326	225.2	407.8	343.6	216.4	393.3	506.2	275.2	243.4	280.9	404.2	317.5	359.2	121.1	212.5	137.9	256.5	15.9	18	20.8	12.9
Malt1	185.8	302.2	170.8	108.7	174.5	27.5	148.8	231.1	72.9	163.3	232.6	129.7	154.8	256	295.7	221.6	368.3	228.5	220	160.3	551.4	461.2	385.1	307.4
Oas2	211	16.1	96.7	53.2	140.1	35.7	100.9	166.5	4.1	136.1	23.9	0.9	59.9	86.6	32	72.9	104.2	219.7	267.5	119.3	8	17.2	18.1	0
Lmo2	16257.5	14420.6	14175.9	11470.3	11090	13608.5	12175.1	10136	8751.1	8781.3	5518.3	3841	10255.9	8869	9264.3	5275.3	13590.4	10887.4	9033.6	8435.2	1480.8	1479.1	3515.2	3479.3
Exd2	250.9	116.4	213.9	166.3	253.1	144.2	85.9	114.6	176.6	117	28.4	0	191.5	71.9	183.5	94.1	132.1	200.8	99.9	124.4	347.7	296	241.6	271.8
2810474O19Rik	1208.4	1759.2	1223.4	924.8	1563.7	1633.8	1574.3	1471.6	1218.9	1152.6	1090.4	679.1	1837.9	1533.2	1089.4	1464.3	1841.4	1692.3	1380.4	965.7	754.3	722.7	271.1	516.4
Syde1	319.2	326.4	325.4	373.8	174.5	259.5	177.8	178.2	72.9	64	118.2	131.5	106.9	82.9	74.3	64.8	6.1	93.1	76.1	62.8	19.1	12.5	0	9.7
Trib3	260.4	303.7	262.6	273.9	23.6	33	25	89.1	14.4	17.7	33.7	0	82.2	0.7	13.1	73.9	58.2	42.2	69	79.5	100.3	97.1	0	0
Mansc1	439.9	433.9	374.9	267.3	278.8	457.2	137.9	479.8	332.7	129.3	121.9	26.8	281.7	190.7	198.1	88	187.8	197.9	82	165.4	31	39.2	110.7	115.8
Abtb2	15.7	27.1	33.9	7.6	0	16.5	25	9.8	0	17.7	82.3	0	0	0	46.6	16.2	14.5	18.9	80.8	41	137.7	135.5	0	7.1
Mier3	1035.2	825.5	837.9	892.2	539.1	406.4	896.1	652.1	451.8	522.6	400.8	422.3	979.2	730.6	715.1	613.2	1419.9	1392.6	1193.7	1115.8	860.9	846.4	523.4	682
Snx33	253	177.8	173	219.5	138	71.4	134.9	61.7	102.7	47.6	127.9	125.3	21.5	110.8	151.5	63.8	88.4	65.5	59.4	59	123.3	133.1	98.6	122.9
Inppl1	206.8	401	319.1	431.4	300.3	215.6	119.9	222.3	52.4	68	115.2	73.4	226.7	194.4	90.3	51.6	88.4	115	72.5	84.6	159.1	177	29.5	47.9
Ccdc88a	1815.3	2940.3	1548.8	1957.2	1851.1	1985.3	1583.3	1996.5	2099	2146	2055.1	1428.8	1229	2135.5	2314.3	1851.9	1967.4	1509	1378	1458.2	779.8	783.8	433.5	385.7
Tpcn1	189	174.9	201.2	226	127.3	162	153.8	266.3	428.2	319.8	294.6	351.6	206.7	251.6	154.4	237.8	317.4	199.4	230.7	430.9	109.8	119.8	153	181.2
D430042O09Rik	300.3	412.7	363.6	186.9	249.5	383	286.7	104.8	271.1	65.3	294.6	205.8	226.7	341.1	217	306.6	310.1	109.1	278.2	200.1	178.2	205.9	56.4	69.2
Gpbp1	1953.8	2443.4	2187	2058.2	1896.8	2040.2	2258.6	1800.6	1890.5	1543.2	1524.9	2304.8	2683.9	1825.9	1698.2	1652.5	2639.8	2029.9	2242.3	1704.5	1742.6	1690.5	1809	1609.9
Gab3	150.1	36.6	51.5	43.5	225.9	1.4	78.9	101.8	56.5	6.8	10.5	128.8	59.1	52.8	67	48.6	88.4	109.1	116.5	147.5	88.3	86.9	40.3	34.9
Slc8b1	86.1	33.7	52.9	105.4	176.6	12.4	91.9	59.7	5.1	10.9	46.4	28.6	79.8	135	36.4	25.3	33.9	58.2	28.5	47.5	645.3	664.8	1368.1	1392.5
Bet1	632	510.1	586.6	486.8	687.8	822.4	751.2	418.1	636.7	732.1	293.9	153.9	623.3	903	670	439.2	512.5	778.5	260.4	474.5	407.4	465.9	1117.2	1085.1
Ilvbl	76.6	169.8	67.8	157.6	72.2	138.7	89.9	66.6	101.7	118.4	104.7	84.1	78.2	79.2	80.1	111.3	103	56.8	83.2	84.6	918.2	916.1	562.9	566.8
Gng11	970.1	769.8	1325.7	1405.1	704.3	643.9	582.4	690.3	444.6	289.9	326.1	731.9	243.4	282.4	231.6	343.1	232.6	32	174.8	59	8.8	3.9	84.5	82.8
Mctp2	42	79	47.3	51.1	11.4	167.5	75.9	111.6	66.7	70.8	101	37.6	177.2	129.1	150	164.9	391.3	110.6	254.4	274.5	1372.6	1429.8	26.2	10.4
Gtf3c1	550.1	797.6	823.1	720.5	557.7	707.1	568.4	705	431.3	545.7	846.6	841	761.4	576.6	515.6	658.8	805.6	852.7	605.2	882.4	1368.6	1425.8	591.8	729.2
Cntrob	290.8	328.6	461	257.6	272.4	358.3	595.4	423	489.8	557.9	295.4	19.7	333.6	435.7	493.7	449.3	342.8	762.5	432.8	502.8	547.4	509.7	112.7	154
Troap	31.5	22	24	53.2	184.5	97.5	86.9	88.1	232.1	351.1	554.9	247.8	165.2	181.2	168.9	162.9	180.5	227	244.9	97.5	448	388.4	248.9	223.9
Alas1	187.9	208.6	107.3	189.1	308.9	149.6	28	105.7	177.7	118.4	71	102.9	158	643.4	179.1	289.4	163.5	254.7	117.7	378.3	971.6	920	19722.7	19399.2
Pdxk	717.1	755.9	521.7	555.3	464	602.7	268.7	555.2	495	567.5	790.5	538.6	589	568.5	556.4	693.2	370.7	390	460.1	610.5	848.2	843.3	1509	1428.1
Srxn1	234.1	204.2	265.4	179.3	115.1	207.3	133.9	105.7	173.5	80.3	64.3	191.5	104.5	3.7	45.1	85	77.5	0	28.5	71.8	27.1	33.7	174.5	152.7
Cdv3	2148.1	1991.2	1228.3	1414.9	2426.6	1583	2008.9	2489.9	3567.4	2434.5	2372.2	2604.5	2580.1	2964.4	2625.9	1923.7	2614.4	2697.9	2363.6	3040.9	1400.4	1277.9	440.2	631.5
Slc10a3	281.4	357.8	420	415.1	611.3	402.3	679.3	506.2	374.8	700.8	316.3	378.5	415	388.1	419.4	308.6	462.8	478.7	570.7	420.7	620.6	563	815.2	743.5
Arap1	1715.5	1462.1	1562.2	1576.8	1164.7	1599.5	1282.6	1286.6	1091.6	1253.3	1001.4	999.4	1391	796.7	786.5	958.3	978.9	991	859.6	1310.7	2754.7	2601.1	1494.9	1120.7
Fanca	15.7	122.2	91.8	27.2	123.7	173	92.9	320.2	235.2	487.2	326.1	202.2	336	504	196.6	295.5	305.3	91.7	293.7	210.3	423.3	395.4	493.8	420.6
Igdcc4	334.9	202.7	267.5	91.3	252.4	85.1	107.9	99.9	35.9	171.5	89	22.4	2.4	0	32	48.6	64.2	87.3	146.2	32.1	19.1	19.6	22.1	15.5
Ppp1r9a	2006.3	2477.1	2010.5	2208.2	1053.2	1274.1	1156.8	1530.4	419	650.5	1088.9	1044.1	759	498.8	766.1	924.9	926.8	826.5	1656.2	782.3	58.1	55.6	12.1	21.4
Pwp2	300.3	303	317.7	231.5	265.3	270.5	180.8	207.6	153	145.6	303.6	372.2	229	134.2	215.6	490.8	235	212.5	220	256.5	913.5	896.5	1148	1161.5
2410131K14Rik	46.2	61.5	76.9	46.7	84.4	35.7	31	37.2	0	16.3	3.7	40.3	27.9	27.9	35	42.5	37.6	120.8	7.1	43.6	183	217.7	142.9	146.2
Prr5l	107.1	232.7	215.3	180.4	206.6	388.5	179.8	143.9	1	29.9	50.1	117.2	121.3	17.6	42.2	75.9	71.5	37.8	99.9	56.4	38.2	46.2	0	0
Abcc10	143.8	138.3	109.4	79.3	16.4	130.4	66.9	102.8	138.6	111.6	69.5	24.2	55.1	48.4	71.4	61.7	26.7	7.3	52.3	66.7	79.6	67.3	129.5	66
Zswim6	464.1	673.2	345.2	374.9	386.1	225.2	270.7	320.2	334.8	219.1	228.8	202.2	113.3	190	235.9	230.7	305.3	311.4	237.8	405.3	19.9	27.4	20.8	36.2
Abcc4	537.5	564.2	522.4	549.9	454	560.2	559.4	620.8	556.6	404.2	412.8	526.1	988.8	677.8	549.1	951.2	497.9	384.2	390	489.9	388.3	381.3	1489.6	1454
Pkd1	583.7	375.4	506.9	552.1	258.8	233.4	202.8	295.7	192	220.5	276.7	240.7	246.6	322.8	225.7	218.6	500.3	299.8	284.2	452.7	814	873.8	390.5	290.5
P2ry2	73.5	89.3	52.2	78.2	171.6	74.1	39	48	65.7	108.9	134.6	94.8	225.9	246.5	300	197.3	166	147	133.2	162.9	66.8	39.9	432.8	298.9
Rag2	4.2	0	0	0	0	0	0	12.7	0	39.5	0	0	0	11	0	0	64.2	171.7	167.6	137.2	623.8	613.9	40.3	22.6
Fbxw8	263.5	104.6	111.5	134.8	343.2	195	72.9	145.9	143.8	205.5	140.6	328.4	130.9	286.1	218.5	87	187.8	100.4	121.3	243.7	704.2	672.6	1566.7	1296.1
Psmf1	469.3	292	545.7	619.4	451.9	567	292.7	386.8	329.6	352.5	584.8	497.5	271.3	382.9	361.2	372.4	333.2	472.9	431.6	446.3	795.7	808.8	712.6	770
Smap2	941.8	1195.7	1025	852	1933.3	1569.3	1379.5	1050.6	2321.8	2068.4	2085.7	2526.6	1444.5	1068.8	1074.8	1302.4	1710.6	2242.4	1928.5	1251.7	1507.9	1552.7	302.6	303.5
Cyb5r4	602.6	770.6	748.3	843.3	1083.2	783.9	865.1	799	1174.8	1224.7	1124	1040.5	1058.2	1207.5	1105.4	1270	1394.4	1167	1080.8	1041.4	903.1	952.9	1648.6	1858.4
Arhgef17	298.2	202	115.8	160.8	178.7	137.3	17	112.6	1	31.3	38.1	101.1	4	0	7.3	8.1	31.5	34.9	26.2	60.3	18.3	7.8	14.1	16.2
Acsl3	1650.4	1463.6	1182.4	1040	651.3	1256.2	1181.7	1239.6	1026.9	975.7	533.2	639.7	1290.5	888.4	1109.8	833.9	688.1	995.3	837	774.6	300.8	240.4	278.5	213.5
Rangrf	352.8	396.6	497	278.2	173	350.1	307.7	222.3	277.3	298	376.2	448.2	310.4	333.8	399.1	242.9	282.3	152.8	246.1	228.3	0	0	0	0
Nfyc	297.1	477.9	397.4	379.3	661.4	770.2	557.4	363.3	603.8	402.8	584.1	519.8	488.4	520.8	578.2	653.7	529.4	414.7	586.1	609.2	461.5	456.5	386.5	356.5
Fbxo21	382.2	453	610.6	570.5	495.5	293.8	362.6	626.6	160.2	341.6	362.7	390.1	486	251.6	617.5	430.1	404.6	624.3	375.7	389.9	894.4	957.6	475.7	594
Slc16a1	296.1	245.1	231.5	245.6	349.6	289.7	338.6	378.9	558.6	321.2	210.9	216.5	308.9	446	295.7	105.2	229	133.9	109.4	428.4	3126.3	3099.1	4838.4	5080.2
Atg12	795.8	980.6	1054	1197.6	734.3	556	578.4	702	1091.6	872.3	666.3	696.1	777.3	921.4	863.7	772.1	851.7	737.8	1016.5	822.1	657.2	649.9	1887.5	1683
Lrig2	534.4	422.2	446.9	335.8	175.9	308.9	530.4	256.5	268	363.3	356.7	411.6	387.9	514.2	269.4	574.8	308.9	307	487.5	242.4	320.7	354.7	254.3	314.5
Hspa13	220.5	286.9	278.1	193.4	150.1	502.5	558.4	359.3	365.6	336.1	373.9	583.3	450.9	492.2	537.4	318.8	143	641.7	248.5	384.8	483.8	470.6	1760	1916.6
Camkv	0	0	4.9	1.1	0	26.1	0	0	0	0	0	0	0	0	0	0	0	0	32.1	0	366	306.9	0	0
Nup93	194.2	178.6	441.9	193.4	704.3	351.5	537.4	555.2	790.7	729.4	842.1	589.6	600.1	981.5	604.4	788.3	461.6	617	693.2	434.8	2005.2	2014.7	2100.8	1996.2
Rasgrp2	700.3	744.2	425.7	786.8	736.4	534.1	424.6	487.6	640.8	529.4	715.7	822.2	571.4	925.8	753	985.6	1186	828	990.4	775.9	3127.9	3260.4	2197.5	2214.9
Ap4b1	367.5	192.5	215.3	380.4	271.7	162	136.9	112.6	268	84.4	115.9	179.8	329.6	222.3	266.5	179.1	237.4	106.2	146.2	189.8	34.2	36	38.9	42.1
Pebp1	4273	3891.6	3329.9	3415.5	4434.3	4404.4	3425.4	3304.6	4709.3	3960	4115.4	4595.2	4174.7	5061	4398.4	4106.5	4381.9	3777.6	3935.4	4355.5	1346.3	1378.9	2108.9	1969.7
Ift57	422.1	343.2	237.9	299.9	519.8	317.1	355.6	296.7	269	306.2	277.4	395.5	587.4	560.5	409.3	358.2	467.6	557.3	531.5	438.6	549	513.6	430.8	466.5
Fkbp1a	2904	2997.4	3919.3	3964.3	3316.8	3144	3475.3	3325.1	1656.4	1638.4	2150.8	2805.8	3403	3406.8	4466.8	3944.6	3165.6	3359.9	4060.2	3687.3	3345.9	3568.1	4121.1	4181.4
Fam207a	263.5	220.3	186.4	253.2	333.9	107.1	52.9	171.3	205.4	181	253.5	366.8	85.4	212	151.5	293.5	193.8	33.5	208.1	279.6	490.9	461.2	507.3	570.7
Chpf	26.2	34.4	3.5	0	34.3	12.4	55.9	48	27.7	13.6	17.9	49.2	27.1	4.4	16	0	17	125.1	48.7	83.4	104.2	116.7	130.8	133.9
Foxj3	543.8	742	986.9	858.5	860.8	800.4	921	1200.4	620.2	835.5	600.5	363.2	564.2	701.3	1150.6	603.1	736.6	938.6	1036.8	615.6	557.8	480.8	219.4	414.1
Mycbp2	4150.2	5849.9	4209.5	5280.3	4906.9	3884	4550.2	3902.8	3354.8	3758.6	3925.4	4003.8	4077.3	4155.7	3444.4	3997.2	3762.9	4940.2	4910.3	3021.6	1039.2	977.2	439.5	366.2
Ogfod1	126	248.8	251.3	411.9	303.9	127.7	344.6	283	199.2	244.9	275.2	293.5	312.8	195.9	307.3	354.2	103	481.7	271.1	325.8	125.7	140.9	250.3	268.5
Trim33	1213.7	1219.9	1042.7	822.6	1038.9	991.3	1271.7	1520.6	1211.7	891.3	1281.8	1356.4	609.7	1315.3	1240.9	1163.7	1348.4	1539.5	998.7	1077.3	188.6	224.7	154.3	252.4
Nfatc1	674	513.7	780.1	470.5	1001	648	535.4	585.5	583.3	521.2	424.8	588.7	953.7	327.2	722.4	733.7	1006.7	848.4	951.2	829.8	2716.5	2661.4	875.6	883.3
Polr2f	707.6	517.4	467.3	481.4	500.5	744.1	727.2	572.8	1450	811	673.8	752.4	913	945.6	741.3	666.9	817.7	755.2	695.5	824.7	631.8	653.8	938	827
Gmppa	226.8	243	336.7	235.8	264.5	396.8	178.8	416.1	253.6	357.9	344.8	343.6	233	161.4	281.1	192.3	143	288.1	224.7	360.4	594.4	602.9	1200.4	1036
C330027C09Rik	141.7	77.6	120	210.8	478.3	378.9	258.7	302.6	878	613.7	340.3	280	265	676.4	477.7	350.1	599.7	452.6	537.4	516.9	765.5	795.5	504.6	315.1
Afap1l1	1023.6	1148.9	1286.9	1448.6	1179.7	989.9	1034.9	791.1	321.4	398.7	895.9	1176.5	867.5	520.8	827.2	981.6	1158.2	1327.1	1210.3	1112	352.5	269.4	329.4	451
Calhm2	262.5	247.3	482.2	473.8	169.4	491.5	582.4	268.3	548.4	551.1	534.7	310.5	316.8	398.3	586.9	561.6	616.6	1423.1	895.3	575.9	783	808.1	412	406.4
Micall1	472.5	206.4	275.3	210.8	283.8	263.6	176.8	174.3	170.5	115.7	270.7	392.8	363.9	5.1	167.5	241.9	161.1	104.8	262.8	200.1	167.9	148.8	74.5	84.1
Eif3l	433.6	812.3	928.3	774.8	1106.1	1032.4	1108.8	981.1	842	1079.1	768	1628.4	1482	1486.2	1220.5	1104	1200.6	894.9	1011.8	1582.6	2934.5	3089.7	5387.3	5533.1
Npat	290.8	330.8	383.3	399.9	466.9	402.3	737.2	437.7	491.9	606.9	445.7	331	371.1	416.7	521.4	392.6	367.1	739.2	336.5	391.2	594.4	584.1	648.2	721.5
Ankrd54	559.6	465.4	447.6	393.4	237.4	428.4	138.9	243.8	287.5	336.1	276.7	275.6	320	363.1	241.8	269.2	351.3	275	235.4	245	859.4	900.5	679.7	671.7
Pygb	380.1	617.6	405.9	421.6	247.4	392.7	268.7	333.9	234.1	242.2	370.9	596.8	372.7	231.1	352.5	411.9	374.3	213.9	278.2	439.9	1267.6	1455.6	972.2	947.3
Pfkm	409.5	391.5	524.5	508.6	228.1	376.2	440.5	473.9	518.6	334.8	263.2	553.8	560.2	234	244.7	210.5	305.3	397.3	388.8	325.8	309.5	319.5	205.3	237.5
Gas7	0	0	8.5	0	0	0	0	22.5	51.3	2.7	50.9	0	0	16.1	93.2	51.6	0	0	32.1	93.6	448.8	482.3	186.5	150.8
Entpd6	212.1	442	167.3	356.4	159.4	233.4	149.8	362.3	322.4	176.9	225.1	113.6	537.1	238.4	202.4	199.4	187.8	110.6	283	207.8	416.9	455.7	896.4	872.9
Senp1	1068.8	1176	738.4	1406.2	1442.1	1238.4	753.2	1333.6	1063.9	1340.4	2105.9	1565.7	1338.4	1696	1471	1687.9	1726.4	1366.4	1311.4	1564.7	1480	1402.4	1438.6	1575.6
Clec1a	925	688.6	610.6	627	322.5	175.7	292.7	142	14.4	47.6	26.2	4.5	0	0	0	0	0	0	2.4	0	15.1	5.5	4.7	0
Tbc1d4	897.7	733.2	701	499.9	1119.7	972	970	899.8	959.1	589.2	495.1	617.3	710.3	682.2	901.5	479.7	837.1	880.4	730	504	654.1	563	310	225.2
Triobp	113.4	290.5	264	328.2	110.1	285.6	381.6	183.1	152	122.5	243.8	206.7	418.2	110.8	230.1	215.5	287.1	120.8	321	355.3	1532.5	1450.9	1193.7	1071.5
Apmap	715	593.5	829.5	590.1	356.1	723.5	1458.5	668.7	1093.6	740.3	791.2	505.5	457.3	833.4	866.6	560.6	637.2	998.2	819.2	682.3	1063.1	1028.9	1759.3	1941.9
Nol12	269.8	295.6	249.2	218.4	343.2	83.7	230.8	163.5	442.6	157.9	302.1	382.9	279.3	452.6	161.7	298.5	81.2	129.5	231.8	391.2	532.3	490.9	514	513.8
Cdc14b	451.5	199.8	446.9	304.3	27.9	227.9	157.8	124.4	144.8	17.7	38.1	45.6	193.9	156.3	94.7	85	52.1	129.5	178.3	70.5	82.8	86.9	35.6	23.3
Lss	133.3	257.6	113.7	117.4	103	193.6	17	224.2	105.8	87.1	152.6	74.3	15.2	26.4	97.6	94.1	56.9	197.9	88	55.1	253.8	270.9	159.7	280.2
Slc7a6os	159.6	354.2	142.6	142.4	246	227.9	46	191.9	390.2	205.5	168.3	85.9	212.3	190	230.1	199.4	210.8	248.8	230.7	283.4	333.4	362.5	263	286.7
Rnf125	765.4	856.9	350.8	531.4	350.3	606.8	394.6	486.6	607.9	269.4	364.2	368.6	200.3	319.8	419.4	316.7	145.4	129.5	134.4	120.6	36.6	40.7	423.4	471.1
3830406C13Rik	585.8	480.8	525.9	404.3	437.6	690.6	518.5	417.1	508.3	488.5	449.5	445.6	353.5	600.8	397.6	395.7	442.2	538.4	437.5	264.2	369.2	307.7	528.1	577.8
Slc35d2	179.5	286.9	245	134.8	154.4	85.1	111.9	144.9	66.7	84.4	168.3	82.3	16.8	90.2	32	118.4	94.5	80	140.3	183.4	44.6	48.5	14.1	30.4
Atg9a	0	30.7	9.9	0	0	0	0	37.2	0	0	15	27.7	4	0	0	16.2	12.1	33.5	10.7	2.6	194.9	247.4	403.3	479.5
Ybey	182.7	226.9	273.2	293.4	169.4	100.2	203.8	240.9	171.5	206.8	169.8	284.5	313.6	105.6	247.6	281.3	104.2	88.8	153.4	152.6	96.3	100.2	142.9	192.8
Gga1	297.1	348.3	444	252.1	265.3	531.3	391.6	291.8	195.1	420.5	243.8	132.4	481.2	291.2	230.1	269.2	196.3	205.2	329.3	243.7	1289.8	1287.3	1149.4	926.6
Slc22a15	199.5	196.1	278.8	316.2	258.1	258.1	407.6	346.6	82.2	83	145.8	126.2	268.9	145.2	168.9	154.8	219.3	55.3	123.7	92.3	54.9	39.9	90.6	126.2
Phldb2	111.3	100.3	120.7	222.8	130.1	118.1	45	93	5.1	0	53.8	0	150.8	41.1	214.1	127.5	1.2	0	0	16.7	0	3.9	0	5.8
Abhd10	431.5	177.8	201.2	292.3	236.7	465.4	414.6	236	359.4	209.6	187	165.5	468.5	397.6	201	264.1	264.1	171.7	203.3	288.6	177.4	171.5	173.1	172.8
Cnppd1	1445.7	808.6	1465.5	1525.7	1103.2	1061.3	915	1208.3	980.7	1011.1	2096.2	1886.9	1395	1202.3	1168	2024.9	918.3	953.1	1687.1	1699.4	1488.8	1524.5	1144.7	1041.8
Atp1a1	2493.5	2412.7	2187.7	2368	1881.1	1672.2	2525.3	1872.1	2042.5	1377.1	2152.3	2271.6	1939.3	2596.9	1572.9	2653.3	2115.2	1405.7	2423.1	2384.2	3471.6	3730.2	2604.7	2659.5
Dis3	376.9	587.6	288	572.7	446.1	380.3	356.6	516	366.6	336.1	471.1	719.3	258.6	928	483.5	426	682.1	675.2	565.9	529.7	812.4	761.1	1030.6	1051.5
Mgll	74.5	26.3	161	32.6	10.7	119.4	48.9	134.1	240.3	89.8	85.3	93	0	40.3	39.3	17.2	13.3	0	14.3	132.1	31	47	20.1	16.8
Tmed7	763.3	771.3	755.3	474.9	461.2	726.3	737.2	706.9	587.4	898.1	166	178	699.9	762.9	951	345.1	898.9	1220.9	234.2	793.9	2951.3	2810.2	5643.6	5888.3
Mzt1	1048.8	749.3	1143.6	785.7	1119.7	928.1	1383.5	892	1937.7	1431.6	1065.7	454.5	955.3	959.5	1018	792.4	947.4	1180.1	450.6	509.2	972.3	1003.8	885.7	890.4
BC016579	44.1	0	69.9	53.2	0.7	20.6	12	41.1	201.3	47.6	43.4	88.6	88.6	162.9	81.6	76.9	72.7	326	164.1	96.2	13.5	11	0	3.2
Tie1	1007.9	975.5	1112.6	1718.1	878.7	615.1	854.1	686.4	391.2	556.6	691	539.5	417.4	352.1	365.6	670.9	208.4	42.2	197.4	97.5	1.6	7.8	247.6	127.5
Lpcat2	0	41.7	46.6	17.4	0	19.2	12	2	46.2	55.8	61.3	63.5	131.7	112.2	139.8	109.3	123.6	106.2	189	130.8	420.1	429.9	327.4	308
Mamdc2	466.2	414.9	225.9	322.8	235.2	166.1	78.9	244.8	62.6	65.3	52.3	0	58.3	0	75.7	28.3	9.7	5.8	0	20.5	9.5	0.8	0	0
Ttc28	1125.5	1222.8	873.2	853.1	722.1	814.1	792.2	884.2	763	538.9	458.4	510.9	663.2	581	466.1	454.4	529.4	467.1	567.1	406.6	160.7	165.2	40.9	15.5
AA467197	0	0	28.2	26.1	0	6.9	0	18.6	0	0	0	7.2	37.5	0	2.9	31.4	150.2	234.3	316.3	180.8	62.9	67.3	1.3	0.6
Eefsec	190	129.5	153.2	156.5	102.2	140	66.9	125.3	178.7	202.8	113.7	181.6	208.3	152.6	136.9	178.1	83.6	244.5	141.5	188.5	952.5	995.2	813.9	910.4
Rac2	2034.7	1479.7	2342.3	1959.3	1586.5	1782.1	1952.9	2469.4	1620.4	2079.3	2590.5	3571.7	2935.3	2375.3	2534.2	3003.5	2684.6	3229	3383.7	3317.9	15301.3	15745.4	9812.4	9409.1
Ttf2	478.7	591.3	707.3	576	1011.7	498.4	602.4	614.9	776.3	979.8	1773.9	1252.6	609.7	937.5	1096.7	935	858.9	915.3	655.1	538.7	770.2	774.4	518.7	404.4
Scaf11	2347.6	3533.8	2446.8	2357.1	3058	2684.1	2746.1	3029.4	3086.8	2887.6	3492.4	3115.4	2632	3170.5	2936.1	3175.5	3115.9	2834.6	3434.9	3459	1510.2	1563.7	1333.9	1250.1
Trim45	50.4	102.5	115.1	163	1.4	76.9	132.9	84.2	25.7	83	18.7	0.9	130.9	38.1	186.4	61.7	44.8	82.9	47.6	148.8	37.4	37.6	367	407
Arid2	1932.8	1989.7	2090.3	1895.2	1986.2	1839.7	2715.1	2031.7	2567.2	2273.9	2289.1	1633.7	2185.9	2400.3	2419.1	1918.7	2264.3	2226.4	2254.2	1891.7	1289	1172.2	853.5	828.9
Szt2	164.8	188.1	162.4	243.4	195.9	137.3	407.6	301.6	186.9	270.8	201.9	459	415	294.2	378.7	164.9	214.4	240.1	319.8	277	271.3	275.6	39.6	126.2
Ttll4	446.2	494	398.1	479.2	296.7	517.6	679.3	444.5	395.4	445	309.6	110.9	386.3	330.1	343.7	416.9	311.3	385.6	473.2	454	252.2	300.7	272.4	476.9
Slc35a4	332.8	488.1	696.1	625.9	532.7	451.7	1045.9	749	572	755.3	966.2	1310.7	324	534.8	785	631.5	634.8	603.9	613.5	822.1	2504.9	2652.8	3900.4	3745.2
Rpgrip1l	206.8	108.3	120	204.3	301.7	318.5	218.8	167.4	223.9	206.8	332	224.6	52.7	515	193.7	413.9	123.6	318.7	209.3	260.4	94.7	99.4	156.3	132.6
Wdr3	1490.8	1372.1	1614.5	1452.9	1503.6	1278.2	1147.8	1641	1279.5	1603	1667.7	1935.2	1897.8	1071	1875.9	1367.2	1404.1	1414.4	1813.1	1919.9	979.5	1208.2	1727.8	1795
Kctd17	0	0	2.8	0	0	0	0	3.9	0	0	0	0	0	0	0	2	60.6	0	0	0	150.4	164.4	185.9	143.6
Noc4l	467.2	472	538.6	545.5	747.9	924	565.4	953.7	872.9	1072.3	849.5	1055.7	550.7	574.4	694.7	844	478.5	769.8	829.9	974.7	1354.3	1366.3	1839.1	1577.6
Ptprf	40.9	78.3	19.8	26.1	0	16.5	23	42.1	75	10.9	35.1	0	93.4	13.9	42.2	26.3	66.6	11.6	17.8	61.6	997	943.5	5.4	0
Lpp	872.5	817.4	861.9	838.9	337.5	692	643.3	567.9	153	194.6	287.2	374.9	500.4	519.4	454.4	354.2	867.4	1225.2	514.8	374.5	525.2	523	51	91.9
Mif	2002.1	1454.1	3222.6	2768.9	2571.8	2224.2	3691.1	2722	2295.1	3606.2	3732.5	4999.6	2407	2856.6	4069.2	4472.8	2330.9	3063.1	3558.5	5136.5	938.1	992.1	1044.7	964.1
Fbxl8	51.4	118.5	88.9	27.2	10.7	98.9	21	79.3	180.7	47.6	119.7	83.2	123.7	94.6	40.8	109.3	113.9	42.2	69	59	241.1	220	93.3	113.2
Gstt2	354.9	416.4	595.8	393.4	707.1	383	539.4	487.6	386.1	409.6	222.9	342.7	323.2	257.5	388.9	363.3	434.9	366.7	250.9	445	293.6	330.4	432.1	310.6
Fem1c	717.1	810.1	969.2	1222.6	717.1	701.6	819.1	930.2	526.8	741.6	910.9	1149.7	739	792.3	777.7	885.5	798.4	845.4	971.4	713.1	709.8	685.1	682.4	550.7
Ctdp1	193.2	293.4	251.3	102.2	213.8	355.6	167.8	211.5	590.5	517.1	299.9	527	442.9	275.1	307.3	255	338	199.4	254.4	311.7	1336	1316.2	1131.9	1300.6
Kdm4a	938.6	1233.8	934.7	791.1	784.3	727.7	521.4	554.2	825.6	417.8	679	588.7	845.9	723.3	601.5	935	1058.8	528.2	775.2	686.2	490.2	484.7	149	229.7
Dnm2	541.7	554.7	731.3	667.2	474.7	513.5	544.4	517	705.5	532.1	489.1	867	641.6	704.2	725.3	605.1	385.2	803.2	564.7	810.6	2697.4	2959	2680.6	2926.7
Chst2	105	199.8	111.5	84.8	0	15.1	5	25.5	0	0	20.9	3.6	0	2.2	5.8	0	12.1	2.9	20.2	16.7	27.8	21.9	0	0
Map2k4	344.4	434.7	458.9	365.1	211.6	615.1	656.3	494.5	600.7	364.7	585.6	350.7	691.9	406.4	552	762	591.2	398.7	583.8	483.5	779.8	826.1	1256.1	1440.4
Rtp4	448.3	649.8	703.1	680.3	506.9	376.2	172.8	300.6	203.3	228.6	357.5	327.5	602.5	314	547.6	589	510	886.2	884.6	679.7	165.5	166	14.8	21.4
Pus7l	162.7	298.6	125.7	255.4	319.6	276	290.7	281	234.1	221.8	308.9	151.2	363.1	301.5	356.8	154.8	218.1	103.3	284.2	103.9	233.9	232.6	353.6	431.6
Usp37	704.5	766.2	1121.7	1145.4	1288.4	928.1	843.1	1410	1171.7	1352.6	1139.7	789.1	1318.4	1535.4	1406.9	1574.6	978.9	1511.9	1372	1053	664.4	682	606.6	671.7
Ipo13	207.9	264.9	252.7	168.4	289.6	197.7	270.7	143.9	87.3	246.3	94.2	225.5	110.9	270	177.7	232.7	242.3	103.3	170	259.1	794.1	846.4	907.2	945.4
Fntb	236.2	180.8	300.7	286.9	52.2	196.3	307.7	183.1	149.9	262.6	267	372.2	259.4	220.8	151.5	311.7	325.9	216.8	273.5	343.7	202.1	212.2	224.1	155.9
Atp6v0b	880.9	668.1	865.5	736.8	822.2	1053	687.3	869.5	817.4	884.5	839.1	875.9	909	1087.9	744.2	800.5	562.1	590.8	825.1	942.7	973.1	1043.7	1950.5	1723.1
Trappc8	506	313.2	555.6	579.2	340.3	473.7	927	662.9	476.5	747.1	208.6	70.7	399.8	517.9	700.5	312.7	591.2	880.4	255.6	323.2	841.9	768.9	782.4	882
Frrs1	2303.5	2040.2	2661.4	2467.9	1646.6	2077.2	2124.7	1922	2082.5	2310.7	2428.2	2515.9	1080.6	2342.3	1388	1533.1	792.3	966.2	1137.8	945.2	283.3	260	2418.9	2078.4
Clasp2	750.7	708.4	751.8	812.9	367.5	573.9	632.3	557.1	994	464	424.8	670.1	598.5	777.6	658.3	513.1	653	702.8	757.4	763.1	755.9	660.9	579.7	586.2
Spg11	232	326.4	240	357.5	381.8	281.5	164.8	275.1	225.9	209.6	280.4	247.8	430.2	275.1	192.2	378.5	646.9	323	354.3	286	380.3	475.3	318.7	212.9
Agl	378	608.8	643.1	623.8	536.9	686.5	380.6	493.5	390.2	293.9	448	589.6	470.1	220.8	237.4	473.6	278.6	350.7	307.9	261.6	205.3	200.4	475.1	496.3
Ctdspl2	367.5	585.4	532.3	446.6	622	433.8	557.4	475.9	747.6	998.8	433	561	837.2	471.7	511.2	631.5	676	822.2	694.3	461.7	1059.9	967	1039.3	885.2
Gucd1	161.7	156.6	217.4	92.4	243.1	111.2	252.7	134.1	290.6	153.8	114.4	127	26.3	200.3	192.2	270.2	146.6	235.7	203.3	253.9	516.4	528.5	425.4	376.6
Cacul1	904	764	1155.6	1247.5	497.6	1221.9	934	905.7	1002.2	873.6	1026.8	1163.1	1003.2	683	962.7	940.1	954.6	851.3	929.8	1300.5	532.3	460.4	603.2	611.5
Eri3	103.9	103.2	91.1	27.2	97.2	130.4	68.9	43.1	97.6	77.6	153.3	53.7	76.6	82.2	109.2	86	117.5	103.3	136.7	156.5	1096.5	1229.3	1729.1	1920.5
Upb1	0	0	2.8	32.6	0.7	0	0	19.6	0	92.5	34.4	0	0	0	14.6	0	0	0	21.4	75.7	738.4	786.1	6	5.2
Mcee	435.7	304.4	433.4	493.4	447.6	306.2	373.6	168.4	403.6	349.7	418.8	267.5	500.4	315.4	346.6	292.5	185.4	309.9	410.2	256.5	144	103.4	402.6	358.5
Terf2ip	338.1	353.5	458.2	380.4	302.4	265	236.7	377	287.5	269.4	182.5	484	301.7	228.9	364.1	290.4	324.7	238.6	268.7	312.9	471.1	411.1	438.8	454.2
Gtpbp6	213.1	215.9	253.4	183.7	174.5	42.6	99.9	322.1	187.9	122.5	154.8	318.5	187.5	193.7	212.6	159.9	244.7	209.5	211.6	147.5	72.4	89.3	42.3	40.1
Armcx2	2407.4	2155.1	2016.1	1937.6	1863.9	1554.2	1418.5	1164.2	923.2	915.8	1188.3	1591.7	1587.4	1456.2	1134.6	1616.1	1470.7	762.5	1487.4	1123.5	296.8	357	271.7	291.2
Trmt13	531.2	453	497	517.3	279.6	630.2	248.7	343.7	397.4	692.7	362	289.9	357.5	307.4	393.2	451.3	283.5	382.7	519.6	354	70.8	97.9	45.6	42.1
Specc1l	1894	2166.8	1532.6	2215.8	1498.6	1750.5	1776.1	1664.5	1835	1479.2	1877.1	1930.8	1873.9	1517.1	1093.8	1132.4	1307.2	1111.7	1592	1018.3	1310.5	1194.1	519.3	463.3
Lpar6	1348.1	1201.6	1756.4	1672.5	399	601.3	822.1	627.6	498	259.9	277.4	229.9	456.5	545.8	525.8	504	627.5	908	774	529.7	187	219.2	499.2	377.9
Tagap	374.8	447.1	244.3	195.6	290.3	221	166.8	167.4	237.2	125.2	158.5	104.7	426.2	271.4	231.6	271.2	310.1	369.6	234.2	350.1	263.4	288.9	288.5	337.8
Zbtb1	590	626.4	474.4	236.9	645.6	550.5	455.5	619.8	597.6	896.8	649.9	635.2	484.4	689.6	553.4	459.4	605.7	490.4	600.4	536.1	957.2	944.3	1092.4	1382.8
Armcx1	404.2	492.5	437	534.7	196.6	634.3	242.7	321.2	300.9	287.1	368.7	102.9	680	526	378.7	230.7	490.6	247.4	348.4	173.1	93.1	78.3	68.4	88
Crlf2	1258.8	1234.5	1126.7	782.4	1018.8	598.6	549.4	887.1	910.8	752.5	1057.4	1232	1078.2	910.4	683.1	1243.7	651.8	852.7	1141.4	1137.6	623	549.7	428.8	416.1
Cysltr2	37.8	261.2	182.1	70.6	128	193.6	64.9	82.2	28.8	32.7	35.1	34	43.9	90.2	45.1	64.8	72.7	56.8	149.8	56.4	14.3	27.4	0	12.3
Fam160b1	621.5	1419.7	906.4	986.7	1257.6	1198.6	718.2	929.2	893.4	752.5	895.2	769.4	1420.6	1302.1	753	755.9	1087.9	657.7	1071.2	531	829.1	901.2	651.5	492.4
Fndc3a	545.9	597.1	494.2	733.5	790.8	601.3	293.7	280	601.8	567.5	554.9	344.5	457.3	531.1	485	586.9	937.7	804.7	565.9	640	638.9	714.1	656.9	481.4
BC026585	339.1	210	316.3	480.3	200.9	394	330.6	228.1	169.4	190.5	260.2	169.1	313.6	150.4	171.9	166	277.4	350.7	338.8	253.9	148	188.7	338.2	240.1
Larp4b	3216.9	3119.6	2652.2	2887.4	3204.5	3483.1	3476.3	2818.9	4290.3	3644.3	3197.8	2757.5	2731.8	3066.4	3431.3	2682.7	4063.3	2786.6	3055.6	2808.7	1951.9	1853.4	1981.4	1630
Cdc14a	614.2	783.7	537.9	479.2	843	871.8	441.5	442.6	927.3	955.3	617	187	675.2	836.3	498.1	432.1	617.9	628.6	369.8	433.5	488.6	428.3	376.4	405.1
Ppip5k1	177.4	87.8	110.8	117.4	144.4	11	85.9	210.5	134.5	133.4	334.3	156.6	54.3	93.2	33.5	137.6	67.8	119.3	153.4	129.5	202.1	184.8	189.2	300.9
Ttc7b	244.6	415.7	328.3	532.5	243.8	405	375.6	243.8	228	217.7	272.2	353.4	257.8	154.1	263.6	425	361	344.9	400.7	298.8	685.1	772.8	768.3	686.5
Casp4	459.9	424.4	338.8	487.9	546.2	395.4	589.4	283.9	454.9	265.4	304.4	296.1	261	318.4	171.9	282.3	298	161.5	200.9	79.5	50.1	37.6	95.3	78.3
Idua	77.7	217.3	238.6	188	228.1	87.9	125.9	150.8	78	31.3	127.9	187	198.7	121.8	182.1	128.5	284.7	103.3	185.5	182.1	370	364.1	451.6	447.1
Arhgef5	894.5	663.7	576	532.5	412.5	557.4	447.5	516	269	224.5	195.2	80.5	486.8	231.1	151.5	318.8	542.7	135.3	441.1	203.9	101.8	100.2	25.5	36.9
Gtf2a2	746.5	944.7	776.5	931.3	1071	1147.8	932	1111.3	1474.6	1276.4	1194.3	1196.2	1127.7	1295.5	741.3	1161.7	833.5	1137.9	1086.7	1305.6	647.7	663.2	665.6	686.5
Znrf1	944.9	888.4	954.4	963.9	875.8	678.2	1032.9	998.7	588.4	624.6	519.8	786.4	1189.9	977.1	1325.3	980.6	1853.6	1495.9	1297.1	1531.3	1838.1	1751.6	1272.8	1191.9
Dph5	1142.3	603	785.7	969.3	603.4	1027	569.4	802.9	600.7	747.1	851	1054.9	801.3	772.5	822.9	701.3	656.6	688.3	867.9	664.4	393.9	353.9	451.6	434.2
Fam20b	786.4	834.2	819.6	825.9	824.4	849.8	723.2	748.1	548.4	918.5	637.9	664.8	545.1	672.7	1102.5	820.7	540.3	883.3	614.7	705.4	780.6	649.9	1292.3	1118.8
Rbfox2	415.8	736.9	513.9	798.7	63.6	170.2	460.5	279.1	2.1	88.5	21.7	0.9	51.1	71.2	37.9	57.7	82.4	131	158.1	78.2	15.1	11.7	0	0.6
Myo6	441	484.4	358.6	340.1	42.9	324	203.8	192.9	29.8	73.5	189.2	212	125.3	67.5	59.7	99.2	276.2	82.9	78.5	97.5	73.2	47	0	0
Igf2bp2	591.1	632.3	434.9	524.9	324.6	179.9	187.8	146.9	32.9	138.8	149.6	167.3	157.2	69.7	101.9	22.3	9.7	5.8	26.2	38.5	43.8	26.6	43.6	45.9
Ndn	417.9	475.7	489.9	441.2	254.5	177.1	404.6	274.2	28.8	15	59.8	22.4	0	0	10.2	20.2	109	145.5	52.3	92.3	7.2	11	9.4	0
Reep4	696.1	335.2	563.3	673.8	596.3	517.6	620.3	687.4	652.1	875	983.4	824.9	366.3	592	572.4	985.6	598.5	612.6	827.5	622	1139.4	1230.1	697.1	722.1
Myo5c	262.5	264.2	307.1	369.5	303.9	145.5	92.9	160.6	32.9	40.8	95.7	34	0.8	15.4	27.7	28.3	94.5	78.6	36.9	46.2	10.3	18.8	0	0
Spata2l	37.8	2.9	9.2	22.8	24.3	0	45	6.9	0	1.4	17.2	0	23.9	0	0	14.2	0	10.2	1.2	20.5	84.3	102.6	82.5	100.3
Rfwd3	708.7	458.1	753.9	606.4	1131.8	908.9	1071.9	975.2	1227.1	1600.3	1834.5	2107.9	1501.2	1606.5	1351.6	1468.3	2072.8	1219.4	1570.6	1376.2	1149	1144	1358.7	1347.8
Pank1	333.9	885.5	499.1	665.1	1014.6	598.6	536.4	812.7	1077.2	1109.1	925.1	650.4	1434.9	1007.2	789.4	969.5	456.7	603.9	374.5	419.4	240.3	229.4	421.4	286
Pcgf3	957.5	840.1	874.7	1055.2	707.1	838.9	918	770.6	654.1	944.4	732.9	643.3	822	739.5	825.8	817.7	616.6	752.3	809.7	673.3	372.4	370.4	301.9	383.1
Pdpr	300.3	254.7	140.5	318.4	194.5	204.6	175.8	240.9	289.6	179.6	376.9	233.5	103	332.3	205.4	308.6	232.6	195	228.3	193.7	374.8	308.5	249.6	324.2
Pik3c3	451.5	584	350.8	448.8	651.3	510.7	410.6	272.2	543.2	378.3	555.6	553.8	508.4	446	423.8	510	599.7	253.2	485.1	363	579.3	645.2	777.7	728.6
Hacd3	638.3	393	994.7	1087.8	707.1	759.2	630.3	932.1	469.3	975.7	1124	1382.3	557	707.9	910.3	1123.3	541.5	580.6	815.6	893.9	950.9	857.4	1647.2	1888.2
AW554918	331.8	540.1	287.3	314.1	580.6	450.3	188.8	348.6	339.9	201.4	294.6	390.1	305.7	432.8	429.6	554.6	439.8	440.9	350.7	296.3	154.4	154.3	106.7	91.9
Vps8	122.8	131.7	51.5	115.2	91.5	120.8	47	148.8	47.2	59.9	156.3	93.9	81.4	68.2	94.7	58.7	63	21.8	103.4	125.7	649.3	679.6	660.9	661.3
Ddx19b	244.6	179.3	174.4	142.4	377.5	424.2	187.8	266.3	162.2	178.3	95.7	24.2	242.6	451.2	241.8	201.4	302.9	333.2	225.9	278.3	346.9	329.6	202.6	282.8
Zfp7	98.7	65.1	117.9	72.8	67.9	48.1	72.9	142	157.1	81.6	167.5	74.3	0	11.7	33.5	71.8	65.4	132.4	36.9	52.6	85.9	60.3	67.8	26.5
Cep350	1169.6	1525	1110.4	1370.3	1730.2	1003.6	1350.6	1201.4	1081.3	1219.3	1460.5	1110.3	1744.6	1635.9	1226.3	1663.7	1205.4	1266	1557.5	1517.2	490.9	501.9	651.5	555.2
Qsox1	1221	1289.4	2422.8	1934.4	1143.2	1254.9	2279.6	1156.4	658.2	906.3	1453.8	2210.8	948.9	941.2	670	1625.2	797.2	542.8	1493.3	192.4	773.4	735.2	856.2	642.5
Ucp2	722.3	493.2	996.8	904.1	945.9	838.9	1604.3	1565.6	1166.5	1601.7	1547.3	2328	952.1	1281.6	1358.8	1689	972.8	1300.9	1694.2	1855.8	30204.8	30923.1	12959.9	13002.2
Arhgap39	88.2	161.7	199.1	183.7	10.7	82.4	213.8	166.5	193.1	215	88.2	56.4	113.3	336.7	198.1	111.3	199.9	439.5	166.5	188.5	227.6	195.8	180.5	150.1
Acbd6	928.1	594.2	450.4	691.2	446.1	571.1	346.6	413.2	432.3	529.4	508.5	404.4	804.5	635.3	536	396.7	476.1	392.9	278.2	439.9	739.2	804.9	976.9	911.1
Fuk	87.1	57.8	76.2	111.9	178	45.3	175.8	177.2	146.8	65.3	85.3	63.5	23.1	91	88.8	171	49.7	87.3	246.1	134.7	130.5	151.1	271.7	198.7
Stard9	92.4	136.1	178.6	60.9	13.6	33	11	75.4	0	0	63.6	0	0	17.6	4.4	22.3	67.8	238.6	53.5	88.5	20.7	22.7	6.7	18.1
Smyd5	278.2	298.6	146.8	115.2	200.9	241.6	192.8	317.2	103.7	187.8	255.8	16.1	252.2	349.2	321.9	371.4	189	321.6	236.6	214.2	914.3	928.6	1472.1	1263.1
Lrrc24	165.9	188.1	226.6	106.5	188	149.6	252.7	185.1	306	163.3	231.1	518	245.8	139.4	198.1	204.4	96.9	234.3	79.7	277	428.9	375.1	361.7	377.2
Ccar2	137.5	93.7	45.2	76.1	58.6	75.5	19	64.6	50.3	47.6	94.2	65.3	136.5	58	53.9	92.1	61.8	65.5	110.6	19.2	2427.7	2469.6	1774.7	1699.9
Foxn3	769.6	1580.7	780.1	932.4	1056.7	1566.5	921	1231.8	1223	892.7	1074.6	1146.1	1249.8	639	792.3	756.9	809.3	1479.9	737.1	1010.6	1232.5	1268.5	499.9	607
Vav3	260.4	580.3	1149.3	1095.4	637	845.7	859.1	942.9	945.8	752.5	697	872.3	1347.1	957.3	1251.1	1813.4	1613.7	2265.7	2943.8	1480	572.1	608.4	1308.4	1282.5
Lrrc14	760.1	807.2	861.2	678.1	599.9	617.8	935	848.9	750.7	798.8	623.7	1164	841.2	587.6	725.3	648.7	402.2	529.7	588.5	722.1	618.3	631.1	681	652.2
Sf3b3	1968.5	2067.3	2604.2	1978.9	2987.9	2476.8	3057.8	3122.5	2535.4	2782.9	3538	4186.3	2801.2	2043	2470.1	2987.3	2316.3	2555.2	2608.5	2707.4	6116.6	5993.9	6444.7	6913.9
Spr	421	342.5	334.6	421.6	271.7	141.4	246.7	252.6	363.5	160.6	293.2	265.7	241.8	169.5	286.9	355.2	252	160.1	214	207.8	334.2	302.2	569	529.3
Fkbpl	40.9	0.7	9.9	8.7	60.8	5.5	26	10.8	0	6.8	2.2	16.1	12	0	4.4	35.4	7.3	1.5	14.3	7.7	46.2	41.5	90.6	73.8
Gadd45gip1	259.3	232	203.3	101.1	557	226.5	71.9	176.2	401.5	185.1	234.8	113.6	242.6	288.3	208.3	194.3	289.5	167.3	172.4	665.6	333.4	346.1	512.6	484.7
Mnd1	116.5	105.4	149	242.3	210.2	395.4	166.8	283	283.4	242.2	398.6	596.8	261.8	280.2	183.5	345.1	245.9	253.2	373.3	182.1	62.1	79.1	81.9	78.9
Rbm4b	385.3	325.6	542.9	460.8	325.3	553.3	506.5	452.4	351.2	390.6	421	243.4	336	214.9	396.1	233.8	569.4	745	398.3	357.8	227.6	200.4	113.4	114.5
Recql4	28.3	14.6	24	53.2	39.3	68.6	12	36.2	85.2	58.5	48.6	165.5	5.6	65.3	30.6	24.3	44.8	26.2	49.9	130.8	280.1	241.9	193.2	217.4
Mtss1l	201.6	244.4	281.7	322.8	120.8	57.7	111.9	96	1	21.8	68.1	68	34.3	0	8.7	9.1	17	0	5.9	5.1	18.3	30.5	0	0.6
D930015E06Rik	1360.7	861.3	1195.9	1233.4	1468.6	1168.4	714.2	1160.3	1462.3	1171.7	1526.3	1551.4	1492.4	1332.2	988.9	1793.2	1132.7	947.3	1408.9	1471.1	1513.4	1481.4	667.6	869.7
Exoc6b	420	618.4	507.6	1066.1	235.9	363.8	397.6	354.4	276.2	391.9	380.7	351.6	304.9	189.3	182.1	311.7	253.2	120.8	393.5	205.2	269.7	205.1	116.8	104.8
Rpap2	542.8	214.4	273.9	297.8	337.5	355.6	246.7	199.7	278.3	360.6	215.4	212	189.9	96.8	279.6	277.3	282.3	279.4	291.3	233.4	328.6	222.4	344.2	362.4
Asb13	336	217.3	286.6	235.8	98.7	159.3	230.8	313.3	254.7	119.8	213.9	57.3	89.4	51.4	109.2	162.9	118.7	110.6	181.9	64.1	152	157.4	133.5	100.9
Tubgcp5	337	315.4	137	380.4	334.6	406.4	243.7	269.3	222.8	266.7	368.7	202.2	285.7	462.9	377.2	170	431.3	430.7	448.2	220.6	1090.9	1065.7	308.6	350.7
Atp7a	332.8	530.5	353.7	573.8	333.9	310.3	384.6	362.3	169.4	323.9	333.5	260.4	31.1	203.9	316	243.9	196.3	775.6	414.9	214.2	346.1	313.2	122.8	132
Atp6v1h	537.5	518.1	662.2	498.8	207.3	745.5	666.3	514	548.4	713.1	501.8	649.6	412.6	239.9	648.1	488.8	496.7	871.6	479.1	620.7	1321.7	1356.9	2100.2	2178
Fam208b	215.2	329.3	183.5	328.2	318.2	374.8	170.8	263.4	451.8	408.2	192.2	291.7	233	163.6	289.8	384.5	209.6	356.5	221.1	348.8	254.6	352.4	240.9	166.3
Tmem87a	464.1	686.4	691.8	1141.1	444.7	929.5	461.5	661.9	431.3	555.2	603.5	446.5	598.5	522.3	482.1	596	825	548.6	664.6	357.8	80.4	87.7	80.5	104.2
Alg3	53.5	54.9	177.2	94.5	174.5	87.9	129.9	149.8	177.7	209.6	358.2	83.2	71.8	70.4	246.1	203.4	159.9	196.4	148.6	243.7	484.6	422.8	785	797.8
Tcea1	407.4	985	478.6	549.9	711.4	869.1	749.2	753.9	1458.2	680.4	903.4	999.4	988.8	740.2	1147.7	1039.3	856.5	985.1	775.2	774.6	359.7	354.7	505.2	463.9
Ppp1r16a	108.1	74.6	28.9	116.3	32.9	37.1	28	77.4	152	54.4	90.5	22.4	148.4	51.4	39.3	94.1	70.3	133.9	99.9	75.7	486.2	526.2	397.2	444.5
Dnah8	240.4	289.8	240	289.1	376.1	212.8	250.7	369.1	527.8	338.8	352.2	317.6	398.2	305.2	358.3	250	472.5	289.6	329.3	359.1	191.8	184	103.3	110
Mrpl15	661.4	777.2	694.6	721.6	796.5	840.2	896.1	759.8	708.6	800.2	1004.4	875.9	1183.5	836.3	926.3	1269	803.2	950.2	908.4	1129.9	1016.9	1052.4	1613.7	1529
Engase	148	71	83.3	53.2	42.9	146.9	62.9	123.4	13.3	57.2	112.9	93	35.9	16.1	74.3	55.7	65.4	27.6	51.1	80.8	210.9	198.1	274.4	318.4
Cdk10	365.4	198.3	200.5	204.3	243.8	177.1	123.9	119.5	86.3	182.3	332	114.5	220.3	118.1	119.4	107.3	169.6	209.5	187.9	214.2	175.1	194.2	246.2	287.9
Klf9	1623.1	1738.7	1130.2	1868.1	630.6	848.5	678.3	1178.9	865.7	481.7	747.1	621.8	479.6	986.7	725.3	578.8	365.9	443.8	267.5	546.4	53.3	61.9	373.1	353.9
Ppargc1b	281.4	300	344.5	370.6	413.3	367.9	327.7	389.7	194.1	451.8	423.3	345.4	415.8	145.2	438.4	301.6	336.8	407.4	243.7	318.1	191.8	191.1	104	105.5
Lgals3bp	1071.9	1249.2	1952.6	1651.8	1311.3	751	1291.6	1191.6	733.2	1203	1162.9	1767	1094.1	762.2	1294.8	952.2	855.3	1725.8	1479	1515.9	2170.7	2238.6	1830.4	1656.5
D3Ertd254e	429.4	523.2	301.4	491.2	323.2	376.2	208.8	470	344	295.3	210.9	154.8	38.3	250.2	221.4	234.8	403.4	296.9	159.3	80.8	59.7	61.1	125.5	98.4
Pxk	418.9	281.7	217.4	170.6	244.5	583.5	354.6	297.7	122.2	130.6	218.4	133.3	266.6	441.6	244.7	231.7	175.7	282.3	156.9	286	740	793.2	1064.2	1107.1
Map9	602.6	450.8	372	524.9	452.6	539.6	483.5	268.3	121.2	84.4	142.1	198.6	251.4	222.3	126.7	128.5	237.4	56.8	183.1	192.4	40.6	21.1	1.3	0
Mapkbp1	288.7	304.4	209	197.8	283.1	137.3	186.8	256.5	102.7	125.2	164.5	187.9	233	165.8	235.9	248.9	175.7	270.7	173.6	119.3	88.3	102.6	20.1	33
Ccp110	362.2	298.6	369.2	281.5	442.6	381.7	341.6	598.3	548.4	676.3	602.8	181.6	609.7	592	595.7	380.5	339.2	721.8	450.6	321.9	378	371.1	138.9	187.7
Zdhhc15	124.9	122.2	108.7	154.3	44.3	112.6	184.8	129.2	123.2	108.9	160.8	121.7	221.1	75.6	83	71.8	233.8	200.8	112.9	184.7	268.9	252.1	67.8	67.3
Usp36	1080.3	1603.3	1083.6	1078	928	897.9	1050.9	1243.5	1090.6	853.2	755.3	1080.8	1127.7	782	1015.1	1159.7	897.7	862.9	807.3	1149.1	635.8	610	401.9	309.3
Gucy1a3	1106.6	956.4	828.8	794.4	596.3	851.2	403.6	665.8	633.6	513	471.9	510.9	242.6	106.4	222.8	322.8	270.2	128.1	44	162.9	2.4	23.5	0	17.5
Chmp2a	1548.6	1015	1005.3	810.7	1042.4	1302.9	608.4	748.1	1188.1	1016.5	635.7	1162.2	1059	692.5	811.2	689.1	837.1	1089.9	739.5	825.9	910.3	908.3	928.6	1047.6
Gde1	484	425.9	317.7	252.1	162.3	195	217.8	281	292.7	293.9	248.3	321.2	247.4	560.5	281.1	390.6	311.3	218.3	256.8	363	460.7	537.1	975.6	849.6
Parl	611	548.1	472.3	453.2	772.9	472.3	610.4	587.5	911.9	560.7	439.7	515.3	502.8	659.5	445.7	776.2	747.5	708.7	570.7	709.2	801.3	799.4	2304.1	2077.7
Rbm34	1002.6	1441.6	855.6	1060.6	807.2	1302.9	876.1	1237.6	912.9	978.4	827.9	1056.6	727	815	1321	854.1	800.8	913.8	784.7	677.2	541.9	502.7	678.4	574.6
Vhl	328.6	270.8	474.4	232.6	120.8	376.2	408.6	364.2	250.6	336.1	271.5	258.6	417.4	228.1	439.8	212.5	279.9	496.2	378.1	422	625.4	643.6	707.2	655.5
Ndufb7	591.1	434.7	482.2	329.3	351.8	433.8	569.4	326.1	468.3	658.6	611	1012.8	536.3	749.7	377.2	456.4	524.6	698.5	488.7	746.4	1208.7	1140.8	1532.5	1347.2
Brk1	797.9	1175.2	1158.4	1016.1	1204	1219.2	1686.2	1202.4	1699.5	1136.3	1630.3	1486.1	1166.8	1467.2	1527.8	1536.1	1561.6	1542.5	1600.3	1467.2	2508.8	2382.7	2681.9	2434.9
Mga	4112.4	5832.3	4126.2	5220.6	4243.4	3899.1	4043.7	5114	3980.2	3446.9	4003.2	4686.5	4434.9	3594.6	4452.3	3527.7	4006.4	4695.8	4365.8	2661.2	806	708.6	580.4	583.7
Trim36	0	0	19.8	0	0	0	0	9.8	0	13.6	8.2	6.3	11.2	0	21.8	26.3	0	0	2.4	16.7	101.1	139.4	24.8	11.6
Aspm	65.1	107.6	98.8	182.6	556.3	742.8	488.5	311.4	776.3	525.3	931.8	511.8	735.8	690.3	196.6	226.7	958.3	756.7	568.3	442.5	1114	1119.7	194.6	249.8
Ppp3r1	2111.3	1757	2076.9	1946.3	1097.5	1405.9	1350.6	1317.9	1531.1	1385.3	1932.4	2182.2	1356.7	1307.2	1338.5	1689	1267.2	651.9	1530.2	1206.9	1230.2	1171.4	1778.8	1950.3
Tnks1bp1	97.6	126.6	123.5	59.8	86.5	48.1	24	141	52.4	51.7	0	27.7	60.7	2.2	17.5	57.7	47.2	97.5	65.4	16.7	128.9	136.2	2	27.2
9430020K01Rik	206.8	270	136.2	218.4	115.8	210.1	265.7	190.9	342	231.3	186.2	242.5	213.1	144.5	230.1	38.5	70.3	180.4	145.1	44.9	101.1	76.7	83.9	67.3
Zfp446	35.7	242.2	158.8	106.5	29.3	101.6	101.9	83.2	53.4	122.5	127.1	210.3	186.7	52.1	84.5	180.1	96.9	64	121.3	143.6	189.4	156.6	183.8	106.8
Zbtb41	312.9	217.3	376.3	243.4	333.9	122.2	624.3	476.8	180.7	254.5	299.1	233.5	298.5	223	323.3	195.3	358.6	75.7	243.7	210.3	194.2	208.3	107.4	228.4
Slc16a2	367.5	330.8	338.1	442.3	188.8	193.6	248.7	215.4	82.2	27.2	62.8	42.9	20	20.5	4.4	53.6	0	30.6	1.2	57.7	5.6	11	0	0.6
Rfc3	541.7	856.2	672.8	853.1	601.3	1153.3	700.3	816.6	861.6	896.8	1343.9	1788.5	962.5	983	779.2	1288.2	1291.4	787.2	1225.8	1006.8	803.7	736	817.9	640.6
Zfp944	276.1	135.4	148.2	255.4	57.9	61.8	146.8	221.3	121.2	141.5	151.8	108.3	186.7	183.4	125.3	208.5	106.6	190.6	217.6	139.8	157.5	140.9	134.2	153.4
Gria2	0	0	0	0	0	0	0	0	0	0	0	0	0	0	0	1	213.2	206.6	210.4	130.8	0	4.7	0	0
Coil	351.7	398.1	194.8	406.4	311	197.7	208.8	297.7	361.5	183.7	271.5	355.2	340	115.9	205.4	222.6	308.9	362.3	290.1	330.9	343.7	370.4	397.2	414.8
Tesk2	135.4	122.9	98.8	52.2	121.5	34.3	110.9	67.6	39	21.8	6	117.2	0	51.4	64.1	32.4	59.4	26.2	97.5	193.7	124.9	133.9	195.9	185.1
Ttc37	185.8	160.3	119.3	255.4	190.2	221	258.7	151.8	214.6	121.1	180.2	296.1	199.5	262.6	53.9	113.3	273.8	119.3	222.3	165.4	532.3	498	478.4	477.5
Pqlc1	595.3	670.3	1191.6	1076.9	496.9	594.5	1521.4	894	534	570.2	378.4	900.1	378.3	559	473.3	889.5	351.3	766.9	634.9	484.8	327.8	276.4	497.9	537.7
Scaper	1416.3	1099.1	862.7	1212.8	664.2	862.2	510.5	555.2	897.5	466.8	370.9	959.1	805.2	683.7	550.5	926.9	1459.8	624.3	1007	718.2	168.7	195	54.3	49.8
Pds5b	1305	1887.3	1562.2	1320.4	2355.8	1485.5	1385.5	1844.7	1162.4	1952.8	1895.8	1810.9	1259.3	2226.4	1731.7	1655.6	1574.9	1709.8	1511.1	1616	1341.6	1244.2	922.6	1186.7
Cpsf1	929.2	775	699.6	556.4	928	508	616.3	809.7	781.5	824.7	1299	1102.3	1307.2	889.8	780.6	874.3	1078.2	695.6	892.9	1319.7	2827.1	2655.2	2601.4	3291
Fancd2	59.8	87.1	128.5	81.5	336	238.9	339.6	287.9	208.5	283	335	397.2	184.4	358	374.3	379.5	391.3	730.5	463.7	182.1	717.7	845.6	490.5	360.4
Cct2	2753.9	3426.2	3961.7	3313.4	3794.4	3995.2	5604.1	4255.3	5426.1	5171.1	4655.3	5695.7	4638.4	4943.6	5253.3	5399.8	4814.4	4080.2	5784.2	5000.6	3265.6	3335.6	4173.5	4448
Rpap1	327.6	343.9	492.7	608.6	345.3	291.1	208.8	405.4	487.8	447.7	521.2	502.8	359.9	393.2	418	346.1	719.6	442.4	432.8	350.1	943.7	882.4	838.7	636.7
Fgd5	690.8	616.9	913.5	705.3	318.9	333.6	260.7	227.2	0	36.7	18.7	72.5	30.3	0	186.4	140.7	30.3	56.8	45.2	19.2	1.6	4.7	6.7	0
Lyl1	736	671	469.4	719.4	268.1	723.5	325.7	255.6	567.9	276.2	319.3	375.8	773.3	580.3	540.3	709.4	620.3	461.3	573.1	893.9	136.1	136.2	58.4	62.1
Gpbp1l1	821	999.6	1390	1473.6	977.4	1099.7	1306.6	1027.1	729.1	856	988.6	818.7	1277.7	1336.6	709.3	985.6	971.6	1073.9	1177.1	810.6	331	342.2	185.9	219.4
Phka1	183.7	148.6	93.9	143.4	116.5	61.8	156.8	138.1	58.5	140.2	118.2	29.5	10.4	58	241.8	142.7	67.8	197.9	170	132.1	125.7	95.5	58.4	71.2
Poglut1	706.6	875.9	806.9	568.4	790.8	790.8	618.3	702	399.5	547	817.4	1219.5	551.5	637.5	351	597.1	631.2	211	619.4	371.9	420.1	449.4	1274.2	1416.4
Zfp551	64	144.9	58.6	96.7	52.9	39.8	117.9	49.9	9.2	59.9	31.4	25.9	96.6	85.8	59.7	32.4	63	29.1	53.5	47.5	36.6	32.1	14.1	19.4
Zdhhc5	452.5	690.1	703.8	657.5	738.6	943.2	450.5	802.9	794.8	557.9	726.2	544	462.1	590.5	926.3	480.7	421.6	557.3	531.5	709.2	1564.4	1400.8	1866	1801.4
Ccdc174	857.8	973.3	516.7	874.8	878.7	593.1	581.4	702	557.6	849.1	873.5	1026.2	622.5	862	783.6	746.8	1060	1337.3	1161.6	678.5	300.8	307.7	169.1	183.8
Hdlbp	1896.1	2652.7	1805.1	2208.2	2089.9	2144.5	2070.8	2353.8	1572.2	2190.9	2349	2194.7	1770.1	2067.2	2173	2204	1662.1	1736	2161.5	2766.4	2534.3	2550.2	3954.7	4270
Ctnnd1	1315.5	1085.2	1222	811.8	937.3	1090.1	1223.7	912.6	877	932.2	330.5	64.4	611.3	705.7	627.7	200.4	357.4	324.5	168.8	298.8	23.1	20.4	95.9	81.5
Tldc1	45.1	31.5	7.8	40.2	45.8	111.2	0	2.9	103.7	6.8	0	5.4	0	43.3	1.5	8.1	25.4	1.5	15.5	0	194.9	151.1	176.5	236.8
Ccs	441	403.9	355.8	334.7	495.5	435.2	535.4	283.9	386.1	383.7	330.5	502.8	249	267.8	380.1	332.9	493.1	164.4	249.7	287.3	295.2	386	399.2	365.6
Golim4	1210.5	1222.8	883.8	854.2	1373.5	1178	947	1176.9	948.8	872.3	863.8	1046.8	1128.5	809.1	1274.4	1014	1070.9	1257.3	856	1041.4	628.6	577.1	535.4	576.5
Kctd7	11.5	43.9	12.7	43.5	35.7	71.4	23	48	49.3	36.7	43.4	162.8	59.9	27.9	5.8	39.5	1.2	42.2	19	56.4	126.5	126.1	275.1	270.5
Tmed8	267.7	352	285.9	271.7	291	218.3	249.7	304.5	288.6	468.1	399.3	357.9	252.2	212.7	367	201.4	252	387.1	582.6	171.9	224.4	243.5	97.3	91.2
Vav1	1271.4	1035.5	1092.8	956.3	708.5	718	1030.9	1070.2	943.7	1068.2	1175.6	1473.6	978.4	821.6	1063.2	966.4	1096.4	1207.8	1014.2	1335.1	3903.7	3882.1	4365.4	4365.1
Tpst1	287.7	286.9	288.7	260.8	351.1	302	346.6	420	221.8	255.8	350.7	76.9	276.1	277.3	342.3	258	103	206.6	401.9	427.1	564.2	601.3	267	314.5
Srsf2	9179.2	9925.2	11969.1	10962.8	11437.5	10888.7	14190	15532	14330.2	16354.2	16012.8	17132.7	14954.2	14026.1	16818.7	15347.3	12936.2	14574.8	14175.8	14697.8	6911.5	6738.5	12951.9	12515
Mks1	75.6	138.3	100.2	116.3	89.4	27.5	24	80.3	27.7	87.1	138.4	21.5	35.9	179	120.9	313.7	180.5	120.8	171.2	62.8	132.1	126.1	63.7	150.1
Pomt2	65.1	120.7	71.3	33.7	69.4	59	86.9	55.8	137.6	104.8	34.4	10.7	14.4	69.7	40.8	7.1	49.7	186.3	21.4	146.2	282.5	280.3	576.4	480.8
Sik3	508.1	536.4	757.5	499.9	474.7	407.8	725.2	602.2	989.9	602.8	800.9	508.2	379.1	395.4	573.8	391.6	472.5	759.6	708.6	452.7	529.1	581	457.6	370.1
Exoc3	549.1	749.3	361.4	535.8	559.8	832	450.5	625.7	630.5	383.7	957.2	528.8	644.8	797.4	562.2	519.1	798.4	545.7	682.5	606.6	993	1019.5	956.8	1087.1
Ino80	627.8	1043.5	617	723.8	746.4	1098.3	220.8	639.4	959.1	513	767.3	734.6	1009.6	567.1	642.3	624.4	941.3	801.8	594.5	850.3	182.2	162.1	112.7	166.3
Bzrap1	37.8	1.5	24.7	0	0	101.6	22	18.6	45.2	51.7	93.5	2.7	210.7	236.9	185	69.8	46	40.7	111.8	46.2	15.1	34.5	208.7	181.8
Cipc	594.2	698.1	785	598.8	793.6	843	1145.8	941.9	811.2	1247.9	848.8	1214.1	1017.5	755.6	1117.1	577.8	662.7	817.8	794.2	472	647.7	580.2	639.4	819.8
Lrrc58	1070.9	1788.5	2785.6	3490.5	1904.7	1977	2903.9	2957	2298.2	2411.4	2981.6	1862.8	2532.3	2291.7	2598.3	2511.7	1803.9	2702.2	2770.2	1604.4	1405.2	1299	1512.4	1701.8
Ogt	3424.7	3047.2	2725.6	2916.7	2154.2	2700.6	1886	2214.8	1452	1432.9	1536.1	862.5	2454.1	2201.5	1469.5	1446.1	2204.9	2478.1	2482.5	1687.8	1273.9	1324.8	1976	1993
Zfc3h1	645.7	1182.6	956.5	869.4	780.8	782.6	862.1	1097.6	977.6	781.1	516.8	570.8	930.5	889.8	646.7	344.1	840.8	644.6	726.4	584.8	595.2	534	205.3	341
Emid1	173.2	85.6	108	142.4	209.5	494.3	718.2	418.1	440.5	835.5	729.1	641.5	727.8	611.8	568	829.8	134.5	279.4	284.2	355.3	1589	1625.5	204.6	190.2
Ccnd3	2245.7	2308.8	2653.6	2479.9	2777	2647	2627.2	3301.6	3410.3	3074.1	2907.6	4378.7	2228.2	1886.8	1852.6	1787.1	1007.9	1862.6	1334	2662.5	17648.7	17995.7	3696.4	3698.7
Irf2bpl	486.1	864.2	725	694.4	501.2	550.5	615.3	638.4	368.7	317.1	332.8	321.2	604.9	433.5	485	562.6	558.5	576.2	621.8	428.4	347.7	314	55	91.9
Faah	88.2	188.8	125.7	198.9	135.8	79.6	275.7	180.2	192	164.7	143.6	259.5	308.1	234	120.9	280.3	378	417.6	361.4	345	230.8	212.2	33.5	116.5
Zbed5	82.9	87.8	110.1	90.2	100.8	8.2	126.9	111.6	63.7	54.4	47.1	11.6	0	88.8	96.1	60.7	105.4	45.1	76.1	52.6	45.4	42.3	27.5	45.9
Rhbdd3	169	167.6	118.6	107.6	166.6	199.1	112.9	94	311.1	115.7	212.4	128.8	146.8	107.1	164.6	216.6	149	132.4	173.6	161.6	255.4	296.8	346.2	365.6
Rnf43	0	0	22.6	1.1	0	0	0	3.9	48.3	0	20.9	4.5	0	0	7.3	0	0	0	0	0	23.9	10.2	73.1	111.3
Nsf	562.7	754.5	967.8	731.4	891.6	779.8	843.1	1326.7	522.7	1386.7	1758.9	1478.9	628.1	889.1	1243.8	1006.9	464	852.7	709.8	819.5	1213.4	1166.7	1341.3	1380.8
Hsdl1	378	241.5	317	268.4	394	252.6	405.6	262.4	354.3	292.6	476.4	691.6	213.9	272.9	314.6	279.3	317.4	82.9	288.9	306.5	1462.5	1438.4	2057.9	2075.2
Chmp7	643.6	336.6	242.1	384.7	293.9	324	344.6	344.7	510.4	235.4	391.9	380.2	313.6	415.9	394.7	377.5	308.9	247.4	468.4	496.3	963.6	983.5	1025.3	1132.4
Lsm3	242.5	292.7	177.9	230.4	277.4	444.8	286.7	327	706.5	148.3	221.4	157.5	199.5	557.5	479.2	368.4	866.2	618.4	466.1	278.3	853.8	932.6	704.5	548.1
R3hcc1	381.1	477.9	204	290.2	341.8	179.9	304.7	263.4	433.3	185.1	246	308.7	289.7	237.7	218.5	440.2	255.6	314.3	313.9	343.7	537.9	460.4	384.5	443.2
Gas2l1	128.1	94.4	146.8	132.6	11.4	31.6	77.9	50.9	72.9	59.9	20.2	79.6	20.7	0	4.4	0	0	14.6	0	21.8	31	9.4	26.2	31.1
Chchd4	812.6	650.6	634.6	820.5	807.2	579.4	754.2	1039.8	810.2	959.4	887.7	953.8	782.9	697.6	949.6	820.7	1141.2	1110.3	872.7	1154.3	678.7	692.2	1374.2	1362.7
Polq	31.5	25.6	53.7	81.5	119.4	124.9	85.9	111.6	132.5	270.8	67.3	333.7	209.1	150.4	136.9	223.6	208.4	301.2	124.8	88.5	157.5	211.4	100.6	58.9
Efcab14	2050.4	2514.4	2560.4	2653.8	1789.6	2220	2022.9	2060.1	1397.6	1379.9	1371.5	1178.3	1271.3	1707.8	1386.5	1483.5	1578.6	1741.8	1588.4	969.6	949.3	891.8	489.1	611.5
Mrps17	826.3	738.4	1018.7	1566	1076.8	759.2	1061.9	1126	752.7	1325.4	1533.1	1443.2	801.3	669.8	1383.6	1433.9	875.9	685.4	950	1126.1	788.5	819	1048.7	988.7
Vps18	345.4	155.9	258.4	266.2	247.4	245.8	318.7	254.6	424.1	393.3	217.6	245.1	208.3	132	235.9	210.5	500.3	397.3	210.4	202.6	771	819.8	1446	1307.1
Atm	1231.5	1569.7	943.8	1335.6	1768.9	1360.6	800.2	1208.3	1144	1408.4	1321.4	1427.9	1121.3	1442.2	1288.9	1449.1	1372.6	1527.9	1763.2	1247.9	467.1	407.9	250.3	280.2
Gpc1	50.4	113.4	67.8	15.2	26.5	17.8	55.9	43.1	28.8	87.1	41.1	2.7	27.9	38.9	35	124.5	1.2	0	19	109	192.6	178.5	6277	6484.3
Usp54	543.8	316.9	424.3	486.8	405.4	536.8	353.6	298.6	313.2	193.2	195.9	183.4	166.8	382.2	266.5	157.9	46	74.2	247.3	112.9	132.9	85.3	97.3	53.7
Golgb1	2020	2249.5	979.8	1714.8	1510	1441.6	1004.9	1424.6	1288.7	1256	1758.9	1328.6	1949.7	1327.8	1402.5	1280.1	1692.4	1829.1	1778.7	1428.7	439.2	369.6	175.1	227.1
Hdac11	358	169	98.1	204.3	164.4	78.3	149.8	120.4	8.2	39.5	62.1	1.8	38.3	6.6	21.8	30.4	53.3	49.5	137.9	57.7	17.5	22.7	2	0
Plekhm1	101.8	113.4	214.6	173.9	348.2	244.4	305.7	201.7	218.7	166	238.6	240.7	171.6	193.7	167.5	186.2	118.7	171.7	67.8	91.1	615.9	635	361.7	319.7
Slc25a37	805.3	833.5	1003.1	1008.5	568.4	774.3	780.2	928.2	552.5	785.2	1092.6	1162.2	1016.7	1022.6	869.5	1444.1	911	1034.6	1213.9	1300.5	374	379	187.9	265.3
Senp6	3897.2	4084.1	2517.4	3291.7	2965.7	2435.6	2634.2	2563.4	3145.4	3189.7	2835.8	1984.4	3420.5	2363.6	2768.7	2473.2	4121.4	3339.6	3260.1	2916.5	984.3	939.6	616	538.4
Agpat1	181.6	193.9	141.9	291.2	206.6	174.4	193.8	111.6	89.3	182.3	86	256.8	83.8	184.9	192.2	189.2	55.7	136.8	118.9	205.2	575.3	678.9	524	495.7
Arhgap27	586.9	349.8	406.6	427.1	400.4	568.4	374.6	381.9	225.9	342.9	345.5	391.9	516.3	407.9	355.4	405.8	588.8	1005.5	511.2	649	1340.8	1370.3	518.7	555.2
Exosc4	202.6	228.3	266.8	117.4	284.6	152.4	287.7	309.4	141.7	166	203.4	155.7	181.2	160.7	285.5	146.7	296.8	109.1	155.8	280.9	687.5	674.9	735.4	739
Vwa9	338.1	219.5	299.3	378.2	275.3	252.6	388.6	398.5	245.4	430	288.7	335.5	416.6	382.9	234.5	376.4	300.4	344.9	385.2	334.7	964.4	948.2	1310.4	1393.1
Zdhhc14	42	91.5	98.1	63	77.9	31.6	34	34.3	53.4	92.5	124.1	79.6	114.1	96.1	72.8	94.1	0	7.3	28.5	46.2	822	908.3	49.7	82.8
Batf	292.9	70.3	159.5	126.1	88.7	192.2	200.8	66.6	136.6	87.1	194.4	126.2	134.9	63.1	91.8	109.3	86	72.8	146.2	125.7	181.4	144.9	460.3	415.4
Setd5	1280.9	1500.2	794.2	1514.9	1597.3	1316.6	851.1	1399.2	1247.7	1330.9	1504.7	1079	1322.4	1410.7	1287.5	1571.6	1793	1274.7	1342.3	1040.1	838.7	919.2	824.6	781
Jdp2	59.8	188.8	77.7	65.2	223.8	16.5	21	76.4	32.9	73.5	11.2	85.9	178.8	99.8	160.2	98.2	47.2	254.7	104.6	133.4	136.1	151.1	684.4	588.8
Thoc5	284.5	379.1	216	253.2	498.3	385.8	209.8	309.4	370.7	363.3	379.9	340	428.6	738	393.2	262.1	347.7	440.9	170	473.3	740.8	660.9	852.8	970.6
Dnajc17	88.2	106.8	69.2	70.6	70.1	41.2	115.9	50.9	86.3	24.5	44.9	29.5	69.4	101.2	4.4	113.3	67.8	93.1	64.2	80.8	152	158.9	138.2	113.2
Evpl	0	11	50.1	5.4	7.1	0	10	0	3.1	0	0.7	0	4	28.6	33.5	5.1	67.8	43.7	60.6	106.4	323.9	418.1	10.7	0
Nipsnap1	397.9	160.3	488.5	430.3	213.8	324	297.7	267.3	309.1	250.4	281.9	289	348.8	102.7	387.4	486.7	491.9	167.3	580.2	347.6	456.7	447.9	317.4	344.2
Nek9	1513.9	1351.6	1817.1	1638.8	1492.9	1091.5	1253.7	1188.7	1141.9	1020.6	1631.8	1995.2	1027.1	1185.5	1369	1637.3	1333.8	1245.6	1367.3	1326.1	864.9	756.4	425.4	581.1
Traf3ip1	173.2	158.8	72.7	164.1	42.2	195	88.9	148.8	69.8	110.2	24.7	26.8	135.7	23.5	129.6	33.4	145.4	104.8	54.7	118	74.8	81.4	90.6	41.4
Med13	1521.3	1393.3	1436.6	1261.7	1199.7	1040.7	1043.9	1344.4	1879.2	1548.6	1154.7	1453	1743.8	1931.5	1106.9	1163.7	1583.4	1594.8	1202	1292.8	566.5	651.5	222.1	271.8
Fam53c	702.4	685	712.3	719.4	545.5	740	885.1	501.3	454.9	646.4	385.1	106.5	566.6	388.8	970	424	464	537	582.6	840.1	1222.2	1240.3	720	607
Ccdc15	245.7	245.1	147.5	197.8	273.8	347.4	260.7	189	442.6	435.5	375.4	312.3	218.7	429.9	190.8	296.5	476.1	555.9	390	329.6	150.4	128.4	118.1	80.2
Sdr42e1	166.9	51.2	101.7	125	186.6	23.3	41	70.5	89.3	91.2	106.2	254.1	39.1	1.5	83	34.4	72.7	10.2	49.9	18	97.1	95.5	128.8	105.5
Kif4	85	23.4	93.2	58.7	269.5	307.5	222.8	200.7	725	411	391.1	349.8	166.8	219.3	201	293.5	518.5	609.7	318.6	516.9	1148.2	1118.9	426.7	504.7
Iqsec1	562.7	462.5	298.6	369.5	215.9	247.1	273.7	203.7	247.5	181	333.5	348.9	338.4	167.3	275.3	291.4	336.8	193.5	384	472	226.8	236.5	80.5	74.4
Trim59	738.1	513.7	905.7	603.1	1106.8	933.6	1087.8	1008.5	1633.8	1284.6	996.1	432.1	920.2	1397.5	1045.7	1022.1	1316.9	1728.7	1020.1	1133.8	1793.5	1708.5	760.9	941.5
Slc26a2	701.3	938.1	924.8	1225.8	958.1	951.4	970	1024.2	1004.3	1128.1	799.4	1328.6	861.9	765.9	994.7	979.6	646.9	777.1	676.5	668.2	292	301.5	403.9	358.5
Exosc1	390.6	551	332.5	357.5	809.4	632.9	721.2	736.3	511.4	830.1	791.2	859.8	458.9	998.4	996.2	605.1	643.3	622.8	656.3	797.7	652.5	594.3	882.3	858
Kctd9	218.4	82.7	123.5	249.9	216.6	357	221.8	176.2	302.9	351.1	106.9	314.9	47.1	267.8	193.7	157.9	158.7	240.1	224.7	201.4	240.3	231	146.9	176.7
Brip1	134.4	138.3	197.7	172.8	666.4	440.7	543.4	542.4	512.4	760.7	835.3	665.7	706.3	736.5	820	774.1	957.1	896.4	890.5	633.6	783.8	761.1	758.2	715.7
Plcg2	1235.7	1258.7	1300.3	1244.3	1244.1	1313.9	1084.9	1120.1	1040.2	1083.2	967.7	1967.5	1613.7	1331.5	1510.3	1080.8	1837.8	2206	1787	1633.9	6026.6	5708.9	3184.5	3445.7
Zbed4	462	385.7	461	272.8	704.3	479.2	313.7	382.8	587.4	628.7	949.8	725.6	608.1	972.7	766.1	1074.7	485.8	702.8	774	860.6	125.7	135.5	146.9	116.5
Fam151b	1	26.3	79.1	93.5	25.7	59	83.9	57.8	113	106.1	27.7	82.3	0	10.3	48.1	92.1	25.4	1.5	58.3	137.2	54.9	31.3	75.8	88
Wbp2	1716.6	1294.5	2055	2346.2	1197.6	856.7	1548.4	1440.3	1394.5	1328.2	2210.6	1509.4	907.4	822.3	1408.4	1636.3	1251.5	1041.9	1470.7	1229.9	2444.4	2416.3	1570.1	1542.6
Cbl	2721.3	1923.9	2918.3	3457.9	2289.4	2417.7	2661.2	3382.9	2135.9	2735.2	2579.3	2162.5	2770.9	3099.4	2708.9	3447.7	2713.7	2561.1	3004.5	2652.3	732	715.7	618.6	628.3
Ube2f	365.4	275.2	503.3	313	457.6	374.8	498.5	471	330.7	416.4	431.5	527.9	217.9	319.1	527.2	484.7	348.9	999.7	449.4	547.6	494.1	475.3	819.3	790.1
Gtf2h5	954.3	645.4	493.4	521.6	329.6	475	644.3	504.3	556.6	763.4	629.7	938.5	653.6	862	603	582.9	742.6	753.8	751.4	869.6	642.1	669.5	727.3	641.9
Smc4	5315.6	5111.5	3085.6	4277.3	7228.4	7529.2	5546.1	6127.4	10560.5	10030.5	8526.1	7170.1	6450	8566.1	6983.5	6009	10245.5	9150	6875.7	7799.1	3397.6	3489.8	2019	1967.1
Ramp1	734.9	698.9	702.4	342.3	820.1	881.4	1211.7	629.6	1058.7	714.4	651.4	1061.1	1454.9	2092.2	978.7	1745.6	2708.9	2153.6	2632.3	2766.4	3312.5	3406.1	4931	4547.6
Mtmr3	2255.2	1807.5	1871.4	1621.4	1407.8	1592.6	1855	1595	1399.6	1726.9	1024.5	692.5	1108.5	1355.7	1274.4	1083.8	1473.2	2102.7	1276.9	1485.2	2165.9	2049.1	1980.1	2079.7
Cpne2	1754.4	1539.7	1231.9	1284.5	1637.3	1698.3	1514.4	1379.6	1971.6	1564.9	1860.6	1338.5	1253.8	1644.7	1415.6	1511.9	875.9	471.5	611.1	714.4	754.3	768.1	1085.6	1471.4
Tkfc	40.9	33.7	124.2	160.8	88.7	118.1	36	80.3	22.6	95.3	173.5	285.4	213.9	138.6	59.7	72.9	25.4	100.4	108.2	170.6	112.2	99.4	77.8	104.2
Tulp4	17.8	50.5	12.7	52.2	31.5	60.4	2	19.6	23.6	74.8	0	4.5	9.6	0.7	0	11.1	24.2	36.4	0	26.9	120.2	130.8	5.4	0
Wdr5b	228.9	267.8	240	332.5	276.7	153.8	85.9	181.1	104.7	4.1	166.8	227.3	138.1	82.9	77.2	163.9	107.8	119.3	167.6	77	89.9	106.5	100	69.9
AI661453	247.8	361.5	128.5	255.4	43.6	31.6	123.9	117.5	42.1	78.9	92	0	58.3	1.5	56.8	76.9	99.3	16	61.8	73.1	21.5	25.8	0.7	4.5
Cmip	3939.2	3300.4	1748.6	1482.3	2169.2	2161	3630.2	2484.1	2932.8	4455.3	1213	1378.7	2054.2	2635	3182.3	1109.1	2486	3767.4	1037.9	3039.6	1857.2	1955.2	1248.7	1028.2
Spata6	233.1	86.4	122.1	111.9	99.4	108.5	124.9	76.4	190	46.3	186.2	37.6	199.5	43.3	85.9	112.3	224.1	333.2	85.6	209.1	562.6	467.5	210.7	270.5
Pja1	383.2	254.7	428.5	305.4	238.8	170.2	164.8	429.8	333.7	466.8	399.3	573.5	344.8	253.1	399.1	499.9	265.3	219.7	411.4	312.9	666.8	682	1019.2	1100
Tbc1d10a	4.2	16.1	10.6	13	41.5	1.4	0	12.7	1	0	17.2	2.7	4	9.5	24.8	10.1	3.6	11.6	23.8	9	358.1	363.3	254.3	271.8
Neurl1b	195.3	104.6	60.7	93.5	198	118.1	98.9	55.8	59.6	54.4	13.5	85	61.5	86.6	74.3	114.4	116.3	138.2	105.8	52.6	58.9	48.5	4	5.2
Parp14	1393.2	1361.1	1022.9	1124.7	777.9	716.7	747.2	657	319.4	496.7	733.6	527	730.2	702.8	578.2	762	1213.9	727.6	925	651.5	421.7	388.4	115.4	276.3
Gcsh	666.7	624.2	852.1	732.4	590.6	781.2	947	769.6	1122.4	1072.3	1012.6	1259.7	830.8	875.9	589.9	947.2	632.4	445.3	733.6	982.4	588	620.9	736.7	814.7
Zfp707	130.2	158.8	172.2	200	53.6	160.6	161.8	154.7	155.1	157.9	187.7	159.3	229.8	126.9	187.9	118.4	180.5	343.4	146.2	83.4	167.9	199.7	158.4	135.2
Zxdc	323.4	353.5	310.6	290.2	414.7	288.3	227.8	366.2	346.1	302.1	359	205.8	57.5	64.6	429.6	236.8	457.9	161.5	256.8	321.9	463.9	504.3	505.2	482.1
Cops8	662.5	430.3	965	526	514.8	753.7	909	736.3	564.8	627.3	428.5	418.7	517.9	414.5	665.6	446.3	725.7	625.7	460.1	813.1	1055.1	929.4	1407	1410
Gm9761	1	68.1	24.7	56.5	47.9	20.6	23	51.9	119.1	62.6	117.4	77.8	103.7	109.3	59.7	63.8	66.6	27.6	57.1	15.4	8	9.4	11.4	12.9
Gbp8	371.7	302.2	242.8	406.4	79.4	116.7	53.9	78.3	37	0	26.9	9.8	0	0	4.4	0	23	129.5	23.8	28.2	224.4	225.5	3.4	7.1
Trmt5	35.7	48.3	39.5	16.3	2.1	1.4	91.9	80.3	163.3	49	49.4	81.4	156.4	151.9	122.3	68.8	147.8	85.9	82	35.9	224.4	229.4	397.2	325.5
Cyb561a3	0	0	28.9	0	0	0	0	0	0	0	0	0	0	0	0	0	0	0	0	0	4920.6	4963.4	734.7	883.9
Dhrs11	2.1	8	26.1	23.9	38.6	15.1	12	31.3	1	42.2	23.2	19.7	12	0	0	67.8	17	74.2	52.3	39.8	170.3	224.7	331.5	318.4
Polr3b	449.4	842.3	482.9	496.6	403.2	370.7	708.2	494.5	595.6	528	656.6	1164.9	488.4	614	716.6	358.2	645.7	606.8	783.5	519.4	849	942	772.3	662.6
Ifit1	380.1	194.7	332.5	209.7	286	74.1	383.6	163.5	177.7	92.5	47.1	11.6	54.3	13.2	154.4	85	88.4	163	88	165.4	30.2	40.7	39.6	41.4
Pkd2	622.6	597.1	602.9	618.3	916.6	634.3	836.1	486.6	320.4	402.8	370.2	175.4	195.5	410.8	329.2	296.5	493.1	190.6	247.3	186	36.6	32.1	78.5	50.5
Caskin2	145.9	88.5	104.5	241.3	141.6	112.6	121.9	166.5	31.8	38.1	74	52.8	9.6	35.2	116.5	75.9	88.4	106.2	116.5	92.3	183.8	189.5	63.1	78.9
Sec22a	217.3	271.5	485	397.7	276.7	458.6	389.6	342.7	68.8	416.4	243	280.9	141.3	394.7	294.2	284.4	268.9	328.9	268.7	150.1	182.2	184	373.1	366.9
Diaph2	397.9	803.5	403.1	376	162.3	318.5	587.4	374	505.2	321.2	263.2	481.3	463.7	605.9	356.8	399.7	224.1	326	250.9	318.1	277.7	241.9	385.1	330.7
Snx2	784.3	1340.6	1026.4	623.8	1087.5	794.9	882.1	863.6	1419.2	879.1	880.2	608.4	995.2	1276.4	951	959.3	931.6	1493	822.7	1223.5	3353.9	3371.6	1260.1	1358.8
Uaca	119.7	144.9	180.7	152.1	178	94.7	49.9	133.2	17.5	10.9	73.3	76	0	88.8	5.8	43.5	61.8	88.8	63	66.7	506.9	450.2	35.6	30.4
Kdelc2	191.1	226.1	115.8	206.5	111.5	211.4	163.8	143.9	104.7	49	140.6	214.7	211.5	66.8	122.3	145.7	105.4	23.3	124.8	121.8	125.7	151.1	420	504.1
Pcnxl4	368.5	135.4	137	121.7	148	81	158.8	123.4	107.8	74.8	50.1	18.8	214.7	97.6	87.4	13.2	111.5	56.8	49.9	121.8	93.9	110.4	167.7	152.1
Mad2l1bp	354.9	381.3	338.1	512.9	223.1	241.6	317.7	265.3	105.8	302.1	426.3	595.9	227.4	190.7	278.2	593	229	179	524.3	298.8	342.9	345.3	384.5	303.5
Hmgxb4	704.5	689.3	428.5	498.8	855.8	626.1	823.1	652.1	942.7	642.3	727.7	447.4	665.6	666.1	715.1	711.4	765.7	746.5	619.4	601.5	363.6	447.9	461.6	579.1
Zfp395	132.3	52.7	84	108.7	51.5	64.5	52.9	61.7	75	95.3	41.9	0.9	124.5	13.9	35	99.2	14.5	39.3	4.8	34.6	210.1	229.4	57	64.7
Ice1	1278.8	1205.3	1233.3	1412.7	998.1	918.5	1029.9	1386.5	850.3	1027.4	906.4	606.6	722.2	973.5	1140.4	925.9	782.6	1015.7	1083.1	1044	476.6	492.5	237.5	309.9
Morc2a	225.7	123.7	139.8	118.5	287.4	114	205.8	283.9	149.9	247.7	127.9	262.1	137.3	137.9	113.6	131.6	174.5	186.3	99.9	101.3	698.6	701.6	607.9	557.8
Rsrc1	970.1	1370.6	1123.8	1132.4	1526.5	1499.2	1021.9	833.2	1314.4	1664.3	1342.4	1101.4	1377.5	1602.1	1166.6	1580.7	1550.7	1185.9	1313.8	1162	673.2	689	711.9	799.1
Zfyve9	70.3	290.5	159.5	229.3	196.6	232	186.8	93	0	1.4	0	34.9	2.4	38.1	13.1	9.1	23	0	5.9	18	4	4.7	0	4.5
A230046K03Rik	564.8	1041.3	650.2	671.6	705.7	617.8	553.4	723.6	703.4	532.1	465.9	403.5	1193.1	825.3	651	709.4	1064.9	713	594.5	677.2	963.6	978	921.3	929.2
Ccpg1	612.1	568.6	383.3	270.6	381.8	144.2	326.7	304.5	78	276.2	216.1	500.1	342.4	192.9	291.3	185.2	393.7	339.1	269.9	338.6	92.3	82.2	10.1	1.3
Atp5h	2257.3	2190.2	2135.5	1932.2	2254.3	2763.7	2804	2343.1	2917.4	3335.4	2946.5	3816.8	2925.7	3274.7	2333.2	2825.4	2299.4	2190	2575.3	3158.9	708.2	770.5	993.7	935
Daam1	158.5	169	161	147.8	75.1	267.7	58.9	187	351.2	212.3	95	154.8	121.3	127.6	84.5	160.9	38.8	184.8	123.7	227	89.1	61.1	162.4	194.1
Papd7	92.4	127.3	217.4	191.3	212.3	238.9	126.9	196.8	281.4	187.8	151.8	245.1	124.5	231.8	118	265.1	233.8	195	203.3	310.4	339	288.9	98	275
Hid1	571.1	636.7	668.5	857.4	137.3	241.6	194.8	308.4	40	4.1	17.9	39.4	14.4	71.2	42.2	28.3	37.6	33.5	26.2	69.3	61.3	92.4	0	0
8430429K09Rik	134.4	162.5	48	143.4	156.6	64.5	68.9	85.2	44.2	149.7	112.9	86.8	71	89.5	118	91.1	31.5	21.8	41.6	24.4	56.5	47.8	45	34.3
Slc41a2	0	0	7.1	1.1	0	0	25	0	0	4.1	0	0	0	30.1	4.4	0	0	1.5	0	14.1	631.8	693	9.4	0
Myo5a	890.3	855.5	710.2	828.1	1267.7	838.9	753.2	747.1	560.7	811	649.1	1047.7	1043.1	848	1229.2	862.2	1570.1	1533.7	1405.3	681	1138.6	1151	583.8	570.7
Ppp1r18	1442.5	1529.4	1553.1	1429	1205.4	1278.2	1183.7	1329.7	605.9	804.2	911.6	1258	1071.8	1011.6	930.7	1169.8	1646.4	2305	2533.6	2515	2725.3	2727.2	1182.9	1065.1
2700049A03Rik	299.2	210	95.3	190.2	414.7	236.1	67.9	177.2	276.2	266.7	186.2	184.3	195.5	282.4	275.3	418.9	316.2	534	224.7	351.4	501.3	501.1	345.6	298.3
Mon2	747.5	1014.3	1039.1	785.7	881.6	944.6	538.4	822.5	633.6	787.9	791.2	901	693.5	728.4	731.1	755.9	551.2	1116.1	711	492.5	195.7	234.9	199.3	220
Zcchc11	2740.2	3424.8	2400.2	2446.2	2881.4	2858.4	1771.1	2577.1	2393.7	2332.4	1684.1	1703.5	3173.1	2590.3	2154	2329.5	3663.5	3125.7	2166.3	1914.8	958	894.2	346.9	498.2
Chst11	157.5	77.6	143.3	188	218.1	204.6	330.6	229.1	174.6	363.3	202.7	259.5	309.6	159.2	228.7	216.6	241.1	229.9	143.9	252.7	31.8	45.4	65.1	133.9
Ppm1h	614.2	360.8	211.1	277.1	211.6	248.5	273.7	268.3	144.8	238.1	198.9	85	401.4	302.2	186.4	149.8	195	298.3	205.7	187.2	368.4	397	412.7	434.2
Pik3ip1	3721.9	3262.3	3399.1	3915.4	2049.1	1532.2	1793.1	1777.1	1253.8	982.5	897.4	984.2	1454.1	1711.4	1221.9	1622.2	1388.4	1881.5	1716.8	1135	1039.2	1032.8	946.7	995.8
Ssh3	246.7	87.8	226.6	228.2	66.5	97.5	100.9	158.6	97.6	125.2	172.8	119.9	118.1	22.7	186.4	194.3	107.8	56.8	191.4	144.9	15.1	12.5	1.3	3.2
Mtrr	177.4	232.7	229.4	133.7	188.8	130.4	97.9	234	168.4	202.8	264.7	177.2	156.4	162.1	193.7	151.8	239.9	363.8	229.5	292.4	267.4	319.5	424.1	407.7
Tmem5	193.2	589.8	348.7	426	524.1	196.3	649.3	279.1	267	352.5	208.6	238	716.7	258.2	568	423	264.1	490.4	290.1	473.3	370.8	386.8	569.7	539.7
Gpatch8	1811.1	1922.4	1541.8	1715.9	1429.2	1550	1678.2	1980.8	1529	1944.6	1692.4	1164.9	1631.2	1471.6	1833.6	1686.9	1579.8	1648.7	1973.6	1274.8	1037.6	984.2	611.9	509.9
Ly6d	0	0	7.1	0	2.1	0	71.9	94	0	9.5	14.2	29.5	0	14.7	49.5	13.2	0	69.8	0	370.7	14418.9	14624.9	8.1	5.8
Zyg11b	830.5	880.3	900.1	886.8	787.9	985.8	559.4	1064.3	1069	958	783	688.9	948.1	1105.5	1258.3	806.5	1290.2	1268.9	825.1	831.1	562.6	386	379.8	360.4
Setmar	21	131.7	97.4	56.5	34.3	12.4	86.9	68.5	0	31.3	24.7	124.4	87.8	110	119.4	17.2	135.7	59.7	72.5	132.1	47.7	45.4	79.8	113.9
Tiparp	213.1	263.4	394.6	263	215.9	286.9	409.6	425.9	91.4	355.2	65.8	55.5	565.8	303.7	337.9	303.6	268.9	404.5	126	227	335.8	356.3	571.7	526.1
Ankrd12	4057.8	2834.9	2074.7	2458.1	1811.7	1975.7	1351.6	2300	2587.8	2014	1959.3	1793	2206.7	2001.2	2314.3	1898.4	2265.5	1995	1870.2	1995.6	261	203.6	154.3	143.6
Cd300a	143.8	62.9	201.9	117.4	134.4	285.6	196.8	94	215.6	115.7	62.8	10.7	149.2	138.6	62.6	78.9	220.5	30.6	65.4	103.9	605.5	536.4	1034.6	902.7
Ythdc2	181.6	245.1	293	203.2	205.2	373.4	197.8	278.1	72.9	310.3	319.3	362.4	309.6	261.2	291.3	238.8	350.1	333.2	473.2	143.6	199.7	220.8	271.7	247.8
Cacna1a	268.8	235.6	158.1	159.7	203.1	392.7	393.6	219.3	132.5	168.7	101.7	76	304.1	78.5	272.4	134.6	210.8	353.6	256.8	227	40.6	43.8	131.5	118.4
Tmem109	239.4	221.7	315.6	204.3	489	190.8	167.8	307.4	176.6	303.5	238.6	295.3	249	301.5	224.3	273.2	357.4	580.6	705	637.4	2017.9	2013.9	871.6	843.1
Bmp2k	250.9	380.5	241.4	261.9	411.1	571.1	391.6	440.6	472.4	809.7	845.1	272.9	731	734.3	563.6	411.9	597.3	493.3	306.7	404	645.3	667.9	263	192.8
Itga2b	695	987.9	948.8	669.4	1046.7	1261.7	1213.7	1078	3482.2	1799	3166.4	3631.6	570.6	770.3	557.8	933	130.8	68.4	101.1	107.7	407.4	364.9	504.6	594
Xpot	1554.9	1513.3	1568.6	1945.2	1930.4	1599.5	1724.2	2049.3	1816.6	2041.2	1831.5	1126.4	1832.4	1805.3	1960.3	1682.9	1456.2	1399.9	1473.1	1262	1315.3	1124.4	1908.9	2326.9
Pbx2	616.3	676.2	626.2	634.6	306.7	517.6	453.5	382.8	529.9	406.9	574.3	281.8	350.4	388.8	434	390.6	364.7	388.5	380.5	375.8	272.1	260.7	114.7	101.6
Tdg	4.2	61.5	81.9	88	22.2	89.2	8	79.3	124.3	65.3	89	61.7	217.1	219.3	85.9	132.6	172	144.1	142.7	97.5	222	210.6	202.6	223.9
Rnps1	274	494	137.7	397.7	391.1	525.8	293.7	311.4	692.1	295.3	278.2	476.9	513.2	601.5	327.7	409.8	445.8	282.3	480.3	298.8	1075	1088.4	720.6	667.1
Fam171a2	138.6	143.4	89.7	93.5	163.7	225.2	147.8	68.5	107.8	144.2	140.6	251.4	135.7	114.4	81.6	143.7	43.6	36.4	80.8	23.1	80.4	50.1	2.7	5.8
Gns	854.6	629.3	845	918.3	496.9	659	588.4	789.2	332.7	574.3	401.6	722	406.2	290.5	490.8	453.4	553.6	603.9	454.2	375.8	2922.6	2996.5	378.4	286.7
Grn	872.5	771.3	1111.8	827	765	550.5	547.4	785.3	578.1	635.5	671.6	1526.4	716.7	556.8	637.9	1125.3	450.7	339.1	746.7	1041.4	15039.6	15065.7	5942.2	5616.6
Ppp1r21	316	401	453.9	471.6	399	130.4	268.7	413.2	342	215	218.4	625.4	483.6	400.5	246.1	280.3	216.9	349.2	469.6	291.1	397.1	375.8	738.1	652.9
Ttyh2	0	22	0	0	36.5	0	0	6.9	31.8	28.6	16.5	108.3	0.8	74.8	32	135.6	26.7	66.9	40.4	120.6	136.1	172.3	216.7	230.4
Tmx4	2004.2	1969.2	1618	1769.2	1852.5	1561	1683.2	1591.1	1247.7	1174.4	1245.2	1816.2	1503.6	1968.9	1520.5	1211.3	1266	1072.4	1347.1	1196.6	799.7	844.1	4339.9	4195
Cnot6l	3571.7	4820.3	3785.2	4605.5	3879.5	5126.5	5257.4	4512.8	4762.7	3837.5	3790.1	3603.9	6183.4	4460.2	4343	4708.6	5664.9	6433.2	5466.8	3446.2	1335.2	1272.4	786.4	759
Mrps10	365.4	526.2	507.6	353.2	503.3	432.5	276.7	468	623.3	657.3	594.5	552.9	663.2	677.1	402	399.7	717.2	902.2	600.4	547.6	394.7	407.2	536.8	544.8
Nostrin	0	0	0	0	69.4	0	0	34.3	9.2	13.6	0	0	0	58.7	0	0	0	0	0	0	10.3	11	66.4	77
Nagk	412.6	531.3	358.6	595.5	375.4	288.3	410.6	494.5	331.7	344.3	254.3	671	431	575.1	305.8	329.9	450.7	539.9	419.7	343.7	187.8	187.1	354.3	381.1
Sirt6	32.5	13.9	19.8	51.1	36.5	16.5	118.9	69.5	11.3	25.9	95.7	35.8	8.8	83.6	18.9	25.3	0	58.2	53.5	83.4	239.5	250.6	209.3	198.7
Mast4	1460.4	1424.1	1740.8	2040.8	955.2	896.5	1050.9	1261.1	846.2	774.3	1219	1427.1	802.1	487.8	897.2	708.4	459.2	605.3	766.9	642.5	339.8	289.7	15.4	31.1
Tmub2	331.8	240.8	348	446.6	348.2	341.9	278.7	359.3	514.5	219.1	164.5	69.8	174	253.8	196.6	350.1	107.8	296.9	304.4	309.1	705	800.2	682.4	632.2
Tle6	465.1	219.5	408	378.2	431.8	483.3	124.9	203.7	273.2	144.2	330.5	323.9	73.4	126.2	29.1	131.6	72.7	10.2	46.4	94.9	74	54.8	166.4	191.5
Map4k5	373.8	147.8	417.2	247.8	118	468.2	67.9	384.8	257.7	178.3	195.2	82.3	234.6	133.5	399.1	238.8	396.2	347.8	262.8	234.7	397.9	458.8	279.8	335.8
1700006J14Rik	25.2	57.8	3.5	78.2	0	0	34	14.7	336.8	356.5	228.1	145.8	9.6	44	59.7	38.5	0	1.5	0	10.3	4.8	14.1	8.7	36.9
Dusp5	6.3	72.4	31.8	4.3	15	41.2	68.9	34.3	4.1	49	9.7	16.1	117.3	2.2	119.4	34.4	113.9	145.5	74.9	32.1	1686.9	1660	73.1	87.4
Tle2	155.4	142.7	98.8	142.4	101.5	23.3	54.9	117.5	1	17.7	37.4	8.1	30.3	25.7	11.7	51.6	60.6	11.6	54.7	11.5	53.3	47	12.7	9.1
BC030867	4.2	0	28.9	55.4	137.3	89.2	127.9	49	316.3	171.5	229.6	306.9	0	83.6	152.9	48.6	66.6	122.2	122.5	175.7	342.2	389.9	308	352.7
Gna11	279.3	135.4	259.8	281.5	296.7	377.6	311.7	274.2	95.5	302.1	288.7	195	255.4	218.6	155.8	231.7	270.2	96	265.1	232.1	652.5	645.2	331.5	249.1
Gpsm3	315	301.5	294.4	322.8	153.7	223.8	277.7	222.3	151	227.3	261.7	406.2	252.2	305.9	134	410.9	186.6	291	350.7	472	518.8	554.4	277.1	271.1
Rab24	897.7	881.1	676.3	649.9	617	394	437.5	739.2	669.5	651.8	739.6	884.9	547.5	622.1	477.7	875.3	648.1	697	812	1177.4	774.2	837.8	635.4	629
Gna15	288.7	183.7	230.8	327.1	152.3	388.5	338.6	283	604.8	284.4	302.1	626.3	285.7	282.4	330.6	523.2	210.8	299.8	223.5	205.2	1250.8	1199.6	949.4	1021.1
G6pc3	376.9	400.3	286.6	529.2	516.2	637	536.4	773.5	666.4	1283.2	1225	1611.4	445.3	641.9	843.3	619.3	427.7	657.7	612.3	602.8	630.2	621.7	2929.5	2902.1
Ccdc122	266.7	419.3	252	388	213.1	406.4	241.7	342.7	294.7	235.4	187.7	175.4	145.2	175.3	291.3	268.2	381.6	442.4	311.5	160.3	64.5	81.4	120.8	108.7
Zfp661	142.8	144.9	72	73.9	0	160.6	42	52.9	0	25.9	75.5	0	21.5	10.3	71.4	28.3	4.8	30.6	117.7	75.7	15.9	42.3	111.4	76.4
Sos2	444.1	664.5	355.8	441.2	351.8	611	359.6	371.1	430.3	453.2	465.2	591.4	620.1	515	429.6	387.6	626.3	375.4	587.3	556.6	424.9	351.6	490.5	750
Colgalt1	869.3	1278.4	965	739	1205.4	1057.2	1010.9	1149.5	1330.8	1238.3	1245.9	1057.5	1227.4	1051.2	1025.3	1165.8	1058.8	1286.4	1231.7	1414.6	2236.7	2381.9	2675.9	2803.8
Cpsf7	1234.7	987.2	1065.3	871.5	1064.6	965.2	1094.8	1222	1254.9	1155.3	818.9	685.3	973.6	966.9	904.4	860.2	1434.4	1331.5	852.5	690	393.9	395.4	87.9	104.2
Nup54	234.1	316.9	298.6	276	258.1	260.9	491.5	293.7	566.8	276.2	222.1	316.7	383.1	355.8	416.5	140.7	258	398.7	216.4	261.6	494.1	461.2	829.3	955.1
Tet3	869.3	1168.7	757.5	1005.2	1193.3	1171.1	1008.9	972.3	1489	1247.9	1205.5	799	1217.1	1380.6	1238	960.3	1343.5	1378	1240.1	714.4	1202.3	1359.3	587.8	599.2
Tespa1	0	0	0	0	5.7	52.2	0	16.6	211.5	141.5	125.6	25.1	343.2	394.7	362.6	324.8	610.6	526.8	435.2	469.4	529.9	490.2	141.6	130.1
Plvap	0	0	19.1	0	27.9	8.2	2	5.9	7.2	21.8	12	56.4	0	46.2	37.9	45.5	6.1	0	9.5	46.2	100.3	88.5	49.7	17.5
Ttc21b	371.7	526.2	421.4	327.1	451.9	274.6	603.4	345.6	231	307.5	133.9	170.9	324	452.6	367	263.1	316.2	259	171.2	315.5	159.9	144.1	104.7	167.6
Tmem127	1082.4	765.4	666.4	593.3	467.6	600	905	386.8	562.7	660	483.1	323.9	399	864.9	342.3	313.7	472.5	563.1	367.4	547.6	615.9	628	713.2	493.1
Acot11	355.9	161.7	297.2	236.9	133.7	163.4	225.8	101.8	132.5	53.1	4.5	40.3	126.1	126.2	167.5	182.2	168.4	101.9	141.5	94.9	62.9	77.5	102	139.1
Mfsd12	372.7	462.5	373.4	252.1	313.2	159.3	107.9	292.8	119.1	220.5	341	340	167.6	339.6	233	260.1	225.3	253.2	149.8	370.7	570.5	553.6	544.2	594.7
Cxcl10	22	105.4	132.7	58.7	0	0	43	24.5	75	2.7	0	0	65.4	0	0	32.4	25.4	75.7	0	7.7	15.9	24.3	12.1	10.4
Fam214a	458.8	308.1	341	670.5	143.7	318.5	314.7	187	475.4	239.5	18.7	108.3	284.1	211.3	196.6	324.8	627.5	545.7	365	252.7	406.6	383.7	59.7	94.5
Ano8	63	23.4	117.2	106.5	61.5	81	77.9	82.2	153	147	144.3	115.4	103.7	165.1	37.9	113.3	147.8	100.4	97.5	123.1	277.7	276.4	104	79.6
Ankrd27	1407.9	1131.3	1022.2	1253	899.4	1092.9	935	734.4	899.6	915.8	1033.5	879.5	1070.2	1076.9	1013.7	863.2	324.7	419.1	541	632.3	1012.1	1155.7	1576.1	1880.4
Myl12b	1318.7	948.4	1205	900.9	1294.1	1502	940	946.8	1201.5	883.2	862.3	675.5	1487.6	1436.4	1329.7	629.4	940.1	1059.3	544.5	1224.8	2765.1	2724.8	5436.9	5119
Nudt19	321.3	516.6	306.4	534.7	704.3	590.4	403.6	577.7	434.4	774.3	548.9	455.4	651.2	735.1	569.5	702.3	765.7	756.7	816.8	633.6	1074.2	1053.1	1672.1	1665.6
Mrpl34	321.3	365.2	302.8	125	534.8	475	596.4	333.9	323.5	593.3	276.7	553.8	620.1	490.8	372.8	251	482.2	480.2	341.2	914.4	616.7	678.1	940	849.6
Tbxa2r	140.7	240.8	230.8	242.3	165.2	186.7	191.8	129.2	22.6	66.7	100.2	53.7	32.7	230.3	23.3	174.1	411.9	376.9	600.4	233.4	1417.9	1483	0	0
Lrr1	0	0	70.6	71.7	45	218.3	119.9	161.6	63.7	98	107.7	95.7	4.8	52.8	112.1	144.7	42.4	52.4	148.6	218	183.8	172.3	287.8	221.9
Cactin	232	349.8	300.7	261.9	263.8	288.3	403.6	234	248.5	370.1	585.6	116.3	328	413.7	378.7	231.7	634.8	212.5	255.6	437.3	1733	1878.4	962.9	1088.4
Rps29	43532.6	43441	68035.8	67766.4	41742.5	39128.6	66695.3	49788.1	39950	58772.1	76352.4	98418.1	45993.3	42159.8	54525.5	72739.3	39153.8	62637	75349.3	65337.2	10.3	14.9	15.4	16.2
Cog3	797.9	657.1	863.4	417.3	699.2	737.3	569.4	550.3	495	494	102.5	61.7	352.7	649.2	604.4	224.7	510	726.1	156.9	297.5	437.6	505.8	501.2	586.2
Pip5k1c	549.1	231.2	511.8	596.6	475.5	475	582.4	630.6	390.2	477.6	418	458.1	466.1	314.7	289.8	511	445.8	1107.4	550.5	500.2	3486	3348.9	1247.3	1272.1
Cobll1	206.8	253.9	281.7	290.2	203.1	240.3	126.9	274.2	212.6	65.3	101	72.5	168.4	159.9	244.7	187.2	238.7	206.6	306.7	318.1	646.1	580.2	18.8	42.7
Ncaph	112.3	113.4	119.3	143.4	755	285.6	651.3	390.7	790.7	685.8	833.1	656.7	454.9	853.9	544.7	779.2	765.7	975	686	729.8	2406.2	2455.5	1070.9	1199
Sidt2	931.3	304.4	795.6	665.1	148.7	366.6	488.5	561	561.7	272.2	447.2	475.1	371.1	294.2	428.2	659.8	932.8	538.4	667	786.2	1900.9	1852.6	1798.9	1880.4
Tjp3	11.5	16.8	26.8	89.1	69.4	86.5	55.9	0	90.4	72.1	17.9	24.2	4.8	57.2	67	7.1	14.5	39.3	22.6	87.2	296.8	360.2	207.3	173.4
Dhcr24	420	409.1	357.2	257.6	264.5	362.5	508.5	361.3	229	390.6	185.5	295.3	156.4	327.9	374.3	357.2	126	190.6	225.9	284.7	180.6	116.7	65.8	114.5
Rnf44	1920.2	1649.4	2098.7	1318.2	1673	1696.9	1741.2	1758.5	1560.9	1452	1165.1	973.4	1348.7	1688	1906.5	1512.9	1802.7	2067.8	1617	1347.9	1124.3	1230.9	314	277.6
Rtkn	134.4	193.9	206.1	222.8	30	64.5	45	105.7	0	4.1	17.9	22.4	24.7	27.1	24.8	74.9	31.5	103.3	27.3	70.5	2.4	6.3	14.8	25.2
Dhx8	303.4	781.5	427.1	445.6	500.5	690.6	335.6	476.8	461.1	688.6	450.9	357	412.6	352.1	316	275.3	636	499.1	493.4	448.9	1150.6	1178.4	976.9	942.1
Mrpl54	186.9	194.7	353	415.1	230.2	313	204.8	262.4	475.4	340.2	418	264.8	290.5	417.4	219.9	322.8	204.7	218.3	278.2	351.4	634.2	624.1	675.7	548.7
Synrg	1071.9	990.8	739.1	1017.2	552	1121.7	664.3	742.2	980.7	1002.9	1136	1048.6	869.9	688.1	986	717.5	455.5	838.2	845.3	584.8	653.3	501.9	308	377.9
Cog7	709.7	371.7	489.9	536.8	317.4	256.7	474.5	417.1	592.5	450.4	550.4	447.4	383.9	402	337.9	414.9	436.1	406	380.5	522	558.6	494.1	836.7	707.9
Cebpa	1	1.5	1.4	6.5	59.3	9.6	21	30.4	67.8	40.8	38.9	20.6	197.1	314.7	161.7	150.8	147.8	165.9	123.7	221.9	168.7	155.8	1174.2	1227.5
5031414D18Rik	0	21.2	16.9	6.5	0	37.1	1	33.3	23.6	12.2	20.2	0.9	62.2	0	4.4	10.1	49.7	45.1	39.2	38.5	549	548.9	100	75.1
Dopey1	623.6	477.9	368.5	415.1	269.5	436.6	364.6	308.4	287.5	347	573.6	251.4	632.9	240.6	369.9	263.1	523.4	358	395.9	330.9	283.3	212.2	130.2	111.9
Dapk3	45.1	37.3	31.1	4.3	24.3	23.3	0	25.5	56.5	29.9	33.7	25.1	20	0.7	11.7	5.1	0	24.7	3.6	24.4	558.6	565.3	1039.3	883.9
Parm1	56.7	0	23.3	21.7	74.4	34.3	184.8	51.9	496	342.9	278.2	420.5	27.9	100.5	72.8	149.8	0	82.9	1.2	44.9	0.8	8.6	0	0
Hrh2	17.8	49	14.8	58.7	0	0	0	27.4	20.5	0	30.7	90.4	20.7	0	32	25.3	14.5	48	78.5	64.1	122.5	140.2	69.1	107.4
Vat1	449.4	376.1	223.8	251	158.7	192.2	247.7	192.9	116	118.4	143.6	72.5	321.6	366.8	107.8	162.9	192.6	49.5	99.9	137.2	12.7	18	55.7	78.9
Eef2	18006.6	18090.5	19874.9	15820.4	14955.9	13180.2	13731.5	9870.7	14342.5	8804.5	14056.4	20436.8	16782.5	15623.9	8954.1	14820.1	12550.9	8975.4	15175.7	6546	15379.3	15611.5	18708.2	19087.9
Foxn2	208.9	209.3	158.1	122.8	144.4	289.7	461.5	246.7	345	266.7	203.4	36.7	454.9	306.6	256.3	237.8	409.5	149.9	171.2	260.4	449.6	353.9	756.9	797.8
Dpp4	294	289.1	430.6	580.3	63.6	259.5	295.7	440.6	119.1	269.4	498.8	392.8	779.7	508.4	503.9	654.7	517.3	988	680.1	675.9	2171.5	2060.1	532.8	639.3
Igsf6	0	0	52.2	20.6	0.7	0	128.9	69.5	91.4	42.2	17.2	97.5	137.3	492.2	182.1	88	12.1	14.6	0	170.6	127.3	114.3	3605.8	3771.8
Rundc1	156.4	165.4	224.5	558.6	143	105.7	39	197.8	9.2	274.9	181	213.8	186.7	182.7	158.7	48.6	282.3	167.3	362.6	168	420.1	368.8	528.7	499.5
Zbtb7a	4301.4	3596	2646.5	2447.3	1881.8	1959.2	2697.1	2670.1	2218.1	2132.4	2188.2	2024.7	2582.5	1887.5	2037.5	2145.3	1965	2524.7	2094.9	1900.7	1397.3	1544.1	899.8	957.7
Baz1a	1162.2	1432.8	1063.8	957.4	1537.9	1430.6	2095.8	2247.1	2959.5	2874	2690.7	2833.5	2378.2	3059	3233.3	2709	2300.6	2574.2	2419.5	3473.1	1266.8	1444.6	2076.7	2141.8
Ncapd3	772.7	826.2	614.9	568.4	436.9	825.1	1079.9	838.1	1009.4	1411.2	829.4	503.7	699.1	970.5	1006.4	468.5	993.4	1429	574.3	774.6	1499.1	1568.4	1108.5	1130.4
Map2k2	930.2	756.7	643.1	608.6	734.3	745.5	398.6	557.1	738.3	574.3	858.5	637.9	490.8	466.6	722.4	686.1	607	797.4	629	699	2343.3	2245.6	2654.4	2355.3
Ccl5	10.5	16.1	91.8	1.1	4.3	22	78.9	81.3	84.2	68	64.3	203.1	4.8	6.6	119.4	155.8	94.5	123.7	98.7	450.2	50.1	45.4	0	5.8
Zc3h12b	54.6	80.5	141.9	160.8	89.4	11	77.9	47	55.5	24.5	53.1	152.1	44.7	41.1	5.8	43.5	38.8	32	121.3	75.7	49.3	74.4	4	8.4
Kri1	522.8	578.8	335.3	370.6	286.7	395.4	320.7	377.9	335.8	311.6	296.1	415.1	467.7	201.7	206.8	362.3	272.6	254.7	368.6	269.3	145.6	125.3	45.6	78.3
Anapc13	1037.3	716.4	584.5	716.1	819.4	972	690.3	667.8	847.2	491.3	1377.5	1751.8	583.4	677.8	798.1	631.5	865	823.6	763.3	900.3	292	277.2	368.4	418.7
Rrp12	273	330	144	113	321	214.2	103.9	199.7	395.4	259.9	416.5	240.7	181.2	288.3	307.3	284.4	249.6	257.6	199.7	345	849	729	1222.5	987.4
Dhx57	164.8	286.9	199.8	264.1	492.6	227.9	225.8	288.8	118.1	281.7	217.6	109.2	153.2	199.5	233	172	245.9	229.9	363.8	221.9	415.4	472.9	236.2	253
Zc4h2	180.6	152.2	115.8	93.5	329.6	197.7	261.7	178.2	417.9	127.9	35.1	14.3	93.4	95.4	228.7	141.7	390.1	269.2	88	42.3	100.3	110.4	161	208.4
Eef2k	1192.7	1255.7	970.7	1056.3	1101.1	1412.7	1179.8	1309.1	842	662.7	746.3	629.9	1831.6	1502.4	1163.7	888.5	1814.8	1667.6	1561.1	1135	3844	3876.6	2113.6	1976.8
Xkr6	32.5	176.4	127.1	114.1	62.2	101.6	94.9	40.1	30.8	0	52.3	0	1.6	43.3	13.1	57.7	4.8	18.9	0	0	0	0	0	0
Oma1	689.8	477.1	468	405.3	343.2	284.2	373.6	445.5	237.2	317.1	187.7	320.3	288.1	658.8	480.6	300.6	396.2	842.5	466.1	482.2	338.2	324.9	744.8	724.1
Mtmr9	108.1	64.4	139.8	26.1	2.9	22	53.9	72.5	0	91.2	127.1	43.8	43.9	192.2	179.1	81	116.3	40.7	104.6	59	429.7	476.8	400.6	416.7
1700020L24Rik	6.3	0	26.8	27.2	42.9	0	69.9	31.3	0	61.2	35.9	67.1	45.5	159.9	112.1	107.3	0	0	19	75.7	8.8	10.2	167.7	107.4
Becn1	1431	1084.5	842.9	913.9	825.8	937.7	800.2	771.6	1208.6	979.8	1072.4	1554.1	1068.6	1189.9	1306.4	1293.3	1017.6	902.2	1254.3	1363.3	1435.4	1467.3	1566.1	1534.2
Secisbp2l	200.5	172.7	403.1	526	477.6	185.3	397.6	343.7	364.5	334.8	283.4	369.5	312	186.3	249	287.4	198.7	633	388.8	321.9	603.1	601.3	274.4	148.8
Fam167a	144.9	16.8	63.5	38	87.9	92	82.9	142	0	46.3	0	0	161.2	26.4	75.7	39.5	93.3	167.3	134.4	33.3	89.1	79.1	3.4	0.6
Egln3	260.4	174.9	196.2	189.1	68.6	65.9	150.8	293.7	190	171.5	118.9	171.8	537.1	580.3	479.2	364.3	533.1	352.1	529.1	491.2	128.1	164.4	574.4	581.1
Dcbld2	78.7	143.4	180.7	95.6	40	262.2	169.8	28.4	1	50.4	75.5	21.5	4.8	5.9	0	9.1	0	0	0	16.7	40.6	38.4	0	0
Neil2	382.2	330.8	322.6	230.4	203.1	65.9	58.9	40.1	0	9.5	6	0.9	63.8	0	2.9	9.1	13.3	55.3	9.5	7.7	0	0	0	0
Gcfc2	678.2	954.2	706.6	1046.5	977.4	998.1	617.3	987.9	525.8	611	717.9	502.8	676	696.9	898.6	671.9	580.3	743.6	662.2	375.8	122.5	126.1	177.8	270.5
Wdr78	55.6	100.3	16.2	5.4	41.5	155.1	42	80.3	69.8	156.5	83.8	29.5	101.4	90.2	100.5	100.2	100.6	81.5	102.2	73.1	31	29	16.1	10.4
Arhgap5	322.3	611	225.9	343.4	331	442.1	260.7	363.3	338.9	231.3	385.9	219.2	471.7	308.8	208.3	164.9	132.1	320.1	229.5	280.9	429.7	414.2	209.3	135.9
Secisbp2	1047.8	689.3	908.5	903.1	629.9	1075	1103.8	1028.1	1092.6	1413.9	1147.2	914.4	1122.1	763.7	881.1	841.9	685.7	695.6	1272.2	917	340.6	287.4	162.4	188.9
Nubpl	136.5	161.7	186.4	139.1	199.5	93.4	133.9	314.3	40	145.6	134.6	438.4	146	109.3	176.2	282.3	196.3	184.8	164.1	34.6	131.3	101	179.2	166.9
Eif2s3x	232	292.7	212.5	261.9	417.5	247.1	119.9	208.6	190	197.3	326.1	305.1	211.5	263.4	302.9	487.8	210.8	395.8	359.1	518.1	74	99.4	103.3	118.4
Elmod2	348.6	281	245.7	159.7	219.5	160.6	350.6	296.7	130.4	283	376.9	343.6	182	131.3	254.9	258	218.1	193.5	174.8	262.9	224.4	196.5	430.1	511.8
Ap2b1	308.7	517.4	225.9	464	410.4	486	242.7	443.5	482.6	485.8	634.2	578	434.9	389.5	365.6	548.5	501.6	510.8	537.4	498.9	941.3	1001.5	793.8	975.1
Mitf	153.3	154.4	144	329.3	85.1	238.9	48.9	152.7	164.3	50.4	127.1	144	110.1	68.2	164.6	93.1	106.6	216.8	122.5	61.6	43.8	20.4	87.9	108.7
Ints6	67.2	374.7	48.7	281.5	105.1	302	61.9	224.2	100.6	257.2	258.8	247.8	290.5	183.4	235.9	124.5	421.6	436.5	296	242.4	752.7	688.3	762.9	703.4
Zc3h12c	159.6	72.4	119.3	51.1	10.7	72.8	124.9	128.3	104.7	31.3	75.5	125.3	3.2	16.1	77.2	100.2	149	77.1	58.3	115.4	249.9	290.5	59	51.1
Tanc1	382.2	275.2	318.4	299.9	251.7	372.1	246.7	377	377.9	378.3	529.5	583.3	202.7	349.9	349.5	200.4	293.2	132.4	420.9	243.7	308.7	359.4	112.7	91.9
1110059E24Rik	704.5	543.7	528	383.6	583.4	508	519.4	273.2	389.2	240.9	489.8	383.8	664.8	663.9	400.5	598.1	596	448.2	787.1	610.5	586.4	539.5	540.8	478.2
Ccdc186	370.6	473.5	331.1	367.3	459	310.3	229.8	289.8	342	240.9	228.1	365.9	160.4	379.3	294.2	349.1	409.5	326	167.6	201.4	195.7	169.1	95.3	67.9
Heatr5a	2165.9	2242.2	1943.4	2176.7	1880.4	2832.4	2507.3	2110	2227.3	2290.2	2133.6	2162.5	1963.2	2285.1	1995.3	1759.8	1518	1523.5	1205.6	1173.5	324.6	381.3	454.3	599.2
Slc24a5	838.9	652	792.8	607.5	434.7	550.5	621.3	616.9	284.4	225.9	240.1	117.2	71.8	144.5	84.5	149.8	0	8.7	29.7	39.8	8.8	5.5	6	6.5
Tubg1	43	75.4	153.2	181.5	136.6	236.1	192.8	74.4	477.5	208.2	359.7	258.6	454.9	140.1	307.3	133.6	256.8	82.9	104.6	251.4	1060.7	1111.9	784.4	868.4
Arl6ip5	77.7	43.9	42.4	107.6	22.2	100.2	9	100.9	133.5	47.6	66.6	107.4	46.3	60.9	100.5	103.2	30.3	62.6	102.2	29.5	1046.3	1035.9	848.1	883.3
Lars2	268.8	493.2	252.7	163	454	906.1	489.5	520.9	510.4	481.7	318.6	716.7	723.8	451.9	429.6	325.8	428.9	685.4	411.4	763.1	7817.8	8037.5	5824.1	5331.2
Epn1	260.4	176.4	212.5	267.3	370.4	188.1	222.8	329	275.2	366.1	422.5	413.4	334.4	301.5	179.1	302.6	247.1	279.4	346	473.3	439.2	538.7	182.5	158.5
Sppl2b	265.6	185.9	115.8	81.5	206.6	145.5	263.7	166.5	81.1	145.6	151.8	107.4	115.7	241.3	88.8	181.1	138.1	62.6	114.1	305.2	688.3	682.8	993.7	897.5
Slfn8	338.1	651.3	466.6	368.4	521.2	325.4	225.8	474.9	356.3	186.4	371.7	410.7	387.9	206.9	365.6	736.7	731.7	707.2	696.7	531	583.2	519.9	180.5	100.9
Leprot	1498.2	1116	1918	1671.4	1084.6	875.9	1438.5	1418.8	1148.1	1679.2	1438.1	1262.4	1033.5	1046.1	1045.7	1155.7	783.8	1426	1128.3	1040.1	822.8	781.4	868.2	862.5
Lsm7	2007.4	1288.7	1747.9	1962.6	1594.4	1504.7	1590.3	1669.4	1439.7	2035.8	2805.2	2907.8	1347.1	1861.8	1976.4	3368.8	1335	1417.3	2999.7	2452.2	8.8	9.4	3.4	11.6
Spcs2	1784.8	2120	2095.9	2018	2230	1843.8	2344.5	2105.1	1816.6	2189.5	1861.4	1279.4	2429.3	2853.6	2745.4	2921.5	2355.1	1907.7	2028.3	2247	4162.3	4113.9	8320.8	7890.4
Pdk3	955.4	845.9	1048.3	1474.7	987.4	1043.4	915	1644.9	1059.7	1337.7	1984.8	1279.4	1131.7	1252.2	1007.8	1431.9	826.2	640.3	803.7	1035	914.3	923.9	1730.5	1498
Fam175a	378	259.1	311.3	282.5	266	488.8	351.6	308.4	963.2	450.4	737.4	242.5	390.3	322	573.8	618.3	418	307	417.3	410.4	296.8	280.3	225.4	281.5
Trim13	268.8	313.2	232.3	183.7	285.3	410.5	457.5	222.3	204.4	300.7	198.9	80.5	491.6	534	549.1	408.8	330.7	267.7	220	178.3	85.9	104.9	134.9	78.3
Scai	1081.4	1201.6	923.4	958.5	991.7	895.2	635.3	680.5	828.7	511.7	714.9	602.1	609.7	720.4	910.3	567.7	1046.7	515.1	632.5	528.4	68.4	76.7	49	24.6
Neu3	152.2	102.5	102.4	169.5	187.3	395.4	311.7	140	64.7	80.3	127.9	165.5	67	25.7	93.2	84	80	126.6	60.6	68	86.7	61.9	54.3	95.8
Oaz1	10958.7	10933.6	15891.3	14164.2	10530.2	11053.5	18662.2	16225.3	13418.3	18988.8	19875.4	25396.1	13571.1	11786.5	17743.6	17569.5	11500.6	16534.9	17512	18063.1	1196.7	1172.2	1110.5	922.1
Pcyt1b	99.7	54.2	69.9	130.4	61.5	98.9	276.7	74.4	168.4	72.1	83	52.8	99	70.4	18.9	59.7	81.2	71.3	45.2	12.8	15.1	18	16.8	6.5
Hectd1	5772.3	3924.6	4774.9	4425.1	3860.9	4695.4	3644.1	4455.1	5286.4	4512.5	4514	5213.4	3446.8	3488.2	4143.5	3264.6	3165.6	3729.6	3203	3664.2	1256.4	1328	927.3	786.8
Zcchc6	1809	2228.3	1234	1999.6	1996.9	2086.9	1201.7	1493.2	2504.6	1677.9	2132.1	2171.4	1741.4	1542.7	1702.6	1479.5	1581	1832	1599.1	1368.5	1289	1228.5	607.2	474.3
Helq	72.4	124.4	66.4	77.2	100.8	118.1	95.9	80.3	58.5	261.3	109.2	51	176.4	122.5	55.3	77.9	121.1	132.4	99.9	41	265	278	115.4	141.1
Pkig	424.2	376.9	456	503.1	404.7	506.6	368.6	462.2	542.2	436.8	481.6	444.7	952.9	525.2	553.4	539.4	374.3	407.4	487.5	622	3642.7	3746.7	1138	1151.1
Hpse	121.8	26.3	117.9	61.9	69.4	37.1	33	38.2	0	64	26.9	60.8	76.6	83.6	84.5	63.8	150.2	129.5	69	232.1	992.2	904.4	1299	1278
Raver2	148	224.7	170.1	227.1	10	109.8	99.9	172.3	10.3	32.7	4.5	0	0	11	16	30.4	126	39.3	25	0	16.7	11.7	0	0
Plekhj1	226.8	227.6	302.1	264.1	165.9	229.3	191.8	244.8	172.5	337.5	213.1	365.9	250.6	245	406.3	297.5	207.2	221.2	307.9	427.1	963.6	1008.5	1212.5	951.8
Vps13c	241.5	548.1	192	276	153.7	367.9	183.8	316.3	188.9	194.6	228.8	309.6	395.8	253.8	230.1	236.8	199.9	145.5	135.5	134.7	91.5	52.5	194.6	183.1
G2e3	363.3	485.2	344.5	528.1	960.2	477.8	485.5	370.1	818.4	668.2	635.7	440.2	385.5	537.7	434	617.3	908.6	803.2	585	445	431.3	454.1	335.5	313.2
Cops4	715	803.5	1112.6	803.1	526.2	899.3	1314.6	1137.8	850.3	847.8	1382	1630.1	648.8	874.4	820	1270	1161.8	880.4	1375.6	1246.6	1950.3	2046.8	2219.6	2341.7
Lin54	350.7	256.9	159.5	268.4	575.6	366.6	624.3	252.6	437.5	638.2	455.4	369.5	435.7	687.4	528.7	252	195	515.1	280.6	434.8	476.6	565.3	459.6	562.3
Gnptab	557.5	467.6	858.4	598.8	895.9	752.4	854.1	880.2	692.1	835.5	661.8	838.3	1039.1	761.5	954	1009.9	1067.3	937.1	884.6	982.4	1830.1	1952	1564.7	1543.3
Sec31a	1866.7	1668.5	1979.4	2141.9	1469.3	2014.1	2187.7	1705.7	2152.4	1726.9	1963.1	1940.6	1385.4	1897	1741.9	1989.5	1520.4	1389.7	2328	1430	2625.8	2681	3306.6	3326.6
Fbxo33	450.4	558.4	626.9	327.1	586.3	299.3	501.5	423	383	579.7	648.4	501.9	628.1	562.7	387.4	625.4	697.8	615.5	500.5	289.9	311.1	311.6	885	791.4
Lzts2	841	840.1	752.5	683.5	684.9	458.6	625.3	586.5	439.5	390.6	295.4	135.1	454.1	250.2	492.3	403.8	656.6	321.6	462.5	409.1	619.9	688.3	245.6	390.8
Nup37	625.7	693.7	877.5	719.4	855.1	580.8	1245.7	864.6	1043.3	1250.6	1100.1	752.4	438.1	983	978.7	873.3	689.3	1087	1018.9	838.8	727.3	693.7	932	929.8
Uvrag	565.9	676.9	578.9	1219.3	728.6	822.4	978	673.6	595.6	1106.3	963.2	857.1	664	607.4	732.6	818.7	1038.2	1008.4	1411.3	994	2626.6	2508	1013.2	918.2
Nfkbiz	198.4	595.7	309.2	177.1	231.7	74.1	95.9	140	122.2	34	127.1	5.4	277.7	74.8	196.6	158.9	146.6	115	200.9	238.6	566.5	490.9	5.4	12.9
4930524J08Rik	60.9	16.1	30.4	66.3	33.6	90.6	164.8	62.7	43.1	114.3	101.7	144.9	57.5	30.8	62.6	81	72.7	4.4	47.6	6.4	4	7	4.7	4.5
Parpbp	42	32.9	60	0	123	286.9	86.9	60.7	135.5	265.4	139.1	109.2	67.8	139.4	128.2	173	73.9	238.6	128.4	84.6	276.9	285	167.7	218.7
Rmi1	273	205.6	230.8	289.1	238.8	461.3	322.7	410.3	263.9	249	210.1	131.5	178	167.3	268	210.5	235	189.2	321	166.7	93.9	99.4	202.6	196.7
Adat3	0	2.9	0	0	0	9.6	4	11.7	0	0	32.2	6.3	0	31.5	65.5	0	0	58.2	39.2	14.1	80.4	66.6	68.4	64.1
1810055G02Rik	43	75.4	58.6	38	58.6	0	8	54.8	0	10.9	0	36.7	0	0	30.6	12.1	14.5	0	70.1	33.3	74	77.5	176.5	267.2
Hacd2	169	183.7	254.1	185.8	166.6	476.4	681.3	257.5	117.1	382.4	47.9	0.9	212.3	253.8	463.1	110.3	338	302.7	33.3	289.9	206.9	223.9	596.5	610.8
Shq1	436.8	400.3	542.2	437.9	313.9	367.9	407.6	629.6	509.3	555.2	596.8	704.1	686.3	493	586.9	569.7	275	493.3	405.4	345	281.7	255.3	725.3	643.2
Pcsk7	192.1	221.7	437	449.9	70.8	241.6	390.6	364.2	116	280.3	191.4	199.5	333.6	307.4	320.4	405.8	225.3	231.4	438.7	197.5	584.8	527	532.8	581.7
Dennd1a	260.4	175.6	400.3	194.5	296	347.4	141.8	279.1	324.5	393.3	273	278.3	284.1	363.1	311.7	457.4	416.7	327.4	462.5	252.7	650.1	628	567	583.7
Klf16	225.7	275.9	344.5	178.2	388.9	240.3	252.7	378.9	340.9	322.5	325.3	257.7	234.6	302.2	254.9	374.4	289.5	224.1	363.8	323.2	276.9	263.9	175.1	205.8
Oser1	162.7	406.9	278.8	243.4	305.3	358.3	298.7	425.9	345	306.2	682	535.9	457.3	662.4	294.2	669.9	507.6	272.1	327	405.3	198.1	216.1	226.8	240.7
Emsy	1291.4	785.2	1136.6	1558.3	1023.8	1084.6	877.1	1008.5	1270.3	1222	1055.2	862.5	1041.5	1024.1	943.8	1240.7	1627	1229.6	1101	1453.1	650.1	592.7	139.6	150.1
Tmem98	77.7	100.3	165.2	94.5	196.6	230.7	463.5	236	131.4	215	140.6	181.6	25.5	269.2	148.6	117.4	87.2	84.4	86.8	68	289.6	258.4	34.2	36.2
Rabgap1	1348.1	1342.1	1201.5	1521.4	1107.5	967.9	702.3	1016.3	1082.3	699.5	802.4	911.7	963.3	674.2	991.8	1057.5	943.7	973.5	1115.2	715.7	658	665.6	456.9	495.7
Haus8	178.5	327.8	144	244.5	195.9	365.2	331.6	269.3	416.9	480.4	707.5	884	572.2	396.9	342.3	552.5	330.7	419.1	378.1	447.6	610.3	567.7	773.6	620.5
Myo1d	334.9	308.1	414.4	295.6	422.6	402.3	198.8	202.7	115	171.5	184.7	348.9	23.9	96.8	90.3	51.6	1.2	18.9	0	125.7	34.2	33.7	10.1	5.2
Thyn1	404.2	172	129.9	90.2	276.7	65.9	136.9	270.2	312.2	161.9	234.8	161	288.1	381.5	244.7	233.8	242.3	193.5	147.4	259.1	139.2	135.5	300.6	279.5
Fignl1	247.8	210	308.5	205.4	783.6	915.7	781.2	666.8	1202.5	1475.1	986.4	925.1	796.5	807.7	1431.7	1175.9	871.1	771.2	853.7	664.4	1691.7	1660.7	2767.8	2963.6
Tnni3	161.7	113.4	58.6	85.9	30.7	31.6	48.9	81.3	78	40.8	3	39.4	63	0	14.6	41.5	23	8.7	21.4	57.7	8	3.9	0	0
Rcbtb1	913.4	614.7	345.9	516.2	294.6	583.5	628.3	784.3	511.4	298	108.4	192.4	786.9	794.5	668.5	218.6	938.9	893.5	485.1	609.2	631	649.1	435.5	397.9
Galm	140.7	120	149.7	91.3	28.6	15.1	56.9	65.6	48.3	19.1	39.6	33.1	31.1	48.4	30.6	33.4	38.8	29.1	61.8	46.2	19.1	14.9	269.1	203.8
Tab3	297.1	349.8	161.7	202.1	150.9	114	183.8	143	240.3	219.1	68.8	82.3	367.1	281.7	84.5	207.5	163.5	157.2	107	206.5	137.7	191.1	60.4	97.1
Mbd3	325.5	278.1	296.5	154.3	545.5	502.5	199.8	378.9	545.3	313	463.7	465.2	500.4	338.2	419.4	531.3	422.8	424.9	653.9	985	3244.9	3501.6	2683.9	2504.2
Tgfbi	108.1	92.2	203.3	206.5	154.4	97.5	250.7	167.4	0	117	138.4	309.6	118.9	187.8	139.8	114.4	115.1	186.3	143.9	329.6	74.8	65.8	854.2	936.3
Tstd2	765.4	605.9	638.9	892.2	308.2	756.5	714.2	680.5	619.2	579.7	710.5	1238.3	515.6	695.4	610.2	691.2	718.4	681	645.6	587.4	476.6	480	773.6	742.2
Cdcp1	214.2	340.3	366.4	465.1	175.2	361.1	70.9	305.5	81.1	212.3	123.4	71.6	112.5	23.5	94.7	152.8	115.1	66.9	82	48.7	11.9	10.2	0	0
Cox18	260.4	180	329	231.5	572	361.1	281.7	338.8	163.3	322.5	395.6	336.4	208.3	386.6	289.8	375.4	226.5	346.3	297.2	528.4	256.2	281.9	381.8	447.1
Tdrd7	527	394.4	627.6	462.9	368.9	144.2	611.4	569.9	177.7	333.4	99.5	8.9	95	366.1	273.8	136.6	170.8	253.2	160.5	264.2	206.9	230.2	389.8	472.4
Gnptg	231	245.1	324	495.5	366.1	201.8	344.6	299.6	272.1	285.8	277.4	127	308.9	270.7	281.1	254	276.2	352.1	235.4	329.6	425.7	396.2	471.7	489.2
Prdm4	212.1	147.8	195.5	82.6	276	90.6	153.8	205.6	41.1	227.3	283.4	116.3	118.1	235.5	193.7	173	238.7	109.1	170	310.4	571.3	493.3	372.4	430.3
Eif1	4191.2	4301.4	3364.5	3561.2	3514.1	2988.9	3019.8	2903.1	3484.2	4047.1	3316.7	3160.1	3512.3	3969.4	3258	2525.8	3619.9	2846.3	3273.2	3448.7	2119	2286.4	1274.9	1195.8
Leng8	407.4	214.4	336.7	305.4	198	212.8	216.8	267.3	103.7	156.5	207.2	175.4	133.3	134.2	176.2	219.6	110.2	304.1	225.9	187.2	833.9	964.7	330.8	382.4
Capn5	355.9	669.6	738.4	559.7	386.1	459.9	502.5	341.7	43.1	262.6	386.6	416	573.8	176.8	329.2	213.5	239.9	368.2	453	391.2	822	910.6	83.9	80.2
Mpv17l2	93.4	52	55.8	107.6	145.1	101.6	62.9	88.1	71.9	78.9	101	166.4	61.5	222.3	77.2	147.7	100.6	104.8	69	125.7	395.5	408.7	628	525.4
Aldh1b1	127	207.8	223.1	243.4	110.1	103	215.8	161.6	166.4	149.7	155.6	81.4	404.6	348.5	106.3	349.1	265.3	211	365	186	897.6	914.5	1571.4	1462.4
Ankrd11	7946.6	7454.7	4021	5386.8	6062.3	5557.6	3547.2	4470.7	4875.7	4471.6	5279.8	5667.9	7027	6064.5	4775.6	4946.4	6489.9	5365.1	5861.5	5450.7	2729.3	2874.4	697.1	828.9
Dcaf10	459.9	652.8	269.7	322.8	351.1	468.2	212.8	270.2	348.1	476.3	273.7	323	446.1	272.9	323.3	206.4	402.2	390	404.2	192.4	371.6	346.9	418	367.5
Utp6	698.2	382.7	554.2	733.5	852.3	560.2	506.5	671.7	420	691.3	524.2	540.4	478.8	528.2	653.9	687.1	517.3	440.9	555.2	761.8	1078.2	1037.5	1864.6	1890.7
Tsen34	391.6	276.6	460.3	431.4	260.3	384.4	285.7	449.4	405.6	291.2	222.1	333.7	523.5	373.4	336.4	379.5	338	563.1	416.1	383.5	558.6	626.4	713.2	592.1
1600002K03Rik	117.6	54.9	68.5	48.9	1.4	35.7	141.8	118.5	19.5	40.8	24.7	330.1	20	10.3	61.2	83	92.1	179	88	103.9	67.6	102.6	108.7	66.6
Mboat7	593.2	543	369.9	395.6	574.8	675.5	483.5	389.7	413.8	228.6	610.2	397.2	541.1	460	384.5	555.6	722	494.8	645.6	504	931.8	872.3	810.5	951.8
Prpf39	1407.9	1299.7	1083.6	1111.7	1342	1025.6	1374.5	1064.3	757.8	817.8	881.7	703.2	1185.1	947.1	632.1	803.5	909.8	1004.1	997.5	552.8	437.6	422	362.3	480.1
Trmt10b	63	106.8	195.5	171.7	123	307.5	201.8	279.1	27.7	49	151.8	117.2	173.2	104.2	101.9	281.3	140.5	117.9	165.3	160.3	134.5	158.2	147.6	154.6
Fam179b	540.7	839.4	753.2	570.5	657.1	576.6	487.5	676.6	559.7	694	583.3	515.3	581.8	528.2	471.9	517.1	495.5	765.4	813.2	473.3	526	556.7	653.5	614.7
Ric8b	434.7	242.2	396	543.4	562	619.2	654.3	418.1	252.6	296.7	248.3	245.1	612.1	347.7	429.6	225.7	386.5	372.5	334.1	200.1	131.3	112	211.4	140.4
Midn	467.2	494	300	349.9	367.5	358.3	442.5	359.3	402.5	182.3	208.6	177.2	572.2	518.6	273.8	349.1	367.1	327.4	392.4	273.2	95.5	94.7	59.7	51.1
Rsf1	1999	2812.3	1579.2	1910.4	1842.5	2103.3	1586.3	1906.4	1822.7	1522.7	1850.9	1546.9	2466	2611.6	1966.2	1807.4	3015.4	2149.3	1676.4	1871.2	564.2	561.4	273.1	299.6
Rubcn	266.7	287.6	420	420.6	208.1	296.6	539.4	441.6	127.3	378.3	386.6	394.6	281.7	132.8	246.1	513.1	170.8	183.3	351.9	410.4	1115.6	1145.5	212.7	264
Cnot3	421	847.4	448.3	530.3	674.2	453.1	530.4	468	956	613.7	676.8	673.7	708.7	809.9	546.2	776.2	1112.1	782.9	573.1	738.7	942.9	1006.2	579.1	623.8
Grhpr	250.9	97.3	223.1	139.1	248.8	112.6	142.8	118.5	7.2	72.1	24.7	160.2	119.7	122.5	99	145.7	31.5	21.8	27.3	100	564.2	498	562.9	397.9
Cbarp	112.3	133.2	258.4	202.1	124.4	134.5	154.8	187	110.9	46.3	111.4	81.4	75.8	57.2	46.6	39.5	18.2	218.3	78.5	109	10.3	8.6	2	0
Aamdc	452.5	359.3	283.8	159.7	495.5	304.8	324.7	308.4	118.1	330.7	507	462.6	514	267.8	240.3	316.7	346.5	155.7	315.1	291.1	158.3	176.2	160.4	148.8
Zcchc7	1739.7	2228.3	1334.2	2003.9	1530.8	1311.2	1550.4	1553.9	1374	1495.5	2042.4	1307.2	1411.8	1378.4	1484.1	1361.1	1665.8	1116.1	2041.4	932.4	399.4	371.9	202	225.8
Gtf3c4	804.2	740.6	489.9	521.6	552	800.4	731.2	553.2	597.6	503.5	670.1	832.1	766.1	627.2	646.7	584.9	567	426.4	551.7	469.4	693.9	722.7	786.4	770.7
Zswim4	123.9	102.5	110.8	58.7	70.8	5.5	139.9	78.3	103.7	103.4	102.5	157.5	100.6	33.7	93.2	79.9	93.3	64	142.7	87.2	705	739.9	206.7	293.1
Sbno2	45.1	132.5	57.9	59.8	103	160.6	0	119.5	82.2	19.1	32.9	85	86.2	1.5	87.4	86	60.6	80	129.6	59	833.1	915.3	815.9	720.2
Ndufa3	676.1	922.1	1152.8	1401.9	1208.3	1032.4	1777.1	1499.1	1265.1	2008.6	2221.1	2972.2	1458.1	1261	1437.5	1488.6	1084.3	1481.3	1834.5	1641.6	798.1	702.4	787.7	785.5
Melk	39.9	46.8	59.3	95.6	466.2	358.3	371.6	248.7	384.1	372.9	498.8	542.2	193.9	274.4	281.1	305.6	273.8	478.7	266.3	220.6	970.8	885.6	645.5	621.2
Isg15	245.7	156.6	100.2	138	144.4	61.8	78.9	117.5	30.8	44.9	20.2	121.7	50.3	65.3	20.4	63.8	78.7	21.8	72.5	60.3	82	75.2	36.2	38.2
Rnf38	680.3	765.4	972.1	825.9	980.2	1011.9	1320.6	1114.3	1322.6	1601.7	520.5	540.4	1154	1099.6	1656	703.3	1505.9	1677.8	1030.8	1163.3	1342.3	1293.5	925.9	827
Hmha1	2059.9	1648.7	1541.8	1497.5	1145.4	1088.7	1803.1	1412.9	1624.5	1358.1	2038.6	2071.2	1951.3	1382.1	1428.7	1558.4	1272.1	1501.7	1861.9	1292.8	5126.7	5197.6	3693.1	3933.5
Alg8	23.1	185.1	205.4	152.1	182.3	155.1	208.8	215.4	283.4	450.4	288.7	467.9	187.5	203.9	221.4	300.6	213.2	42.2	198.6	157.8	784.6	742.3	1433.9	1222.3
Dok3	155.4	64.4	83.3	83.7	5	27.5	64.9	57.8	43.1	9.5	3.7	9.8	42.3	88.8	77.2	15.2	69.1	42.2	44	234.7	794.9	891.1	1530.5	1401.6
Abca7	315	278.8	202.6	294.5	235.2	119.4	184.8	173.3	85.2	321.2	135.4	237.1	324.8	289	187.9	161.9	193.8	62.6	164.1	314.2	837.1	836.2	732	877.4
Prkx	238.3	275.2	371.3	454.2	252.4	346	180.8	264.4	47.2	273.5	98	120.8	215.5	325	326.2	153.8	237.4	378.3	206.9	229.6	407.4	481.5	310	329.4
Supt16	3122.4	3981.6	2768.7	2407.1	4491.5	3955.4	2515.3	4314.1	5472.3	4311.1	4532.7	4773.2	4209.8	5014.8	4279	4386.8	4406.1	4515.3	4287.3	3838.6	1062.3	1146.3	878.3	981
Wdr18	153.3	163.9	384.7	213	70.8	458.6	271.7	419.1	250.6	387.8	676	946.6	221.1	323.5	403.4	406.8	239.9	411.8	391.2	609.2	1533.3	1574.6	2881.8	2673
Selo	270.9	234.9	283.8	305.4	313.2	173	277.7	275.1	295.7	138.8	359	629	173.2	73.4	81.6	124.5	219.3	107.7	192.6	264.2	220.4	261.5	303.3	321.6
Tmem161b	303.4	417.1	134.8	435.8	325.3	289.7	69.9	221.3	141.7	157.9	380.7	247.8	375.1	304.4	348.1	206.4	329.5	161.5	374.5	130.8	93.1	66.6	75.8	130.1
Fbxo45	370.6	862	566.9	602	885.1	600	765.2	825.4	1009.4	590.6	625.9	1028	760.6	823.8	541.8	403.8	855.3	737.8	682.5	611.8	643.7	619.4	630	555.2
Dym	340.2	204.2	131.3	170.6	105.1	259.5	161.8	111.6	213.6	115.7	219.1	183.4	126.1	151.1	190.8	137.6	325.9	190.6	69	256.5	828.3	800.2	1128.6	1278
Xylb	5.2	0.7	0	21.7	10.7	133.2	57.9	46	23.6	25.9	17.9	0	0	0	0	1	0	0	9.5	1.3	54.9	53.2	179.8	129.4
Dync1li2	1037.3	1000.4	1186	1325.8	915.2	1086	801.2	804.8	408.7	613.7	975.9	1300.9	948.1	501.8	661.2	973.5	766.9	940	935.7	725.9	910.3	851.1	407.3	429.7
Mrps2	400	502	407.3	480.3	827.9	612.3	578.4	553.2	1013.5	574.3	608	482.2	1142	869.3	613.2	478.7	737.8	794.5	636.1	474.5	606.3	676.5	1165.5	1065.7
Cd99l2	245.7	357.8	294.4	376	381.1	256.7	212.8	265.3	328.6	183.7	188.5	291.7	136.5	220.8	179.1	385.6	385.2	50.9	147.4	156.5	106.6	91.6	81.2	129.4
Ggta1	694	400.3	335.3	273.9	387.5	234.8	648.3	676.6	510.4	740.3	193.7	235.3	469.3	850.2	1069	624.4	974	1338.7	757.4	874.7	580.1	602.1	649.5	722.1
R3hdm4	935.5	974.7	1195.9	1273.6	1146.1	902	1230.7	1043.8	976.6	1604.4	1810.5	1873.5	723	963.9	911.7	1319.6	544	698.5	1140.2	941.4	3018.1	2966.8	2157.2	1731.6
Cep19	626.8	534.9	480.7	664	622	409.1	585.4	411.2	226.9	148.3	442.7	283.6	367.1	428.4	349.5	281.3	426.4	697	668.2	420.7	249.9	256	305.3	317.1
Zdhhc17	1228.4	873	843.6	768.3	935.2	1212.3	876.1	732.4	915	677.7	258	178	897.8	483.4	469	251	510	592.2	443.5	318.1	233.1	166.8	171.1	174.7
Tk2	662.5	711.3	537.2	471.6	165.9	385.8	264.7	352.5	281.4	168.7	312.6	229	329.6	221.5	284	174.1	494.3	180.4	305.6	404	592	544.2	354.3	502.8
Pim3	536.5	304.4	316.3	369.5	271.7	359.7	230.8	257.5	110.9	293.9	305.1	336.4	194.7	214.2	252	255	150.2	279.4	430.4	127	742.4	690.6	576.4	607
Ppp1r26	443.1	502.7	326.8	481.4	350.3	282.8	561.4	381.9	158.1	240.9	284.2	201.3	550.7	321.3	326.2	175.1	267.7	311.4	262.8	159	27.1	33.7	52.3	42.7
Polr3g	494.5	527.6	420	569.4	333.9	366.6	299.7	463.1	504.2	485.8	462.9	348.9	486.8	218.6	307.3	363.3	210.8	232.8	368.6	191.1	156.8	130	200	278.9
Plppr3	554.3	215.1	269.7	239.1	196.6	307.5	514.5	276.1	208.5	231.3	247.5	210.3	887.4	855.4	509.7	904.7	898.9	411.8	611.1	323.2	563.4	548.9	3154.9	3201.1
Lysmd3	91.3	198.3	138.4	80.4	109.4	260.9	224.8	252.6	199.2	242.2	100.2	2.7	156.4	95.4	279.6	69.8	302.9	285.2	72.5	82.1	174.3	150.3	437.5	430.3
Ddx11	237.3	316.9	231.5	204.3	476.9	89.2	345.6	165.5	510.4	144.2	359	361.5	363.1	373.4	294.2	192.3	256.8	187.7	187.9	279.6	497.3	404.8	485.1	445.2
Alg12	13.6	16.8	24	42.4	62.2	26.1	28	12.7	10.3	23.1	26.2	44.7	43.1	24.2	18.9	31.4	32.7	58.2	33.3	30.8	143.2	162.1	213.4	224.5
Ids	732.8	430.3	797	592.3	388.2	443.5	805.1	509.2	297.8	466.8	429.3	622.7	524.3	568.5	565.1	525.2	581.5	558.8	763.3	613	348.5	252.1	200	130.7
Ythdc1	3505.6	3239.6	2275.2	2749.4	2799.8	2691	2242.6	2506.6	2689.4	2158.2	1922	1402	2734.2	3128.7	2414.7	2049.2	3382.4	2607.6	1985.5	2053.3	671.6	697.7	592.5	554.5
Palm	0	2.9	16.9	20.6	98	1.4	11	67.6	67.8	68	139.8	28.6	216.3	176.8	103.4	187.2	132.1	36.4	143.9	230.9	1890.6	1926.2	3630	3300.7
Zhx3	131.2	109.8	134.1	106.5	160.9	146.9	78.9	96.9	163.3	127.9	23.2	101.1	45.5	63.1	65.5	101.2	135.7	133.9	118.9	147.5	252.2	303.8	106	133.9
Cox8a	3521.3	3227.9	3339.8	2425.5	4360.6	4588.3	4606.1	3586.6	5178.6	4079.7	4513.2	6279.9	4306.4	5008.9	4126	3905.1	4620.6	3706.3	2640.6	4114.4	1893	1915.2	2418.2	2374.1
Rnf126	233.1	199	151.8	78.2	228.8	259.5	208.8	126.3	173.5	239.5	187.7	231.7	289.7	264.8	208.3	63.8	84.8	259	230.7	392.5	694.6	729.8	581.1	541
Cerk	887.2	523.2	657.9	574.9	391.1	525.8	490.5	467	301.9	347	601.3	487.6	498.8	310.3	423.8	416.9	615.4	365.2	533.8	761.8	2037	1956.7	2165.2	2304.9
Uba6	1046.7	1203.1	1147.1	1204.1	1474.3	1092.9	1177.8	1138.7	1606.1	1163.5	930.3	1250.8	815.6	985.2	1379.2	986.7	1067.3	1424.6	852.5	914.4	542.7	433.8	580.4	673.6
Gramd4	1657.8	1483.3	1446.5	1091.1	907.3	788.1	1759.1	1485.3	920.1	1272.4	166	28.6	1320.8	1030	1817.6	272.2	1238.1	1875.7	317.4	1314.6	1403.6	1295.9	294.6	427.7
Dennd5a	1344.9	1189.9	1273.5	1438.8	1126.8	2118.4	1337.6	1220	701.4	1359.5	781.5	909	1154	932.4	1106.9	1351	1320.5	1223.8	1379.2	1177.4	1014.5	1017.1	638.1	678.8
Bbs9	202.6	258.3	252.7	158.7	355.3	211.4	278.7	221.3	531.9	163.3	208.6	172.7	273.7	296.4	150	193.3	430.1	199.4	203.3	162.9	245.1	288.9	363.7	244.6
H2-Q4	896.6	1087.4	1531.2	911.8	943.1	501.1	1153.8	1120.1	554.5	759.3	662.6	689.8	419.8	413	642.3	774.1	811.7	871.6	686	763.1	103.4	92.4	19.5	14.9
Cog5	226.8	72.4	63.5	90.2	298.9	211.4	164.8	130.2	111.9	167.4	38.9	28.6	20.7	76.3	104.9	77.9	75.1	131	114.1	171.9	261.8	296	263.7	364.9
Aldh5a1	132.3	131	213.2	163	130.1	276	246.7	210.5	80.1	72.1	120.4	134.2	105.3	151.9	196.6	78.9	96.9	250.3	142.7	85.9	17.5	11.7	58.4	45.3
Ibtk	1545.4	1629.7	1409.8	1269.3	1837.5	1691.5	1578.3	1869.2	1081.3	1901.1	1302.7	1365.3	1980.8	1758.4	1915.2	1537.2	2085	1858.2	1413.7	1937.9	1061.5	1115	1527.1	1385.4
Ttc38	443.1	369.6	254.8	167.4	283.1	211.4	280.7	143	70.9	157.9	146.6	306.9	264.2	184.1	212.6	195.3	402.2	165.9	258	194.9	210.1	220.8	170.4	73.1
Fbxw2	922.9	641.8	695.3	804.2	918.7	692	1038.9	752	448.7	598.8	599	1002.1	790.1	671.2	738.4	906.7	885.6	868.7	649.2	637.4	999.4	988.9	1000.4	1125.3
Tmem55b	581.6	472.7	595.1	637.9	301	483.3	320.7	365.2	409.7	382.4	578.8	725.6	368.7	338.2	292.7	524.2	428.9	337.6	527.9	746.4	1172.1	1162.8	1047.4	918.8
Tdp2	197.4	217.3	189.2	75	225.2	267.7	224.8	373.1	486.7	458.6	364.9	339.1	340.8	380.7	281.1	300.6	425.2	264.8	305.6	386	771.8	769.7	810.5	909.8
Apex1	1080.3	1151.1	1310.2	1263.8	1470.7	1640.7	1907	1829	1249.7	1905.1	1801.6	1991.6	1747	1660.1	2343.4	2433.7	1762.7	1939.7	2020	2330.4	397.1	393.1	448.9	397.3
Ddx26b	2402.1	1702.1	2298.5	2155	1718.1	1724.4	2215.7	1421.7	1612.2	1865.7	1358.1	666.6	1864.3	1688.7	1428.7	1013	1829.3	1826.2	1305.5	1015.8	236.3	245.9	352.9	311.9
Rusc2	186.9	193.2	88.2	84.8	114.4	135.9	13	45	67.8	59.9	8.2	9.8	121.3	55	27.7	57.7	21.8	11.6	0	46.2	13.5	25.8	0	0
Fnip1	535.4	1249.9	934.7	1276.9	545.5	726.3	947	949.8	753.7	668.2	787.5	963.6	841.2	1005.7	683.1	819.7	1086.7	1030.2	890.5	455.3	160.7	163.6	337.5	364.3
Fam214b	145.9	182.2	181.4	155.4	115.8	166.1	151.8	158.6	109.9	100.7	48.6	47.4	41.5	16.9	40.8	70.8	170.8	49.5	60.6	56.4	117.8	176.2	76.5	21.4
Fam65b	2942.8	3029.6	2987.5	3437.3	2867.1	2343.6	2333.5	2429.2	2686.3	2751.6	2322.8	2136.5	2779.7	2415	1993.8	2825.4	3354.6	2993.2	3311.2	2026.4	3057.1	3074.1	774.3	748.7
Mettl25	182.7	94.4	233.7	221.7	80.1	157.9	350.6	179.2	85.2	166	60.6	29.5	140.5	157.7	107.8	114.4	75.1	110.6	76.1	127	121.7	119	124.1	193.5
Tmtc2	193.2	264.9	245.7	109.8	50.8	48.1	191.8	36.2	0	9.5	37.4	35.8	139.7	11	52.4	13.2	87.2	1.5	78.5	0	11.9	11.7	0	1.3
Fam122b	451.5	373.9	535.1	672.7	363.2	299.3	1020.9	589.4	676.7	638.2	828.6	951.1	501.2	651.4	665.6	915.8	914.7	644.6	891.7	416.8	356.5	312.4	369	458.1
Parp2	501.8	722.3	528	692.2	516.9	638.4	398.6	601.2	469.3	835.5	594.5	685.3	763	638.2	620.4	793.4	493.1	650.5	586.1	881.1	817.2	847.2	983.7	790.1
Tmem63b	328.6	206.4	156.7	284.7	196.6	76.9	73.9	149.8	16.4	38.1	16.5	138.7	84.6	65.3	35	201.4	138.1	82.9	84.4	70.5	73.2	57.2	28.9	23.9
5031439G07Rik	276.1	365.9	361.4	181.5	386.8	358.3	239.7	370.1	377.9	242.2	418.8	578.9	261.8	322.8	522.9	737.7	783.8	1021.5	1174.7	1185.1	3936.3	3964.3	1388.3	1367.9
Dnajb5	47.2	0	35.3	32.6	52.2	0	2	11.7	0	0	0	0	0	0	35	28.3	0	0	4.8	6.4	138.5	95.5	53	47.9
Fmnl2	558.5	855.5	494.2	585.7	366.8	402.3	223.8	152.7	76	59.9	117.4	74.3	227.4	245.8	262.2	253	611.8	458.4	478	487.4	173.5	144.1	0	26.5
Sugp2	787.4	1143.8	872.5	733.5	633.5	763.4	470.5	749	889.3	640.9	750.8	717.6	532.3	622.1	627.7	887.5	397.4	602.4	449.4	515.6	510	490.2	212.7	266.6
Ptpn23	253	54.2	160.2	229.3	50	71.4	369.6	54.8	175.6	70.8	92	135.1	18.4	146	138.4	105.2	172	62.6	133.2	193.7	55.7	77.5	40.3	29.8
Smug1	245.7	212.2	380.5	180.4	72.9	207.3	350.6	298.6	309.1	345.6	349.2	186.1	183.6	155.5	183.5	265.1	266.5	174.6	368.6	252.7	111.4	139.4	68.4	172.1
Slc2a6	1	0	0	0	0	0	0	0	0	0	0	0	31.1	31.5	18.9	0	0	8.7	0	3.8	463.1	440	318.7	329.4
Galt	274	229	439.1	352.1	248.8	491.5	193.8	194.8	419	142.9	187	374	103	206.9	224.3	189.2	237.4	99	204.5	315.5	211.7	301.5	327.4	309.9
Sigmar1	223.6	133.2	130.6	154.3	213.8	141.4	101.9	180.2	155.1	119.8	130.1	324.8	166.8	253.1	203.9	160.9	224.1	149.9	239	280.9	933.4	916.1	1317.8	1093.5
Zranb3	160.6	180	288.7	398.8	597	200.4	244.7	469	400.5	466.8	433	356.1	296.1	320.6	495.2	533.3	323.5	369.6	642	378.3	254.6	259.2	138.2	223.9
Slain2	421	664.5	590.9	621.6	386.8	466.8	386.6	437.7	601.8	515.7	631.2	590.5	674.4	548	572.4	651.7	485.8	692.7	524.3	569.4	1013.7	963.1	1143.3	1311.6
Hyal3	39.9	73.2	96	66.3	72.9	52.2	241.7	101.8	127.3	153.8	45.6	151.2	55.9	71.9	141.3	140.7	70.3	45.1	26.2	78.2	24.7	18.8	59	71.8
Arl5a	1208.4	1168.7	1331.4	1086.7	891.6	832	916	1191.6	822.5	710.3	1302.7	1384.1	880.3	813.5	930.7	1201.2	837.1	1011.3	1058.2	935	993	980.3	1050.1	1031.4
Fam178a	891.4	1064	919.8	1182.3	1184.7	1352.3	1149.8	1232.7	1030	1356.7	1100.1	857.1	1201.1	1315.3	1092.3	991.7	1169.1	857.1	1051	1081.2	1303.4	1144.7	879	964.8
Vezt	269.8	296.4	288	211.9	394.7	357	419.6	302.6	298.8	144.2	188.5	192.4	287.3	163.6	142.7	428.1	293.2	398.7	229.5	248.8	163.1	199.7	98.6	190.9
Rab3gap1	1516	1438	1043.4	1358.4	909.4	1289.2	900	1053.6	1399.6	1158.1	1189.1	1729.5	1300	1046.8	942.3	1103	1544.6	1711.3	1208	1001.7	915.1	903.6	804.5	674.2
Prr5	16.8	23.4	44.5	18.5	112.3	20.6	0	29.4	0	8.2	3	0	7.2	27.9	53.9	13.2	144.2	106.2	67.8	60.3	1519	1537	289.9	421.2
Mbnl3	346.5	395.9	254.8	182.6	664.2	808.7	152.8	593.4	702.4	753.9	892.9	1050.4	723	725.5	779.2	879.4	781.4	708.7	1026.1	708	414.6	372.7	357	452.9
Lmo1	25.2	93.7	62.1	17.4	36.5	9.6	0	8.8	0	32.7	0.7	19.7	1.6	52.1	103.4	57.7	21.8	23.3	47.6	89.8	36.6	34.5	334.1	371.4
Metap2	4051.5	5276.2	4411.4	5203.2	6314	5281.7	4980.7	5517.4	6864.7	5444.6	6987.1	7877.9	7522.6	7494.3	5755.8	6341.9	4360.1	4131.2	4273.1	5167.3	2171.5	1964.6	2800.7	3105.9
Rpp25l	601.6	543.7	758.9	545.5	480.5	343.2	494.5	452.4	232.1	567.5	718.7	660.3	287.3	392.5	391.8	706.3	298	566.1	586.1	763.1	264.2	280.3	302.6	330.7
Rfxank	127	69.5	86.8	248.9	150.1	86.5	110.9	63.6	33.9	40.8	158.5	177.2	91.8	22.7	49.5	134.6	44.8	43.7	112.9	92.3	192.6	197.3	102.7	183.8
Fam110c	289.8	150	209	163	140.9	196.3	62.9	21.5	0	5.4	3	0	0	0	0	3	0	0	0	7.7	10.3	4.7	0	0.6
Acaa1a	570.1	366.6	256.3	196.7	230.9	291.1	258.7	214.4	179.7	70.8	206.4	334.6	438.1	217.1	237.4	179.1	347.7	231.4	492.2	210.3	747.2	693	804.5	789.4
Mgat5	574.3	413.5	673.5	566.2	845.1	661.8	1203.7	791.1	1470.5	1347.2	2088.7	1724.1	1202.7	1733.5	1284.6	1297.3	1303.6	1311.1	1573	1051.7	540.3	472.2	637.4	791.4
Prickle1	195.3	159.5	181.4	56.5	101.5	57.7	98.9	124.4	238.2	123.8	206.4	137.8	79	70.4	51	90.1	7.3	138.2	53.5	96.2	34.2	14.9	77.2	82.8
Surf6	464.1	802	633.2	812.9	991	609.6	866.1	813.7	904.7	828.7	952.8	1533.5	1282.5	697.6	670	891.5	889.2	564.6	969	464.3	868.9	951.3	716.6	680.7
Pphln1	324.4	444.9	389.7	496.6	618.5	546.4	564.4	538.5	1070	778.4	665.6	625.4	1355.9	1141.5	1006.4	735.7	1100	385.6	694.3	656.7	1213.4	1199.6	1902.2	2079.7
Cd200r3	0	22	0	0	0	0	96.9	0	22.6	15	0	0	35.1	12.5	0	0	0	0	8.3	3.8	131.3	137	30.9	29.1
Gatad2a	1228.4	1183.3	1031.4	1207.3	1141.8	1047.5	914	1396.2	1462.3	1814	1735.7	1937.9	1751	1764.3	1339.9	1405.6	837.1	1346	1445.8	1563.4	3475.6	3309.7	3371	3640.4
Hist1h1c	817.9	900.8	738.4	489	742.9	639.8	239.7	433.8	564.8	412.3	307.4	525.2	1010.4	718.9	470.4	519.1	553.6	288.1	456.6	350.1	714.5	718	342.9	322.2
Fam69b	438.9	385.7	595.1	604.2	682.1	435.2	398.6	526.8	439.5	438.2	350.7	309.6	506.8	396.9	680.1	934	665.1	890.6	903.6	842.6	395.5	421.3	279.8	271.8
Ankmy2	207.9	286.9	241.4	230.4	248.8	236.1	248.7	200.7	252.6	272.2	516.8	590.5	370.3	197.3	208.3	162.9	268.9	254.7	349.5	323.2	394.7	389.9	410.6	403.1
Gxylt1	616.3	611.8	583.8	521.6	944.5	616.4	779.2	706	674.7	586.5	1017.8	1239.2	1000	547.3	777.7	1132.4	827.4	681	1110.5	436.1	323.1	331.2	395.9	314.5
Ndufa13	1653.6	1304	1641.3	1499.7	1993.4	1801.3	2002.9	1647.9	1887.4	1630.3	2264.5	2719.9	1559.4	1883.1	2004	1413.7	1768.8	1280.5	1454.1	2000.7	964.4	950.6	1010.5	1044.4
Rif1	2407.4	3620.9	2606.3	3437.3	3968.8	3803	3453.3	4038.9	4280.1	4277	3881.3	3687.1	3705.4	4420.6	3760.5	3617.7	3527.8	3990	3858.1	2815.2	1502.3	1478.3	1386.2	1259.8
Sh3bp4	69.3	76.1	55.1	31.5	0	0	24	37.2	0	6.8	0	0.9	0	0	4.4	0	7.3	0	22.6	0	525.2	377.4	0	30.4
Nepro	92.4	109.8	64.2	118.5	128	76.9	81.9	112.6	128.4	104.8	54.6	34.9	262.6	52.8	113.6	103.2	94.5	58.2	128.4	70.5	94.7	86.1	112.1	133.3
Ska1	58.8	38.8	73.4	77.2	235.2	278.7	128.9	145.9	383	270.8	477.1	618.2	307.3	478.3	273.8	251	403.4	331.8	424.5	264.2	380.3	346.1	265.7	220.7
Kctd1	789.5	596.4	622.6	583.6	573.4	707.1	389.6	556.1	681.9	983.9	506.3	593.2	762.2	988.9	546.2	637.5	795.9	825.1	632.5	529.7	187.8	180.1	250.9	271.1
Ube2r2	1633.6	1435	2070.5	2315.8	1284.8	2111.6	2587.3	2436.1	1741.6	2812.8	1758.2	2428.2	2230.6	2428.9	2844.4	2265.8	2076.5	3473.4	2498	2375.2	1419.5	1432.1	1459.4	1566.6
Gmip	404.2	271.5	132.7	314.1	106.5	166.1	256.7	352.5	240.3	181	273.7	123.5	229	192.2	474.8	426	456.7	436.5	431.6	460.4	1086.1	1114.2	831.3	830.8
Rbm43	608.9	749.3	731.3	495.5	670.6	634.3	821.1	563	654.1	702.2	610.2	843.7	647.2	473.9	623.3	558.6	615.4	472.9	655.1	500.2	751.1	787.7	856.2	753.2
Pnpla8	707.6	485.9	813.9	741.1	725.7	773	691.3	539.5	691.1	665.4	474.9	491.2	376.7	425.5	693.3	502.9	368.3	654.8	438.7	361.7	556.2	583.3	495.2	599.8
Edc4	663.5	342.5	713	650.9	388.2	470.9	702.3	630.6	509.3	551.1	467.4	1047.7	357.5	267	431.1	362.3	531.8	363.8	478	579.7	1505.5	1404.7	1337.3	1362.1
Lrrk2	94.5	121.5	111.5	213	38.6	119.4	138.9	62.7	21.6	43.5	74	20.6	60.7	15.4	97.6	112.3	98.1	144.1	41.6	24.4	258.6	229.4	171.8	135.9
9530068E07Rik	650.9	313.2	445.4	514	450.4	701.6	469.5	459.2	676.7	548.4	353.7	191.5	656.8	662.4	423.8	423	745.1	582.1	327	704.1	2676.7	2672.4	4879.3	4633.7
Macrod1	147	168.3	170.1	304.3	192.3	160.6	128.9	235	330.7	360.6	219.1	636.1	351.9	175.3	365.6	262.1	283.5	180.4	281.8	323.2	408.2	399.3	626.7	511.8
Snapc4	665.6	465.4	258.4	361.9	336	159.3	279.7	255.6	152	224.5	327.6	490.3	205.1	542.9	266.5	240.8	215.6	349.2	331.7	484.8	312.7	242.7	211.4	190.9
Naa30	900.8	632.3	917	859.6	535.5	804.5	860.1	760.8	623.3	611	759.8	589.6	745.4	655.1	949.6	658.8	679.6	459.8	453	511.7	470.3	605.3	555.6	504.7
Noa1	294	233.4	259.8	192.3	306	286.9	218.8	260.5	304	244.9	228.1	390.1	174	435.7	256.3	217.6	418	291	323.4	369.4	989.9	913	1476.1	1609.9
Ap5m1	281.4	351.3	297.2	277.1	302.4	361.1	419.6	336.8	273.2	236.8	245.3	240.7	293.7	357.3	101.9	218.6	302.9	442.4	210.4	121.8	368.4	325.7	391.2	436.8
Gramd1c	351.7	162.5	306.4	197.8	234.5	251.2	144.8	276.1	319.4	182.3	219.1	99.3	197.9	123.2	313.1	237.8	295.6	475.8	200.9	135.9	19.1	23.5	30.2	14.2
BC031181	667.7	498.3	664.3	512.9	693.5	702.9	553.4	755.9	674.7	887.2	753.8	1032.5	1159.6	569.3	547.6	771.1	531.8	458.4	631.3	929.8	634.2	658.5	797.8	775.8
Rpl39-ps	244.6	365.2	301.4	227.1	218.1	348.7	331.6	282	389.2	445	216.9	123.5	470.9	506.2	394.7	177.1	478.5	644.6	372.1	236	16.7	17.2	14.8	18.8
Lzts1	233.1	257.6	150.4	190.2	37.2	2.7	72.9	49	0	5.4	0	70.7	51.9	0	1.5	10.1	8.5	30.6	47.6	25.7	31	21.1	7.4	11.6
Skp1a	1076.1	1580.7	756.1	1190	1363.5	1605	810.1	1023.2	1808.3	948.5	1572.7	1849.3	1457.3	1423.2	1130.2	1184	1123	1242.7	1027.2	902.9	4446.4	4488.2	6068.3	5498.8
Znrd1	560.6	347.6	655.8	558.6	505.5	598.6	623.3	422	757.8	696.7	457.7	369.5	645.6	640.4	597.1	520.1	620.3	375.4	606.4	619.5	430.5	440.8	457.6	366.2
Srp72	2772.8	2652	1928.6	1958.3	2417.3	2570.1	2054.8	2634.9	2593.9	2099.7	2691.5	2493.5	2138	3156.6	2810.9	2641.2	2546.5	3012.2	2263.8	3248.6	1426.7	1508.8	2578.6	2350.2
Qsox2	139.6	210	288	113	200.2	267.7	233.8	297.7	48.3	159.2	110.7	22.4	279.3	155.5	246.1	159.9	184.1	337.6	89.2	189.8	387.5	349.2	562.3	474.3
Slc18a1	0	0	15.5	0	0	0	7	7.8	1	6.8	0	0	36.7	19.8	5.8	9.1	250.8	362.3	278.2	184.7	105.8	137.8	18.1	20.7
Kidins220	1858.3	1508.9	1312.3	1765.9	1004.5	1340	1235.7	1410	751.7	1016.5	1893.5	1844	1034.3	1238.3	1144.7	1471.4	1401.7	961.9	1261.5	688.7	911.1	868.3	339.5	435.5
Tmem260	232	195.4	348.7	396.7	584.1	193.6	215.8	272.2	261.9	283	212.4	382	83.8	300	332.1	133.6	233.8	342	240.2	200.1	527.6	594.3	915.2	973.8
Ubac1	765.4	629.3	768.8	858.5	854.4	661.8	839.1	717.7	748.6	1020.6	928.8	1243.6	880.3	723.3	1048.6	938.1	723.3	903.6	802.5	1032.4	867.3	878.5	935.3	935.7
P2ry12	44.1	0	0	0	0	0	0	0	0	0	0	0	0	0	35	1	17	0	34.5	12.8	183.8	169.9	0	0
Csgalnact1	1407.9	1245.5	1460.6	1402.9	1325.6	1418.2	1324.6	1480.5	479.6	870.9	751.6	626.3	470.1	743.1	610.2	488.8	58.2	113.5	103.4	188.5	183	177	61.7	45.9
P2ry13	11.5	3.7	4.9	45.6	0	2.7	2	6.9	0	28.6	44.1	0	13.6	39.6	40.8	12.1	93.3	29.1	65.4	37.2	633.4	660.1	0	19.4
Serbp1	23315.9	27670.3	21674.3	23295.9	27520.1	28698.4	25136.4	27990.6	33477.5	31867.5	31775.1	38406	34320	31653.4	30281.9	30133	26778.5	28090.2	26301.8	27102.4	7230.5	7187.2	10120.3	10101.4
Tmem258	1664.1	1411.6	2119.2	2466.8	2847	2265.3	2756.1	2016	2586.7	2321.5	3025	3657.5	2363.9	2934.3	2637.6	2737.3	2429	1683.6	2201.9	1840.4	751.9	786.1	1201.7	1054.1
Abt1	466.2	454.4	386.9	374.9	298.1	310.3	692.3	373.1	441.6	386.5	225.8	150.3	461.3	512.8	505.4	268.2	340.4	347.8	158.1	410.4	507.7	486.2	551.5	515.7
C530008M17Rik	226.8	286.1	267.5	403.2	137.3	134.5	57.9	127.3	60.6	111.6	53.1	69.8	85.4	37.4	93.2	44.5	17	0	42.8	7.7	24.7	11.7	38.2	0.6
P2ry14	65.1	66.6	92.5	133.7	74.4	13.7	152.8	87.1	129.4	185.1	143.6	59.9	221.9	511.3	445.7	563.7	810.5	548.6	814.4	500.2	818	761.9	51	91.2
Gadd45a	227.8	185.1	83.3	17.4	5	111.2	196.8	85.2	136.6	164.7	182.5	55.5	130.9	171.7	49.5	115.4	117.5	32	84.4	127	99.5	134.7	118.8	97.7
Sec24a	637.3	316.9	468.7	496.6	383.2	553.3	323.7	296.7	340.9	457.2	403.1	221.9	316.8	315.4	447.1	318.8	250.8	318.7	372.1	305.2	140	147.2	136.9	78.9
Ppp1r11	409.5	554.7	585.9	742.2	347.5	712.6	456.5	575.7	509.3	567.5	386.6	528.8	427.8	462.2	441.3	521.2	512.5	523.9	474.4	401.4	521.2	512.1	586.4	553.2
Gng12	587.9	521.8	857.7	666.2	1034.6	881.4	671.3	976.2	1115.2	1431.6	1198.8	1146.1	1313.6	1487.7	1210.3	1861	1206.6	657.7	766.9	674.6	1546	1575.4	4021.2	3733.6
Cep135	409.5	668.9	504	427.1	348.2	340.5	756.2	455.3	706.5	356.5	522.7	400.8	750.2	583.2	432.6	446.3	766.9	436.5	662.2	501.5	232.3	236.5	114.1	77.6
9530077C05Rik	25.2	13.9	12	6.5	27.2	103	35	64.6	37	0	30.7	0	0	0	11.7	46.5	9.7	32	20.2	19.2	94.7	79.1	28.9	12.9
Gpi1	2235.2	1818.5	2028.9	2155	2014.8	2026.5	3032.8	2266.7	2242.7	1943.2	2151.5	2759.3	2754.1	2741.4	2129.3	2246.5	2018.3	1960.1	2627.6	3432	3359.5	3638.6	14377	14031.1
Tbcc	136.5	151.5	257.7	109.8	261	237.5	138.9	244.8	182.8	159.2	157.8	171.8	116.5	137.2	100.5	185.2	241.1	82.9	184.3	127	504.5	587.3	506.6	511.8
Siah2	123.9	135.4	175.1	63	55.8	79.6	176.8	98.9	93.4	249	109.2	53.7	336.8	173.9	71.4	138.6	105.4	148.4	44	123.1	433.7	411.1	495.2	381.1
Exoc1	540.7	352	559.1	674.8	418.3	547.8	156.8	440.6	542.2	349.7	508.5	480.5	514	256	439.8	530.3	557.3	550	494.6	638.7	442.4	479.2	576.4	429.7
Calm2	11981.3	12071.5	8944.9	9593.5	11012.8	12348.2	10604.8	9776.7	14513	11104.2	9410.8	8751.1	14403.5	14226.4	11992.2	9553.9	15079.3	13431	11425.8	11068.2	5372.6	5301.7	4730.4	4530.8
Thap11	1094	912.5	1175.4	1423.6	491.9	707.1	1024.9	993.8	675.7	896.8	1465	1011	742.2	616.9	1025.3	1335.8	576.7	822.2	1004.7	1070.9	747.2	769.7	1485.5	1373.1
Hif1an	869.3	719.3	638.2	617.3	486.9	512.1	471.5	506.2	629.5	355.2	515.3	686.2	512.4	533.3	485	752.9	591.2	496.2	596.9	184.7	650.9	600.6	259	378.5
Arhgap26	168	158.8	134.8	176	264.5	103	42	131.2	90.4	257.2	141.3	240.7	214.7	274.4	123.8	288.4	351.3	104.8	173.6	325.8	492.5	412.6	426.1	364.9
Wtip	189	76.1	159.5	122.8	58.6	28.8	34	5.9	0	8.2	12	0	0	19.8	0	27.3	0	34.9	20.2	5.1	5.6	4.7	0	10.4
Elf1	3136	2705.4	2047.9	1803.9	2779.1	3560	2918.9	2288.2	4406.4	4327.4	2566.6	2815.6	3899.3	4224.7	3419.7	2096.8	5033.7	4198.1	3069.9	3434.6	4281.7	4336.3	2688.6	2468.6
March1	0	0.7	40.2	1.1	0	0	0	0	0	16.3	12.7	136.9	0	0	17.5	0	27.9	62.6	0	1.3	105	115.9	20.8	45.3
Tbc1d24	453.6	567.9	400.3	516.2	320.3	575.3	518.5	378.9	277.3	166	402.3	348.9	334.4	272.2	305.8	386.6	333.2	309.9	214	386	71.6	61.9	159	134.6
Btg1	225.7	723.7	256.3	209.7	619.2	405	278.7	236	286.5	404.2	173.5	160.2	339.2	332.3	158.7	208.5	195	347.8	310.3	355.3	2783.4	2939.4	711.2	650.3
Eea1	1546.5	1660.4	1394.9	1651.8	1524.3	1223.3	1277.6	1554.9	1367.8	1628.9	1393.2	1804.6	1668	961	1294.8	1443	923.1	1222.3	1193.7	992.7	320.7	256	158.4	119.7
Fam13b	369.6	590.6	205.4	465.1	419.7	406.4	370.6	220.3	331.7	349.7	633.4	372.2	865.9	475.4	333.5	374.4	471.3	598.1	483.9	298.8	481.4	457.3	253.6	267.9
Tmem255a	0	0	0	0	0	0	0	0	0	0	0	0	0	0	0	0	0	0	0	0	167.9	136.2	0	0
Rnf13	529.1	551.8	640.3	541.2	383.2	584.9	295.7	404.4	381	582.4	364.9	144	639.3	708.6	970	421	762	993.9	652.7	605.4	1105.2	1206.6	536.8	599.8
Phpt1	866.2	767.6	980.5	1336.7	1105.4	984.4	844.1	874.4	623.3	709	804.7	1071	1020.7	1047.6	655.4	1226.5	891.6	892	986.8	1145.3	63.7	68.9	65.1	66
Commd2	848.3	557.6	481.4	639	778.6	512.1	852.1	565.9	704.4	764.8	569.1	528.8	569.8	599.3	626.3	684.1	508.8	454	372.1	643.8	469.5	516	662.3	533.2
Card11	0	6.6	10.6	0	0	6.9	88.9	28.4	0	17.7	0	0	0	13.2	1.5	23.3	83.6	32	21.4	82.1	1343.9	1457.2	12.1	0
Ppfibp2	395.8	692.3	325.4	161.9	107.2	378.9	191.8	292.8	10.3	142.9	92	0.9	318.4	179.7	56.8	89.1	382.8	148.4	205.7	143.6	56.5	67.3	46.3	73.8
Sbf1	202.6	200.5	362.1	206.5	432.6	98.9	311.7	289.8	201.3	273.5	438.2	299.7	294.5	176.8	253.4	459.4	109	296.9	439.9	438.6	1502.3	1562.1	555.6	568.8
Cdc42ep3	958.5	1491.4	1272.8	1322.5	1420.7	1390.8	1419.5	1456	1811.4	1993.6	445.7	279.1	1110.9	1024.8	1457.9	758	1486.5	1909.2	656.3	1594.2	826.7	839.4	1223.2	1168
Slc38a7	29.4	170.5	64.2	31.5	58.6	107.1	55.9	48	55.5	51.7	47.9	285.4	5.6	122.5	119.4	47.6	55.7	103.3	133.2	69.3	270.5	216.1	414.7	284.7
Rnf113a1	24.1	21.2	9.2	31.5	77.2	227.9	19	28.4	0	85.7	44.1	0	23.1	10.3	59.7	6.1	48.5	66.9	107	94.9	67.6	52.5	189.2	136.5
Cnot1	1454.1	1794.3	1740.1	2073.5	1701.6	1717.5	1459.5	2096.3	1791.9	2208.6	2184.4	2362.9	2133.2	1995.3	2055	2576.4	2247.3	1651.6	2240	1757.1	2906.7	2615.2	1603.6	1790.4
Ermard	478.7	165.4	225.9	284.7	165.9	208.7	155.8	73.4	142.7	258.6	187.7	263.9	109.3	161.4	196.6	199.4	279.9	331.8	214	198.8	104.2	116.7	128.2	84.8
Sh3tc1	23.1	30	28.2	16.3	6.4	0	32	5.9	0	0	13.5	17	1.6	0	8.7	18.2	23	14.6	60.6	1.3	385.9	442.4	411.3	427.1
Iqce	190	453	189.9	368.4	59.3	381.7	124.9	273.2	113	266.7	252.8	331	170	256	211.2	223.6	204.7	222.6	623	382.2	409.8	349.2	157	231.7
Ppp6r2	5.2	25.6	0	0	90.1	39.8	24	4.9	20.5	9.5	7.5	0	0	0	1.5	12.1	0	0	3.6	14.1	163.9	170.7	45	42.1
Ttyh3	2173.3	2151.5	2211.7	2290.8	1568.7	2239.3	1950.9	2145.3	2014.8	2027.6	1559.3	995.8	3300	2679.8	2362.3	2514.7	2273.9	2805.5	2454	2098.2	750.3	800.2	190.6	205.8
Gltscr1l	1102.4	864.2	607.1	920.4	637.8	543.7	855.1	1012.4	822.5	711.7	395.6	304.2	1005.6	876.6	1000.6	604.1	1027.3	1449.3	771.6	732.3	745.6	591.2	200	284.1
Upf3b	2726.6	2578.8	1994.3	2343	2921.4	2064.9	2525.3	2355.8	3343.5	2565.1	2751.3	2464.9	2858.7	2850	2628.8	3000.4	3884	2334.1	2841.6	1926.4	218	222.4	130.8	78.3
Spg20	854.6	820.3	555.6	772.7	751.4	733.1	705.3	685.4	511.4	529.4	808.4	607.5	640.8	378.5	616.1	656.8	569.4	574.8	655.1	437.3	627	568.5	537.5	458.8
Fut7	99.7	90	77.7	2.2	230.2	100.2	25	95	301.9	217.7	112.9	159.3	400.6	452.6	343.7	207.5	322.3	145.5	187.9	395	572.9	545	1211.1	1064.4
Arhgap21	394.8	406.9	420	697.7	403.2	729	528.4	561	713.7	842.3	622.2	499.2	389.5	326.4	614.6	620.3	300.4	356.5	537.4	424.5	662	686.7	326.1	320.9
H2-Aa	677.2	441.3	1243.9	1231.2	209.5	330.9	536.4	542.4	86.3	292.6	208.6	314	35.9	53.6	179.1	65.8	173.2	999.7	453	847.8	4268.1	4463.9	36.9	15.5
Chst12	159.6	90.7	264.7	182.6	207.3	135.9	162.8	176.2	207.4	205.5	165.3	183.4	75	217.9	129.6	160.9	130.8	179	149.8	121.8	1258.8	1297.4	3716.5	3777
Plxnb2	333.9	278.8	357.9	280.4	213.8	45.3	192.8	255.6	157.1	91.2	189.2	194.2	255.4	232.5	285.5	108.3	362.2	374	255.6	559.2	1757.7	1860.4	304.6	526.7
Eepd1	414.7	496.2	429.9	430.3	157.3	277.3	229.8	299.6	148.9	111.6	71	144.9	64.6	88.8	221.4	204.4	90.9	179	96.3	128.3	814.8	819.8	463.6	473
Tssc1	423.1	450	461	432.5	376.8	491.5	466.5	573.8	498	510.3	795	1573.8	543.5	592	728.2	826.8	415.5	411.8	671.8	536.1	600.8	643.6	790.4	823.7
Rfxap	345.4	281	213.9	364	175.9	173	222.8	165.5	162.2	200	234.8	151.2	169.2	293.4	218.5	203.4	175.7	173.2	148.6	186	403.4	381.3	562.9	440
Mgat4b	811.6	707.6	656.5	742.2	601.3	427	730.2	832.3	747.6	760.7	683.5	1060.2	1035.1	734.3	789.4	656.8	639.7	822.2	674.1	713.1	656.5	750.9	1070.2	1082.5
Atp13a2	1265.1	870.8	1054	1187.8	779.3	992.6	1847	1183.8	713.7	1228.8	1558.5	1342.9	1259.3	765.9	1015.1	1012	1127.9	1234	1160.4	1365.9	6724.5	7100.3	1876.7	2067.4
Alg5	373.8	363	602.2	507.5	426.1	701.6	458.5	642.3	626.4	477.6	521.2	548.5	349.6	708.6	585.5	562.6	528.2	358	516	634.9	631.8	649.9	1129.9	1056.7
Clcn7	234.1	240	223.8	249.9	228.1	171.6	269.7	162.5	198.2	196	345.5	345.4	261	270.7	275.3	164.9	124.8	101.9	298.4	305.2	502.9	477.6	589.8	655.5
Nudt1	438.9	303	472.3	427.1	589.9	514.9	653.3	376	505.2	689.9	561.6	844.6	698.3	647	505.4	520.1	375.6	557.3	621.8	649	346.9	348.4	515.3	494.4
Tbc1d9b	395.8	485.2	424.3	148.9	365.4	372.1	513.5	351.5	460	440.9	379.2	626.3	547.5	528.2	640.8	479.7	530.6	131	581.4	545.1	1503.9	1353	2126.3	2119.8
Man1b1	471.4	446.4	317	239.1	185.9	350.1	226.8	231.1	33.9	189.2	204.9	700.6	237.8	167.3	174.8	273.2	276.2	315.8	266.3	201.4	677.1	696.9	389.8	401.8
Dennd3	110.2	120.7	98.1	21.7	115.8	53.5	67.9	109.7	0	35.4	53.1	45.6	38.3	117.4	46.6	46.5	72.7	71.3	34.5	59	461.5	433.8	126.8	117.8
Tcaf1	195.3	250.3	100.2	165.2	170.9	86.5	149.8	209.5	19.5	66.7	6.7	91.3	67.8	43.3	5.8	125.5	0	0	11.9	34.6	0.8	3.9	0	12.3
Cenpt	362.2	281	329.7	346.7	246	146.9	307.7	269.3	225.9	182.3	227.3	312.3	416.6	174.6	211.2	180.1	184.1	36.4	184.3	159	295.2	303.8	193.2	275.7
Tmtc3	325.5	328.6	257	157.6	179.5	237.5	223.8	374	302.9	217.7	198.2	100.2	152.4	360.9	215.6	326.9	364.7	372.5	191.4	197.5	98.7	98.7	171.1	208.4
Aaas	160.6	286.1	312	368.4	146.6	273.2	388.6	423	518.6	523.9	1032	728.3	325.6	358	466.1	681	324.7	627.2	782.3	619.5	1125.1	1161.2	1571.4	1414.5
Cc2d1a	31.5	71.7	138.4	166.3	16.4	4.1	0	35.2	49.3	125.2	26.9	119.9	91	71.2	81.6	79.9	55.7	42.2	132	103.9	462.3	527.7	331.5	242.7
Nop14	1318.7	1712.4	878.9	959.6	1386.3	760.6	794.2	1149.5	1181.9	1020.6	916.9	1251.7	1419.8	1125.3	1054.4	1008.9	1186	963.3	1196.1	1441.6	528.3	525.4	616	697.5
Ago2	2296.1	3114.5	3231.8	3315.6	3468.3	3525.7	3566.2	3582.7	3047.8	3227.8	3370.5	2474.7	2774.1	3310.7	3265.3	3152.2	2572	3261	2446.8	2388.1	711.4	802.6	540.1	454.9
Cab39	1084.5	953.5	768.8	933.5	1337.7	1190.3	889.1	1026.1	1195.3	1224.7	492.8	542.2	1330.4	1156.9	1002	898.6	1268.4	1036.1	638.5	954.2	2037.8	1999.8	2904.7	2936.4
Cyld	1775.4	1649.4	1747.9	1763.7	1199.7	1179.4	1653.2	1597.9	1332.9	1261.5	1401.5	1224.8	1581	1197.9	1162.2	1950	1606.4	1654.5	1728.7	1165.8	1049.5	958.4	835.4	929.2
Micall2	75.6	144.2	74.1	76.1	120.8	104.3	91.9	142	101.7	69.4	179.5	231.7	80.6	117.4	110.7	89.1	47.2	36.4	59.4	109	50.1	67.3	96.6	102.9
Zscan12	162.7	290.5	132	265.2	77.9	109.8	53.9	72.5	183.8	76.2	106.9	296.1	20	185.6	110.7	99.2	151.4	144.1	59.4	221.9	56.5	68.9	104.7	124.9
Oxsr1	127	247.3	161	193.4	353.9	302	280.7	197.8	335.8	279	178	156.6	398.2	474.6	320.4	184.2	247.1	176.1	162.9	336	453.6	432.2	542.8	531.9
Psma8	115.5	100.3	81.9	47.8	59.3	53.5	71.9	103.8	118.1	156.5	61.3	117.2	114.1	116.6	93.2	51.6	41.2	40.7	1.2	78.2	19.9	25.8	36.2	64.7
Ttll7	29.4	258.3	219.5	169.5	193	238.9	126.9	195.8	10.3	42.2	74.8	44.7	86.2	25.7	1.5	24.3	0	36.4	34.5	2.6	6.4	0	0	3.9
Cuedc2	274	152.9	251.3	416.2	304.6	354.2	360.6	363.3	385.1	292.6	522	528.8	550.7	122.5	333.5	500.9	414.3	251.7	272.3	665.6	1527	1551.9	2699.3	2458.9
Cox6b1	2985.9	2761	4762.2	4599	4152.6	4135.3	6582	4905.5	5859.4	5584.8	7453	8704.6	4402.9	4492.5	6089.3	7677.7	3802.8	5318.6	6310.9	6219	1870.7	1923.1	2734.2	2403.2
Tubb4b	2942.8	3090.3	2722.1	2885.2	3654.2	3727.5	3905.9	3091.1	5431.2	4143.7	4997.8	6772.9	2956	4716.2	3196.8	4111.6	3756.8	3221.7	3733.3	4154.1	3618.1	3819.5	3171.7	3067.1
Dnajc12	248.8	157.3	240	354.3	278.8	299.3	204.8	176.2	211.5	268.1	126.4	239.8	376.7	248.7	118	107.3	59.4	231.4	41.6	51.3	34.2	33.7	224.1	193.5
Kif15	184.8	223.9	396	269.5	1298.4	1171.1	999.9	1361	2537.4	2414.1	2509	2315.5	1096.5	1778.9	1328.3	1545.3	2041.3	1971.7	2040.2	1828.9	1453.7	1362.4	755.5	916.3
Wdr44	182.7	101	239.3	155.4	268.1	192.2	213.8	99.9	33.9	257.2	178.7	170.9	139.7	126.2	107.8	89.1	109	132.4	189	47.5	194.2	177	230.1	189.6
Decr2	131.2	175.6	286.6	177.1	108.7	137.3	174.8	271.2	34.9	88.5	142.8	160.2	207.5	113	154.4	187.2	145.4	212.5	105.8	252.7	272.9	271.7	444.2	447.8
Anln	138.6	169	145.4	193.4	459	498.4	609.4	351.5	1051.5	635.5	584.8	311.4	431	732.8	512.7	323.8	541.5	740.7	379.3	398.9	934.9	833.9	623.3	610.8
Papd5	898.7	854.7	1224.8	1230.2	750	988.5	811.1	959.6	816.4	1098.2	857	701.4	984.8	872.2	1055.9	1176.9	1222.4	1445	1466	556.6	625.4	573.2	626.7	614.1
Rps27l	1484.5	1512.6	1534	1762.7	2020.5	2877.7	2502.3	1626.3	3324	2944.8	1979.5	2172.3	2742.2	3080.3	3039.5	2045.2	2584.1	2545.1	1983.2	2885.7	1013.7	969.4	1826.4	1601.5
Mbd5	453.6	277.3	247.1	305.4	188	374.8	194.8	377.9	324.5	270.8	154.8	173.6	307.3	193.7	164.6	292.5	241.1	193.5	174.8	200.1	156	156.6	48.3	42.1
Cnep1r1	349.6	513.7	569	559.7	801.5	656.3	971	768.6	396.4	611	724.7	314	399.8	537	667	537.3	626.3	762.5	406.6	316.8	365.2	352.4	432.8	439.4
Sun1	1386.9	873.8	1006	805.3	924.5	468.2	731.2	464.1	714.7	647.7	644.6	670.1	552.3	522.3	501	461.5	614.2	433.6	499.4	488.6	674.8	654.6	715.9	713.1
Jmjd4	16.8	89.3	112.2	130.4	78.6	34.3	39	122.4	61.6	20.4	70.3	173.6	39.1	4.4	129.6	149.8	105.4	69.8	76.1	78.2	171.9	180.1	191.9	195.4
Amdhd2	239.4	184.4	211.1	54.3	236.7	221	256.7	189	166.4	306.2	240.1	327.5	249.8	259	228.7	370.4	161.1	106.2	263.9	391.2	451.2	548.9	952.1	874.8
Topors	1140.2	1535.3	649.5	904.1	1159.7	862.2	732.2	1157.3	863.6	1083.2	1368.6	947.5	1343.9	1072.5	1175.3	741.8	1047.9	1257.3	1037.9	1119.6	927.8	919.2	1212.5	1210
Ssx2ip	148	305.9	201.2	228.2	399.7	459.9	272.7	232.1	594.6	367.4	265.5	423.2	377.5	284.6	144.2	140.7	117.5	149.9	190.2	159	363.6	328.1	408.6	401.8
Pnpla7	723.4	610.3	630.4	731.4	430.4	361.1	641.3	550.3	243.4	386.5	605.8	502.8	297.7	515	479.2	468.5	497.9	545.7	619.4	620.7	987.5	860.5	1106.4	1034.7
Psenen	598.4	418.6	612	523.8	814.4	611	862.1	703	727	696.7	812.9	662.1	492.4	1043.2	824.3	857.1	594.8	558.8	909.5	718.2	59.7	61.9	56.4	42.1
Siah1a	722.3	706.2	936.8	736.8	767.9	477.8	847.1	686.4	340.9	777	639.4	376.7	434.9	706.4	572.4	565.7	587.6	867.3	567.1	396.3	250.6	241.9	247.6	219.4
Lin37	152.2	53.4	84	65.2	16.4	118.1	26	39.2	69.8	70.8	37.4	32.2	70.2	36.7	16	37.4	15.7	183.3	59.4	120.6	335	344.5	281.1	310.6
Mrpl41	247.8	460.3	312	339.1	190.9	606.8	186.8	195.8	449.8	266.7	190	542.2	261	522.3	413.6	170	270.2	184.8	372.1	380.9	380.3	403.2	671.6	615.4
Hspb6	81.9	39.5	49.4	34.8	1.4	4.1	24	30.4	16.4	25.9	128.6	169.1	62.2	2.2	30.6	5.1	53.3	7.3	61.8	35.9	110.6	107.3	28.9	37.5
Mrpl55	110.2	139.8	247.1	179.3	231.7	271.8	227.8	139	315.3	106.1	194.4	87.7	139.7	155.5	227.2	194.3	159.9	164.4	114.1	304	399.4	454.1	553.6	396.7
Syde2	138.6	51.2	184.2	30.4	273.1	142.8	220.8	153.7	186.9	129.3	104.7	136	106.1	60.9	75.7	47.6	93.3	33.5	17.8	24.4	107.4	140.9	51	124.2
Proser3	60.9	103.9	129.9	50	87.2	109.8	95.9	28.4	81.1	91.2	118.9	104.7	67	85.8	107.8	107.3	101.8	181.9	80.8	77	149.6	187.9	100	80.9
Smad6	65.1	82.7	49.4	72.8	59.3	82.4	48.9	22.5	0	58.5	18.7	29.5	58.3	33.7	75.7	106.3	49.7	62.6	45.2	65.4	14.3	10.2	62.4	73.1
2410004B18Rik	492.4	305.9	351.6	413	165.2	827.9	752.2	379.9	352.2	483.1	190	230.8	516.3	415.2	311.7	184.2	454.3	683.9	160.5	191.1	175.9	199.7	232.8	214.8
Dna2	338.1	297.1	472.3	510.8	636.3	786.7	920	884.2	1229.2	872.3	419.5	408.9	784.5	820.9	860.7	594	599.7	893.5	504.1	500.2	733.6	756.4	1121.2	1121.4
Phkb	577.4	775.7	536.5	782.4	527.7	184	530.4	466.1	384.1	534.8	412.1	196.8	645.6	553.9	305.8	662.8	713.6	401.6	772.8	548.9	624.6	683.6	1529.8	1680.4
Acaa2	141.7	426.6	306.4	164.1	331.7	351.5	443.5	228.1	273.2	417.8	364.9	583.3	270.5	270.7	321.9	284.4	185.4	170.3	294.9	297.5	988.3	942	3489.8	3350.5
Arhgap33	79.8	2.2	91.1	79.3	44.3	2.7	133.9	93	28.8	54.4	80	28.6	131.7	69	48.1	54.6	89.6	113.5	66.6	65.4	286.5	263.1	10.1	29.1
C1qa	81.9	16.1	64.9	55.4	25	38.4	0	60.7	48.3	59.9	192.2	30.4	0	66.8	39.3	135.6	9.7	0	5.9	61.6	204.5	249.8	20.8	9.1
Gtdc1	268.8	67.3	161.7	215.2	74.4	120.8	65.9	71.5	34.9	29.9	132.4	110	197.1	104.9	56.8	81	157.5	132.4	115.3	52.6	61.3	42.3	39.6	24.6
Ehmt1	2237.3	2329.3	2212.4	1783.3	1778.9	1585.7	1389.5	1907.4	1609.1	1939.2	1893.5	2184.9	2289.7	2114.2	1906.5	1663.7	2369.7	2176.9	1973.6	2055.9	1380.5	1508.1	1188.3	1151.8
Rap2b	287.7	439.8	799.1	754.2	770.7	1143.7	949	672.7	595.6	1158.1	1195.8	1085.3	869.9	760.7	603	870.3	508.8	1087	611.1	560.5	78.8	71.3	103.3	90.6
C1qc	151.2	24.9	90.4	79.3	20	8.2	165.8	42.1	50.3	189.2	449.5	202.2	61.5	47.7	136.9	181.1	52.1	139.7	145.1	75.7	313.5	349.2	37.6	18.1
Zfp157	296.1	546.6	451.1	572.7	294.6	343.2	530.4	384.8	376.9	303.5	287.9	25.1	398.2	567.1	336.4	435.1	481	359.4	249.7	261.6	215.6	224.7	162.4	193.5
Neto2	82.9	213.7	174.4	301	208.8	245.8	154.8	147.8	18.5	133.4	148.8	231.7	206.7	39.6	297.1	130.5	172	221.2	227.1	212.9	158.3	95.5	363.7	397.3
Fzd8	71.4	34.4	172.2	136.9	57.2	144.2	125.9	26.4	0	32.7	11.2	0	0	0	26.2	0	9.7	0	44	24.4	21.5	8.6	30.9	22
C1qb	33.6	41	41.7	32.6	13.6	30.2	29	28.4	32.9	130.6	216.1	68.9	4	17.6	107.8	103.2	20.6	14.6	11.9	82.1	321.5	389.9	16.8	49.2
Unc93b1	331.8	238.6	416.5	249.9	316	391.3	467.5	347.6	209.5	352.5	194.4	245.1	243.4	454.1	412.2	241.9	673.6	701.4	468.4	645.1	13401.2	13915.5	7769.2	7965.4
Zfp280c	241.5	305.9	399.6	274.9	228.1	292.4	386.6	239.9	354.3	332	216.1	190.6	241.8	500.3	298.6	197.3	290.8	615.5	178.3	273.2	294.4	338.3	365.7	316.4
Ttc7	622.6	897.9	924.8	971.5	1018.8	994	1210.7	941.9	1249.7	887.2	851.8	930.5	936.1	988.1	1245.2	784.3	1060	1097.2	808.5	1210.7	2353.7	2393.6	1794.2	1532.9
Stag3	14.7	56.3	17.6	9.8	52.2	90.6	57.9	44.1	20.5	12.2	94.2	85	0	0	21.8	40.5	143	78.6	136.7	55.1	88.3	126.8	20.8	40.1
Nfkbid	77.7	21.2	48	115.2	65.1	30.2	92.9	35.2	145.8	164.7	104.7	92.2	60.7	66	51	65.8	213.2	75.7	96.3	93.6	712.9	728.2	43.6	37.5
Aifm1	1225.2	1287.2	752.5	1079.1	1580.8	1456.7	980	1332.6	1711.8	1305	1533.1	2138.3	1608.1	1349.8	1390.9	1363.1	1081.8	1059.3	1706.1	1131.2	858.6	860.5	1450.7	1507
4921524J17Rik	633.1	732.5	471.6	241.3	372.5	1062.7	887.1	386.8	1076.2	616.4	216.9	309.6	715.1	577.3	971.4	242.9	673.6	793.1	331.7	534.8	340.6	332.8	249.6	278.2
Kdm1a	848.3	990.1	799.8	654.2	768.6	1013.2	790.2	797	928.3	868.2	658.1	497.5	798.9	856.8	884	1050.4	855.3	1015.7	630.1	719.5	1668.6	1816.6	1488.2	1311.6
Elac1	264.6	146.4	329	215.2	250.2	134.5	152.8	259.5	198.2	83	133.9	193.3	111.7	176.1	142.7	221.6	140.5	120.8	114.1	151.3	217.2	231	155.7	143.6
Rab8b	1252.5	1473.8	1539.6	1316	1128.9	1625.6	1674.2	1528.4	1282.6	1506.4	1067.9	1083.5	1111.7	906.7	1325.3	1024.1	1115.8	1474.1	1187.8	1174.8	1333.6	1119.7	2269.9	2047.3
Tmem71	562.7	461	336.7	305.4	251	145.5	60.9	210.5	433.3	107.5	120.4	85	240.2	594.2	339.3	457.4	404.6	128.1	192.6	234.7	250.6	238	98.6	106.1
BC037034	808.4	779.4	883.8	790	674.2	705.7	985	832.3	1248.7	1400.3	1591.4	1286.6	693.5	903.8	649.6	1069.6	971.6	745	788.3	784.9	172.7	191.8	169.1	188.3
Kif1bp	262.5	298.6	661.5	552.1	289.6	263.6	601.4	484.7	328.6	348.4	482.4	534.1	288.1	303.7	432.6	416.9	502.8	474.4	571.9	343.7	497.3	505	658.9	696.9
Bcorl1	436.8	503.5	436.3	428.2	340.3	315.8	447.5	529.7	459	209.6	379.9	559.2	216.3	347.7	150	427	311.3	132.4	277	169.3	32.6	24.3	39.6	50.5
Spryd3	361.2	290.5	363.6	371.7	289.6	431.1	226.8	244.8	110.9	159.2	238.6	338.2	150	139.4	305.8	347.1	178.1	177.5	274.6	297.5	417.7	365.7	732.7	550
Cnpy4	557.5	405.4	259.8	165.2	150.9	133.2	210.8	209.5	88.3	200	154.8	156.6	93.4	209.8	179.1	82	155.1	103.3	185.5	184.7	302.4	371.9	487.8	416.7
Tmem177	97.6	209.3	159.5	194.5	95.1	173	91.9	102.8	110.9	122.5	141.3	80.5	158.8	72.6	65.5	143.7	135.7	85.9	142.7	138.5	107.4	128.4	165.7	145.6
Anapc10	124.9	178.6	115.8	50	37.2	376.2	256.7	96	408.7	149.7	93.5	158.4	64.6	160.7	249	41.5	327.1	334.7	57.1	123.1	189.4	169.9	330.1	284.1
Taf6	299.2	254.7	352.3	595.5	429.7	340.5	463.5	642.3	360.4	646.4	757.6	637	384.7	489.3	569.5	570.7	441	569	582.6	740	760.7	773.6	613.9	794.6
Tfb1m	103.9	216.6	199.8	240.2	178	111.2	345.6	159.6	217.7	197.3	136.9	217.4	138.9	137.2	323.3	272.2	87.2	279.4	218.8	297.5	140	154.3	180.5	220.7
Zdhhc9	176.4	118.5	281	172.8	200.9	218.3	143.8	165.5	73.9	178.3	287.2	252.3	219.5	177.5	199.5	261.1	69.1	206.6	185.5	197.5	355.7	465.1	478.4	428.4
Pml	871.4	957.2	1106.2	1058.5	878	1362	983	1074.1	921.1	917.2	1026	1110.3	1061.4	801.8	738.4	909.7	660.3	894.9	917.9	604.1	3085.7	3179.8	1119.2	1210.7
Trim3	67.2	181.5	106.6	53.2	179.5	74.1	109.9	72.5	15.4	20.4	66.6	96.6	60.7	19.8	2.9	24.3	24.2	109.1	72.5	53.9	118.6	181.7	38.9	42.7
Otud4	1779.6	2341.7	2251.2	2270.1	3120.9	2615.4	2286.6	3121.5	2337.2	2822.3	3324.2	2192	2273.7	2229.4	2655.1	2960	2304.2	2597.4	2744.1	2345.7	1219	1199.6	810.5	1156.3
Nxt1	240.4	176.4	545	201	540.5	670	485.5	561	794.8	635.5	813.7	694.3	568.2	522.3	595.7	444.2	637.2	672.3	768.1	708	873.7	852.7	1074.2	1010.7
Zfp39	165.9	229.8	74.1	220.6	145.9	505.2	146.8	168.4	139.7	144.2	243.8	180.7	89.4	153.3	142.7	73.9	145.4	75.7	95.1	218	210.1	130	93.3	177.3
Tns2	465.1	534.2	370.6	280.4	22.9	39.8	0	0	0	0	0	0	0	0	2.9	7.1	0	0	0	5.1	3.2	0	0.7	0
Zfp113	1018.4	1042.1	698.9	913.9	736.4	1079.1	942	737.3	648	919.9	407.6	989.5	1074.2	637.5	863.7	896.6	993.4	921.1	922.6	814.4	257.8	216.9	197.9	199.3
Apln	86.1	43.9	107.3	95.6	173	23.3	162.8	104.8	83.2	39.5	100.2	111.8	4.8	101.2	125.3	155.8	3.6	23.3	26.2	26.9	15.9	13.3	28.9	71.2
Hk1	1525.5	2136.8	1677.3	1518.1	1932.6	1330.4	1684.2	1289.5	2067.1	2420.9	2677.3	3004.4	1564.2	1375.5	1781.2	2472.2	907.4	932.8	1099.8	820.8	1818.2	1819.7	2871.8	2917
Ss18	3024.7	2815.2	3608	2950.4	2777.7	2254.4	3645.1	3149.9	1630.7	3010.1	2728.1	4072.7	1841.1	1357.9	3818.7	3284.8	2019.5	2788.1	2609.7	2308.6	1226.2	1324.1	1191	1252.7
Zscan21	109.2	172.7	160.2	150	96.5	151	264.7	314.3	187.9	130.6	176.5	68.9	360.7	256	83	169	190.2	147	167.6	261.6	354.1	386	361	241.4
Wdr62	3.1	0	19.8	0	15.7	12.4	50.9	4.9	77	27.2	105.4	32.2	135.7	125.4	29.1	12.1	2.4	0	48.7	59	636.6	588.8	226.8	289.2
Mmaa	32.5	56.3	67.8	60.9	64.3	33	25	58.7	5.1	6.8	57.6	102.9	142.1	68.2	59.7	25.3	132.1	45.1	147.4	10.3	49.3	42.3	89.9	50.5
Zfp146	90.3	283.9	65.7	83.7	334.6	87.9	59.9	122.4	148.9	178.3	51.6	63.5	154	81.4	186.4	158.9	260.5	16	127.2	53.9	228.4	166	76.5	179.2
Apbb1	118.6	193.9	115.1	71.7	131.6	34.3	47.9	88.1	0	6.8	1.5	0	0	0	18.9	0	6.1	0	4.8	12.8	117	92.4	7.4	0
Smpd1	348.6	448.6	450.4	296.7	318.9	328.1	236.7	294.7	419	342.9	456.2	334.6	193.1	133.5	195.2	222.6	117.5	115	130.8	243.7	767.9	705.5	776.3	928.5
Paip2	5137.1	4084.8	4465.7	4240.4	3753.6	3838.7	4119.6	3713.9	3622.9	3828	2341.5	2124	3968	4226.9	3508.5	2208.1	3884	4627.4	2443.3	3774.5	3525	3507.1	2473.2	2692.5
Prkcdbp	203.7	266.4	472.3	204.3	150.1	237.5	150.8	317.2	81.1	170.1	137.6	293.5	28.7	98.3	75.7	184.2	29.1	56.8	105.8	47.5	3.2	2.3	12.7	29.8
Sh3glb1	2299.3	2616.9	2383.9	2563.6	2889.2	2264	2255.6	2341.1	2675	2811.4	2309.3	2321.8	2190.7	1756.2	1731.7	2109.9	2229.1	2335.5	2266.1	2282.9	1678.9	1734.3	720.6	696.2
Rbmxl1	1771.2	1841.9	2698.1	2021.3	3173.1	3030.1	4339.4	3562.1	3056	4164.1	3387	2090	3424.5	3255.6	4959.1	3052.1	3532.7	4340.7	3694.1	3299.9	506.1	536.4	779.7	777.1
Scd1	53.5	22.7	31.8	53.2	2.9	48.1	0	43.1	0	25.9	2.2	0	0	0	17.5	0	0	0	0	96.2	624.6	555.1	0	4.5
Sep15	1753.3	1496.5	2796.2	2283.2	2033.4	2437	2980.8	2703.4	2294.1	3026.4	1281.1	380.2	2004.7	2282.9	2998.8	1856.9	1765.1	2785.2	1445.8	2624.1	4104.2	4068.5	7801.5	7134
Rnf139	524.9	413.5	420	322.8	421.1	367.9	204.8	373.1	724	411	255	337.3	627.3	449	409.3	164.9	430.1	347.8	273.5	343.7	861.7	728.2	902.5	1179.6
Trmt12	70.3	70.3	139.1	55.4	77.2	119.4	42	57.8	78	88.5	160.8	108.3	134.1	74.1	91.8	89.1	47.2	77.1	110.6	75.7	158.3	163.6	246.2	212.9
Slc35b2	323.4	532.7	425	335.8	431.1	284.2	407.6	308.4	280.3	406.9	263.2	295.3	261	204.7	326.2	376.4	346.5	176.1	488.7	375.8	1414.8	1476.7	2892.6	2974.6
Lrg1	0	14.6	16.2	0	0	0	13	2	0	29.9	0	10.7	0	0	11.7	16.2	0	0	0	84.6	82.8	79.1	255.6	254.3
Rab11fip3	205.8	262.7	91.8	123.9	5	48.1	61.9	68.5	2.1	38.1	53.1	84.1	57.5	77.8	55.3	59.7	2.4	23.3	89.2	55.1	113	154.3	79.8	113.2
Dcaf15	378	393	434.9	260.8	404	306.2	394.6	445.5	349.1	519.8	626.7	620.9	246.6	633.1	419.4	484.7	519.7	435.1	492.2	614.3	256.2	312.4	137.6	86.1
Socs5	439.9	504.2	382.6	386.9	308.9	306.2	215.8	330.9	118.1	183.7	161.5	38.5	246.6	377.8	444.2	100.2	247.1	225.5	220	212.9	148	162.9	33.5	152.7
Zcwpw1	86.1	148.6	13.4	90.2	75.1	57.7	54.9	170.4	99.6	114.3	139.1	127	135.7	287.6	56.8	112.3	164.8	131	83.2	74.4	279.3	244.3	47	49.8
Ralgapa2	676.1	690.8	614.2	774.8	762.9	606.8	520.4	652.1	778.4	737.6	615.5	658.5	1019.1	621.3	603	603.1	712.3	692.7	667	398.9	229.2	175.4	53.7	80.9
Setd7	1132.8	1534.6	1533.3	1844.2	1690.2	1290.6	2058.8	1700.8	1187.1	1209.8	1420.2	1616.7	1324	1336.6	1491.4	1807.4	1463.5	1955.7	1605.1	1330	187.8	173	100.6	176.7
Sik2	59.8	77.6	63.5	111.9	90.1	57.7	155.8	132.2	126.3	111.6	79.3	162.8	0.8	0	61.2	82	86	84.4	118.9	101.3	184.6	198.9	130.8	139.1
D15Ertd621e	1442.5	1850	1959	1947.4	1347.7	1729.9	2003.9	2031.7	1613.2	2293	1445.6	2094.5	1758.1	1732	1889	1806.3	1704.5	2200.2	1886.9	1227.4	1336	1230.9	1935.8	2015
Prmt10	197.4	129.5	249.2	183.7	281	325.4	96.9	268.3	237.2	268.1	499.6	133.3	549.1	267	317.5	201.4	83.6	318.7	139.1	171.9	295.2	293.6	497.9	438.7
Aff3	1444.6	1267.5	1039.1	1342.1	2003.4	1150.5	1319.6	1408	2018.9	1419.3	1736.5	1706.2	2069.4	2175.8	1593.3	2389.2	2691.9	2210.4	2701.3	2209.8	2871.7	2771	111.4	165.7
Arhgap10	121.8	79	130.6	157.6	102.2	112.6	163.8	199.7	355.3	280.3	445.7	416.9	142.1	146	284	184.2	231.4	235.7	214	245	109	162.1	70.5	99.6
Ddx1	653	867.2	804.8	1154.1	1384.2	1232.9	1467.4	1183.8	939.6	1567.7	1844.9	1776	1142	1445.2	1428.7	1209.3	1005.5	892	1263.8	1085	2043.4	2141.5	3286.4	3221.8
Lrrc20	74.5	89.3	68.5	145.6	163	90.6	63.9	97.9	83.2	107.5	139.8	101.1	263.4	7.3	101.9	108.3	58.2	0	74.9	92.3	137.7	139.4	217.4	176
Ndufc1	1216.8	1296	1267.9	1033.5	1771.7	1404.5	2138.7	1635.2	1807.3	1910.6	2336.3	2590.2	1416.6	1781.1	1733.1	1901.5	1521.6	1385.3	1989.1	1247.9	459.9	448.7	628.7	531.9
Mycn	4146	3717.5	3902.4	5314	1294.1	2371.1	2607.2	2151.2	1379.1	1273.7	1290	1402	554.7	460	821.4	758	590	1260.2	862	646.4	398.6	478.4	0.7	14.9
E330009J07Rik	155.4	172.7	200.5	203.2	240.9	179.9	191.8	197.8	102.7	304.8	80.8	42.9	190.7	120.3	36.4	257	101.8	342	109.4	73.1	89.1	82.2	108	88
Elf2	1794.3	1555.8	2449.6	2118	1895.4	2231	3131.7	2426.3	2812.6	2099.7	1954.1	1578.3	2741.4	2255	2483.2	1664.7	2201.3	2293.3	2349.4	1566	1234.1	959.2	726	902
Cyb561d2	96.6	112.7	235.8	210.8	116.5	46.7	119.9	188	0	276.2	196.7	120.8	114.9	206.9	97.6	284.4	167.2	173.2	243.7	212.9	402.6	357	589.1	503.4
Rbm17	3982.2	3000.3	2203.2	2299.5	3039.4	3656.1	2168.7	3180.2	3127.9	3177.5	1843.4	1463.7	3333.5	2809.6	3046.8	2179.7	3241.9	3058.7	1851.2	3001.1	1562.8	1568.4	1484.2	1386
Atg101	418.9	330.8	518.9	572.7	388.2	416	705.3	405.4	486.7	446.3	605.8	739	648.8	537.7	518.5	570.7	565.8	435.1	741.9	606.6	813.2	901.2	976.9	1033.4
Fam193a	917.6	895	463.8	625.9	1176.9	746.9	494.5	697.1	221.8	514.4	850.3	754.2	961.7	743.1	537.4	746.8	942.5	701.4	857.2	850.3	328.6	339	106.7	203.2
Spry1	150.1	184.4	271.8	129.3	1.4	267.7	204.8	145.9	32.9	64	27.7	35.8	31.9	27.9	39.3	2	36.3	61.1	59.4	84.6	194.9	172.3	56.4	50.5
Thap1	111.3	26.3	20.5	53.2	45	52.2	49.9	52.9	40	58.5	5.2	6.3	20.7	23.5	88.8	53.6	100.6	115	33.3	55.1	93.1	86.9	144.3	122.9
Lipt1	70.3	100.3	56.5	26.1	77.2	104.3	100.9	94	50.3	39.5	26.9	0	26.3	104.2	13.1	68.8	76.3	68.4	58.3	35.9	46.9	30.5	65.1	85.4
Mospd3	610	495.4	633.2	956.3	765.7	715.3	711.2	893	543.2	891.3	1045.5	1613.1	855.5	969.1	1229.2	1517.9	427.7	487.5	633.7	587.4	1495.9	1632.6	2399.4	2384.5
Hook3	1506.6	1968.5	1260.8	1965.9	2341.5	2114.3	1494.4	1767.3	1658.4	1596.2	1309.5	1270.5	1779.7	1617.6	1271.5	1194.1	1530.1	1057.9	1468.3	972.2	428.1	400.9	542.1	511.8
Mxd4	1224.2	1208.2	1000.3	1101.9	1228.3	1103.8	1059.9	1006.6	990.9	1162.1	1044	1355.5	1641.6	1922.7	1150.6	1537.2	1777.2	1187.4	1835.7	1351.8	392.3	402.5	286.5	264
Matr3	4124	5731.3	4556.8	5524.9	5250.8	4946.7	4792.9	5529.2	5078	4888	5623.8	6518.8	5319.1	5224.6	5754.3	5447.3	7004.8	5614	6777	4600.4	3906.1	3666.8	3390.4	4131.5
Clic4	1660.9	1669.2	1189.5	961.7	2190.7	1942.7	1460.5	1414.9	1529	1963.7	1218.2	1333.1	1158	1503.8	1654.5	1243.7	1640.3	1997.9	1169.9	1229.9	4530.7	4506.2	1407	1176.4
Zfp692	265.6	52	103.1	198.9	200.2	163.4	188.8	275.1	317.3	268.1	344	357	192.3	325	225.7	157.9	225.3	26.2	197.4	203.9	104.2	113.5	140.9	203.8
Pomk	84	133.2	262.6	261.9	414	159.3	268.7	145.9	5.1	196	129.4	286.3	83.8	366.1	240.3	257	229	237.2	193.8	209.1	265	276.4	541.5	668.4
Mex3c	759.1	594.9	926.2	474.9	659.9	492.9	680.3	565.9	496	676.3	251.3	135.1	581	605.9	486.4	340	702.7	961.9	432.8	515.6	831.5	813.5	780.3	635.4
Aagab	1482.4	1288.7	1159.1	920.4	1223.3	889.7	1533.4	1255.3	930.4	983.9	1005.1	790.9	1276.9	1385	1674.9	1497.7	1681.5	1456.6	1344.7	1522.4	1425.9	1468.1	1695.6	1747.7
Hgsnat	186.9	254.7	168.7	211.9	175.9	122.2	205.8	146.9	242.3	178.3	161.5	205.8	32.7	81.4	246.1	85	54.5	69.8	92.7	96.2	411.4	349.2	1017.9	1142.7
Kin	965.9	544.4	370.6	759.6	586.3	519	503.5	481.7	850.3	711.7	576.6	414.2	834.8	468.8	321.9	384.5	646.9	635.9	507.7	378.3	218	254.5	171.1	170.2
Rsrp1	15327.3	11712.2	14091.1	12214.7	6833	8899.4	11520.8	7475.7	7637	7846.4	5646.2	4461.9	9483.4	7987.3	6791.3	7385.2	9404.7	9430.8	7762.6	7210.4	1883.4	1952	3331.4	3270.9
4932438A13Rik	1582.2	2021.9	1682.9	1674.6	1347.7	1761.5	1040.9	1774.2	1327.8	1343.1	1554	1572	1603.3	1253.7	1223.4	1247.7	1539.8	1133.6	1511.1	973.4	806	805.7	516.7	654.2
Gemin5	608.9	496.2	485	241.3	252.4	468.2	363.6	663.9	329.6	345.6	603.5	586	619.3	379.3	588.4	515.1	614.2	392.9	405.4	790	1125.9	1107.2	1259.4	1272.1
Tmem97	306.6	351.3	342.4	467.3	681.4	385.8	593.4	554.2	535	805.6	650.6	788.2	498	1174.5	610.2	515.1	416.7	366.7	292.5	795.2	403.4	490.2	1415.1	1307.7
Galnt6	439.9	466.1	260.5	405.3	601.3	276	456.5	322.1	425.1	413.7	401.6	527	573	527.4	438.4	473.6	348.9	135.3	135.5	238.6	563.4	483.1	711.9	800.4
Stag1	1192.7	1282.8	996.8	1388.8	1262.6	1570.6	682.3	1414.9	1715.9	1622.1	1468	1127.3	1407	1232.4	1711.3	1494.7	1362.9	1334.4	1458.8	1535.2	1546	1505.7	1073.6	1141.4
Tbcel	934.4	875.2	873.9	974.8	830.8	694.7	574.4	785.3	854.4	838.3	1368.6	1034.3	918.6	825.3	868	930	1133.9	1260.2	1073.6	758	326.2	385.2	195.3	151.4
Ldlrap1	1483.5	938.9	1140.8	1171.5	986	753.7	636.3	944.9	619.2	763.4	1008.1	1254.4	1029.5	873	760.3	1298.3	741.4	528.2	895.3	970.9	520.4	563.8	1716.4	2063.5
Lsm1	211	181.5	340.3	185.8	228.1	376.2	213.8	196.8	402.5	246.3	195.2	221	224.3	190	205.4	161.9	76.3	170.3	147.4	251.4	463.9	428.3	532.1	463.9
Ttc13	463	350.5	485.7	642.2	667.8	362.5	562.4	872.4	700.3	691.3	907.9	905.4	545.9	659.5	875.3	1212.3	840.8	1266	1224.6	1199.2	1722.7	1767.2	1790.2	2020.2
Man1c1	222.6	198.3	234.4	251	199.5	79.6	161.8	202.7	34.9	202.8	99.5	158.4	269.7	118.8	168.9	295.5	157.5	277.9	273.5	184.7	1274.7	1335.8	917.2	1054.1
Tacc3	132.3	262	245	248.9	697.1	702.9	539.4	565.9	984.8	786.5	1064.2	1397.5	837.2	743.9	519.9	663.8	737.8	800.3	819.2	854.2	2934.5	2881.4	1888.8	1983.3
Jade3	142.8	155.1	288.7	204.3	333.2	340.5	447.5	128.3	148.9	133.4	65.8	42.1	203.5	208.3	195.2	185.2	145.4	93.1	103.4	132.1	286.5	300.7	332.8	425.8
Bag4	511.3	567.1	719.3	316.2	603.4	735.9	698.3	553.2	819.5	771.6	706.7	455.4	773.3	708.6	888.4	486.7	875.9	1071	856	709.2	320.7	303.8	581.1	443.9
Traf3ip3	1309.2	1182.6	1392.1	1042.2	1034.6	727.7	445.5	681.5	430.3	411	470.4	654	660.8	574.4	671.4	1004.9	913.5	822.2	1123.6	906.7	1145	1156.5	728	623.1
Tap1	1614.7	1217	1385	1543.1	892.3	1485.5	1854	1368.8	1806.3	1383.9	1773.1	2652.8	1254.6	1668.9	1453.5	1633.3	1348.4	1590.5	1684.7	1828.9	4865.7	4929.8	2498.7	2092
Bbs7	15.7	76.1	48.7	42.4	0	160.6	100.9	83.2	0	47.6	8.2	0	35.1	115.2	0	15.2	87.2	18.9	45.2	53.9	58.1	64.2	65.1	76.4
Capn15	132.3	295.6	77.7	128.2	86.5	177.1	45	218.3	69.8	24.5	153.3	127	57.5	206.9	99	68.8	133.3	88.8	59.4	100	206.9	235.7	142.2	147.5
Larp1	2714	2375.4	1474	1671.4	2525.3	1900.1	1530.4	2334.3	2533.3	2434.5	1582.4	1753.6	2360.7	2584.4	2053.6	2191.9	2045	1883	1813.1	2398.3	3835.3	3828.1	3489.1	3673.4
Mfsd2b	252	162.5	157.4	135.8	588.4	340.5	459.5	408.3	2325.9	1652	1397.7	1172.1	72.6	420.3	112.1	181.1	0	1.5	0	182.1	8.8	7.8	100	23.9
Map4k1	263.5	172.7	285.2	315.1	396.8	381.7	325.7	283.9	282.4	465.4	478.6	527.9	482.8	406.4	298.6	330.9	484.6	649	365	336	3240.9	3307.4	1835.1	1575.6
Fam53a	646.7	943.3	690.4	585.7	459	643.9	667.3	743.2	732.2	635.5	637.9	530.6	636.1	787.1	655.4	620.3	554.9	580.6	510.1	809.3	802.1	825.3	1058.8	1134.3
Slc9a7	0	0	0	1.1	0	0	0	6.9	18.5	1.4	0	0	0	118.8	39.3	71.8	80	18.9	21.4	24.4	406.6	392.3	91.3	133.3
Taf2	944.9	680.6	805.5	811.8	636.3	1367.4	1049.9	684.4	1237.4	1114.5	552.7	318.5	900.2	914	1144.7	526.2	785	729	407.8	550.2	825.1	747	866.9	872.9
Slc12a9	340.2	244.4	229.4	349.9	211.6	306.2	421.6	309.4	206.4	216.4	231.8	314	284.1	228.1	310.2	468.5	275	414.7	385.2	251.4	397.9	393.8	389.2	285.4
Paqr7	1277.7	998.2	737.7	673.8	478.3	486	350.6	419.1	232.1	170.1	317.1	398.1	621.7	195.9	254.9	469.5	536.7	422	401.9	348.8	275.3	251.3	989	1046.3
Nudt22	133.3	68.1	76.9	71.7	1.4	104.3	17	69.5	70.9	0	55.3	56.4	59.1	73.4	58.3	38.5	40	75.7	23.8	100	172.7	151.9	133.5	193.5
Actr1b	458.8	615.4	763.1	636.8	683.5	749.6	606.4	784.3	543.2	821.9	967.7	1138.1	333.6	636.8	831.6	956.3	397.4	475.8	734.8	887.5	1256.4	1293.5	1303.7	1190.6
Letmd1	464.1	566.4	739.8	883.5	579.8	671.4	648.3	457.3	672.6	455.9	735.9	881.3	714.3	677.1	573.8	765	637.2	449.6	782.3	564.3	573.7	588.8	652.9	795.2
Uvssa	466.2	695.2	581	527.1	263.1	487.4	501.5	519.9	201.3	333.4	284.2	264.8	235.4	223	247.6	422	449.5	295.4	403.1	387.3	81.2	93.2	46.3	8.4
Sf3b6	1606.3	1700.7	2999.5	1647.5	2509.6	1865.8	1919	2118.8	3432.9	2674	2693.7	2710.9	2667.1	2491.2	2949.3	2848.7	2385.4	2639.6	2131.8	2885.7	1492.7	1606.7	2109.6	1976.8
Letm2	211	161	235.8	258.6	197.3	411.9	39	185.1	44.2	73.5	39.6	35.8	49.5	74.8	45.1	87	307.7	216.8	166.5	69.3	46.9	43.8	9.4	14.2
Srrt	2727.6	2859.1	1887.7	2023.5	2438.1	2248.9	2391.5	2714.2	3103.3	2953	3764.6	4427	2522.7	2698.1	3341	3816.1	2591.4	2380.6	3855.7	2844.6	3139	3195.4	2432.3	2531.3
Pafah2	1033.1	1320.9	1260.8	1304.1	824.4	1102.5	888.1	1067.3	1026.9	1155.3	1039.5	1199.8	1175.6	1002.1	713.6	1103	388.9	426.4	543.3	250.1	141.6	144.1	546.8	581.1
Kdm6a	871.4	940.3	772.3	685.7	993.1	1223.3	616.3	979.1	785.6	583.8	937	836.5	771.7	714.5	865.1	804.5	1041.9	897.8	1128.3	665.6	1122.7	968.6	701.2	872.3
Enpp1	87.1	25.6	67.1	30.4	20	8.2	18	65.6	101.7	53.1	39.6	36.7	39.1	38.1	116.5	55.7	128.4	74.2	95.1	137.2	107.4	57.9	61.7	84.1
Ctbp1	2660.4	1880	2828.7	2784.2	2724.1	2732.1	2588.3	2955	2531.3	3036	3040.7	2999	2405.4	3125.8	2860.4	3105.7	2241.2	2674.6	2607.4	3500	5873.9	5937.5	3260.9	3475.4
Hhat	127	107.6	51.5	70.6	78.6	85.1	180.8	50.9	132.5	123.8	35.1	55.5	106.1	121.8	96.1	31.4	140.5	190.6	99.9	142.4	97.9	68.1	32.9	38.2
Trmt6	1350.2	1507.5	1006	955.2	1347	1470.4	1177.8	1576.4	1477.7	2007.2	1661	1543.4	1780.5	1924.2	2050.6	1823.5	1549.5	841.1	1416	1809.6	807.6	739.2	1020.6	855.4
Rcor3	781.1	974	1036.3	1274.7	1021.7	1140.9	834.1	864.6	682.9	880.4	930.3	714.9	915.4	708.6	736.9	783.3	462.8	660.6	730	452.7	198.1	173	218.1	179.9
Atp11b	1431	1994.8	1137.3	1425.8	1991.2	1821.9	1938.9	1673.3	1961.4	1834.4	1356.6	1392.2	2552.2	2087	2020.1	1161.7	1972.3	1830.6	1433.9	1356.9	2346.5	2295.8	3015.4	3041.9
Icam1	264.6	230.5	301.4	171.7	137.3	162	282.7	238.9	95.5	80.3	174.2	188.8	545.9	200.3	138.4	255	281.1	243	164.1	292.4	993.8	825.3	419.4	374
Cnnm4	98.7	186.6	233	109.8	289.6	355.6	195.8	165.5	373.8	238.1	186.2	150.3	213.1	141.6	96.1	56.7	176.9	96	206.9	220.6	121.7	131.5	159	110.6
Tbc1d2b	168	362.2	483.6	430.3	353.9	308.9	409.6	546.4	669.5	643.7	530.2	768.5	266.6	382.2	550.5	628.4	302.9	349.2	513.6	378.3	639.7	786.9	1242.6	1125.9
Ranbp10	263.5	285.4	403.1	429.3	450.4	236.1	258.7	314.3	376.9	227.3	213.1	271.1	486.8	249.4	310.2	274.2	271.4	491.8	475.6	401.4	502.9	455.7	257	295.7
Dmxl1	280.3	655.7	507.6	451	459	336.4	284.7	436.7	585.3	557.9	387.4	423.2	601.7	288.3	365.6	403.8	661.5	582.1	387.6	229.6	368.4	416.6	156.3	188.9
Endod1	35.7	103.9	58.6	147.8	104.4	57.7	23	192.9	527.8	329.3	466.7	286.3	265.8	194.4	222.8	212.5	316.2	115	204.5	327	995.4	1009.3	806.5	979
Depdc5	89.2	128.8	196.2	153.2	150.9	149.6	119.9	200.7	158.1	95.3	207.2	279.1	86.2	263.4	40.8	181.1	213.2	87.3	141.5	114.1	378.8	422.8	287.2	216.8
Slc30a1	177.4	262.7	285.2	281.5	164.4	109.8	146.8	102.8	92.4	247.7	219.1	67.1	184.4	173.1	224.3	181.1	90.9	155.7	186.7	203.9	59.7	53.2	61.7	38.2
Cep85	420	530.5	336.7	283.6	666.4	560.2	409.6	382.8	755.8	602.8	569.9	581.6	624.1	502.5	610.2	521.2	674.8	506.4	549.3	416.8	792.5	825.3	493.2	432.2
Arid5a	1	73.9	15.5	12	82.9	2.7	44	33.3	45.2	27.2	41.9	98.4	114.1	223	166	261.1	322.3	119.3	117.7	177	1709.2	1706.9	1054.8	1032.1
Slc18b1	233.1	309.5	202.6	279.3	229.5	230.7	299.7	190.9	160.2	130.6	194.4	87.7	35.1	162.9	55.3	120.4	69.1	93.1	58.3	12.8	31	20.4	10.1	9.7
Azin1	1344.9	1107.2	920.5	739	1428.5	1443	1488.4	1493.2	1243.6	1744.6	1049.2	1096.9	1263.3	1700.4	1551.1	1311.5	1730	1754.9	1674	1630.1	2541.5	2446.1	3776.9	3367.4
Ints7	1276.7	979.9	1171.9	1312.8	1836.1	1080.5	1274.6	1269.9	1348.3	1581.3	1577.9	2670.7	1331.2	1177.4	1621	1751.7	1100	1383.8	2068.8	1653.2	2549.4	2657.5	2534.3	2083.6
Klf10	708.7	1024.5	885.2	692.2	771.5	892.4	646.3	671.7	222.8	688.6	182.5	195	918.6	508.4	614.6	350.1	607	1030.2	567.1	498.9	587.2	601.3	1011.2	995.2
4930427A07Rik	97.6	88.5	67.1	102.2	132.3	247.1	270.7	187	109.9	269.4	139.8	321.2	288.1	211.3	275.3	217.6	198.7	368.2	430.4	366.8	1709.2	1663.1	562.3	627
Uggt1	1454.1	1221.4	1034.2	1034.6	1141.1	933.6	765.2	1145.6	956	1160.8	1155.4	1597.9	1426.9	1339.5	1307.9	1524	1404.1	1023	1112.9	1459.5	2661.6	2800	4443.2	5043.9
Dtl	1045.7	1310.6	1289.7	1518.1	2518.9	2855.7	2255.6	3045.1	2686.3	4243	3285.3	3357.8	3308	2932.9	3712.4	3552	2859.1	3217.3	3812.9	3328.2	3335.6	3238.5	3407.9	3232.8
Thoc2	6360.2	6101.6	4261	5596.6	5244.4	4812.1	3802	6046.2	5382.9	4811.8	5231.9	4284.7	4800.4	5815.8	4657.6	5418	7213.1	5417.5	6369.2	4850.5	1238.9	1253.6	1217.8	1210
Asxl2	1145.4	1154	1046.2	856.3	931.6	1194.5	1012.9	1144.6	1657.4	1094.1	851	372.2	1854.7	1256.6	997.6	792.4	1281.7	1565.7	790.6	990.1	710.6	663.2	392.5	473.7
Ubr5	1450.9	1489.9	1258	1183.4	1196.2	995.4	1297.6	1483.4	1185	1228.8	1651.2	910.8	1383.8	2121.5	1240.9	1624.2	1721.5	1490.1	1347.1	1242.8	927	954.5	509.3	555.8
Nenf	216.3	102.5	187.1	182.6	175.9	389.9	162.8	97.9	273.2	164.7	116.7	213.8	64.6	144.5	84.5	111.3	64.2	59.7	54.7	205.2	136.9	144.9	216.1	138.5
Fam168b	2476.7	1650.2	2266	1545.3	1959.7	2291.4	2299.6	1567.6	2460.4	1729.6	1401.5	1315.2	1589.7	2602.8	1867.1	1146.5	2326	1826.2	1810.8	2207.2	3587.8	3986.3	1611.7	1633.2
Pank2	1263	1114.5	1061	1166	793.6	1069.5	1835.1	1312	1699.5	1520	956.5	954.6	1069.4	1035.8	1350.1	1153.6	1246.6	1369.3	929.8	1315.9	1225.4	1236.4	1370.1	1230.7
Ppfia1	1003.7	1266.7	1239.6	1115	1426.4	1138.2	997.9	1421.7	1715.9	1716	2225.6	2084.7	1178.7	1080.6	1171	845	1124.3	1059.3	1169.9	1219.7	997.8	983.5	543.5	494.4
Mavs	137.5	185.1	558.4	328.2	128	271.8	615.3	375	210.5	224.5	496.6	371.3	119.7	495.2	607.3	423	380.4	635.9	409	312.9	682.7	688.3	583.1	706
Bcdin3d	198.4	180.8	197.7	85.9	296.7	94.7	74.9	113.6	54.4	83	73.3	64.4	178	132.8	136.9	184.2	130.8	123.7	90.4	177	88.3	115.9	126.8	60.2
Atg14	433.6	350.5	364.3	361.9	203.1	236.1	308.7	135.1	192	130.6	223.6	150.3	247.4	288.3	116.5	188.2	258	343.4	246.1	347.6	368.4	325.7	385.1	408.3
Mrpl47	225.7	343.9	117.2	132.6	546.2	207.3	474.5	281	510.4	465.4	199.7	122.6	402.2	281.7	234.5	300.6	338	90.2	254.4	465.6	287.2	265.4	311.3	306.7
Rapgef6	818.9	1115.2	719.3	908.5	1168.3	1861.7	910	908.6	1145	1279.2	1113.5	989.5	1162	1489.9	824.3	827.8	1650	778.5	1120	968.3	989.1	976.4	585.8	489.2
Fbxo34	289.8	204.9	247.8	180.4	548.4	285.6	211.8	302.6	220.8	416.4	262.5	248.7	263.4	429.1	402	395.7	439.8	365.2	392.4	359.1	346.1	353.1	316	427.1
Dlgap5	169	55.6	72	140.2	141.6	270.5	122.9	168.4	443.6	317.1	272.2	188.8	217.1	192.2	139.8	288.4	370.7	356.5	171.2	275.7	1180.8	1111.9	327.4	451
H2-DMb2	0	32.9	38.1	0	36.5	28.8	132.9	27.4	16.4	13.6	0	0.9	52.7	0	37.9	71.8	132.1	55.3	197.4	166.7	502.9	480	79.2	39.5
Plekhg2	87.1	169	60	41.3	69.4	27.5	345.6	98.9	172.5	103.4	78.5	212.9	26.3	100.5	85.9	168	66.6	72.8	74.9	106.4	349.3	333.6	13.4	18.1
Zdhhc18	544.9	689.3	760.3	785.7	522.6	508	609.4	495.4	378.9	529.4	542.2	804.3	511.6	589.1	396.1	735.7	450.7	646.1	623	514.3	1111.6	1119.7	754.2	741.5
Rps16	19876.5	17135.5	25087.5	26221.3	21164	23188.9	27713.6	20642.1	23183	25038.9	28201.9	38021.3	20793.6	21942.9	25566	23212.2	24608.8	24715.7	29583.3	25263.3	81.2	94.7	140.9	129.4
Mcrs1	433.6	232	319.1	245.6	251.7	406.4	456.5	346.6	367.6	348.4	603.5	354.3	336	425.5	557.8	370.4	499.1	378.3	350.7	452.7	649.3	640.5	565	428.4
Wdhd1	357	444.9	350.1	532.5	1318.4	994	584.4	689.3	1227.1	1268.3	1347.6	1372.5	1019.9	1347.6	1019.5	1483.5	947.4	777.1	1178.2	623.3	1056.7	1069.6	1284.3	1941.2
Tob1	267.7	266.4	159.5	101.1	47.2	199.1	131.9	148.8	72.9	137.4	24.7	3.6	135.7	246.5	324.8	47.6	195	187.7	80.8	114.1	266.6	310.1	90.6	130.7
Gch1	889.3	510.1	628.3	1066.1	364.6	826.5	549.4	733.4	514.5	883.2	528.7	544	391.1	291.2	796.7	660.8	159.9	500.6	569.5	419.4	172.7	137.8	142.9	159.2
Nr0b2	9.4	2.9	72.7	1.1	28.6	8.2	0	49.9	0	28.6	41.1	64.4	163.6	30.8	58.3	66.8	89.6	0	0	29.5	13.5	3.1	106.7	79.6
Nme1	1669.3	1462.1	1908.8	1956.1	2853.5	2302.4	2879	2664.2	3434.9	3355.8	3583.7	4384	2861.1	3195.5	3483.8	3782.7	2523.5	2315.1	2429	3230.7	1394.9	1433.7	1778.1	1729
Osbpl5	309.7	203.4	271.8	233.6	34.3	166.1	154.8	164.5	274.2	81.6	151.1	216.5	487.6	344.8	450	281.3	415.5	235.7	375.7	289.9	320.7	306.2	130.2	142.4
Bclaf1	6215.3	7255.7	3860	5143.4	5885	5576.9	4541.2	5619.3	6249.6	6208	6832.3	5847.8	6975.9	6443.8	5556.2	5437.2	6386.9	6169.8	5350.2	5754.7	2095.9	1960.6	1968	1714.7
Wdtc1	342.3	232.7	376.3	256.5	142.3	251.2	301.7	284.9	259.8	466.8	524.2	468.8	308.9	181.9	324.8	322.8	262.9	350.7	296	359.1	124.9	152.7	44.3	50.5
Cdkn3	151.2	71.7	33.9	116.3	215.9	64.5	174.8	98.9	274.2	175.5	333.5	518	104.5	188.5	83	128.5	220.5	97.5	73.7	225.7	394.7	414.2	224.1	241.4
Zfp60	101.8	161	182.8	158.7	160.2	146.9	120.9	225.2	41.1	201.4	242.3	66.2	283.3	198.1	85.9	84	241.1	50.9	173.6	87.2	177.4	184	158.4	257.5
Prkci	517.6	491	549.2	286.9	742.1	425.6	521.4	440.6	445.7	461.3	388.1	232.6	299.3	479.8	557.8	535.3	282.3	442.4	422.1	360.4	564.2	527	712.6	957
Vps13b	443.1	718.6	550.6	194.5	766.5	508	294.7	494.5	470.3	483.1	456.2	242.5	500.4	402	378.7	352.2	497.9	740.7	458.9	273.2	686.7	649.1	512	465.9
H2-DMa	423.1	307.4	557.7	770.5	604.9	782.6	947	993.8	592.5	679	1026	1117.5	1010.4	873	790.8	1295.3	1092.8	1235.4	1617	1454.4	2802.5	2827.4	2076	1717.3
Phc3	1767	2200.5	1659.7	2157.1	1570.8	1551.4	1075.9	1324.8	1098.8	1041	1296.8	963.6	1033.5	1310.2	1195.7	1133.4	1450.1	801.8	1335.2	799	158.3	167.6	103.3	76.4
Slc20a2	256.2	375.4	215.3	347.7	425.4	237.5	374.6	332.9	452.9	273.5	155.6	9.8	260.2	232.5	419.4	243.9	283.5	219.7	170	347.6	397.1	474.5	601.9	504.7
Gpr160	11.5	87.8	26.1	59.8	6.4	85.1	42	26.4	0	31.3	47.1	32.2	191.5	175.3	253.4	126.5	73.9	81.5	195	241.1	213.2	200.4	2104.2	2049.9
Cdkn1c	1010	1513.3	737	973.7	204.5	560.2	234.8	322.1	45.2	36.7	71.8	252.3	88.6	5.9	62.6	23.3	53.3	50.9	65.4	102.6	10.3	18.8	12.7	5.2
Ldah	195.3	196.1	283.8	324.9	426.8	365.2	314.7	287.9	219.8	348.4	246.8	152.1	600.9	397.6	359.7	306.6	497.9	324.5	376.9	332.2	647.7	635	916.6	1008.1
Rfx7	1949.6	1627.5	2082.5	2056.1	2653.3	2196.7	1935	2099.3	1714.9	1965	1048.5	963.6	2861.9	2321.1	2059.4	2365.9	2431.4	2467.9	2270.9	1730.1	810.8	925.5	603.2	590.1
Inf2	973.2	955	1212.8	945.4	797.9	841.6	918	730.4	714.7	696.7	640.2	1511.2	731	502.5	388.9	441.2	374.3	372.5	347.2	361.7	77.2	71.3	67.1	58.2
Armc3	258.3	104.6	118.6	210.8	85.8	65.9	68.9	134.1	164.3	31.3	82.3	107.4	188.3	68.2	39.3	67.8	126	91.7	174.8	85.9	27.1	39.2	16.1	12.9
Atp8a1	1323.9	1846.3	1909.6	2288.6	1553.6	1964.7	1710.2	2085.6	1842.2	2182.7	2788.7	2449.7	1029.5	1317.5	1227.8	1532.1	843.2	877.5	1060.5	1061.9	907.1	827.6	388.5	607
Ahdc1	140.7	128.8	151.8	106.5	115.8	71.4	19	101.8	64.7	27.2	125.6	114.5	55.9	81.4	77.2	68.8	71.5	123.7	134.4	92.3	126.5	157.4	5.4	10.4
Ddhd1	130.2	237.8	221	244.5	164.4	100.2	146.8	127.3	63.7	84.4	113.7	76	235.4	141.6	195.2	101.2	252	135.3	142.7	80.8	120.2	160.5	107.4	117.8
Cd81	1804.8	1525.8	1897.6	1697.4	1515	1237	1419.5	1326.7	1409.9	1276.4	1420.2	1450.3	1305.6	1287.4	1054.4	1123.3	1430.8	1276.2	1343.5	1229.9	2398.2	2406.2	2139.7	1950.9
Cisd1	766.4	474.2	496.3	862.9	1048.2	642.5	873.1	965.4	877	1028.8	979.7	1792.1	699.1	715.2	1175.3	1000.8	539.1	614.1	878.6	1002.9	634.2	693.7	622	586.2
Tmem33	637.3	810.1	699.6	662.9	671.4	1594	995.9	822.5	1309.3	817.8	482.4	427.7	1351.9	994	885.5	411.9	831.1	764	557.6	645.1	897.6	934.1	2113.6	2123.7
Gnpnat1	278.2	373.2	416.5	263	453.3	472.3	597.4	441.6	756.8	711.7	260.2	369.5	849.9	534	623.3	381.5	421.6	435.1	409	413	206.1	203.6	455.6	485.3
Ckap2	481.9	507.1	432	285.8	1371.3	856.7	1045.9	773.5	1639.9	1242.4	712.7	223.7	805.2	1280.1	924.8	810.6	1095.2	1455.2	492.2	486.1	610.3	696.9	428.1	482.7
Mynn	282.4	392.2	312	409.7	393.2	453.1	506.5	220.3	421	401.4	252.8	286.3	371.1	209.1	351	260.1	404.6	334.7	292.5	265.5	616.7	555.9	624.7	450.4
Themis2	97.6	118.5	69.9	56.5	147.3	57.7	242.7	80.3	0	16.3	118.2	161.9	160.4	112.2	96.1	103.2	259.3	138.2	180.7	320.6	1549.2	1599.7	1241.3	920.1
Mrps26	464.1	259.1	273.9	126.1	609.2	289.7	518.5	279.1	461.1	276.2	463.7	291.7	507.6	173.9	286.9	360.3	338	261.9	285.3	324.5	885.6	846.4	1059.5	913
Eef1a1	16257.5	13202.1	11306.2	8335.1	15485	19849.9	14060.1	10507.1	20198.9	12315.3	5581.1	2609	15163.2	17931.7	16060	6479.5	23966.7	13572.2	11761	13194.7	12467.1	12605.5	20659.4	19769.3
Fam222b	202.6	313.2	244.3	391.2	200.2	252.6	357.6	301.6	412.8	393.3	394.1	426.8	345.6	203.2	492.3	354.2	247.1	209.5	373.3	245	265.8	210.6	397.2	348.8
Xkr8	309.7	332.2	172.2	183.7	121.5	175.7	175.8	122.4	141.7	164.7	107.7	82.3	154.8	117.4	282.5	202.4	204.7	103.3	139.1	191.1	83.5	85.3	278.5	341
Ppp1r16b	185.8	216.6	120	148.9	46.5	79.6	3	53.9	0	46.3	0	0	26.3	0	1.5	0	54.5	174.6	91.5	174.4	853.8	804.1	5.4	0
Ptger2	0	0	0	0	0	0	20	17.6	27.7	28.6	9.7	0	152.4	52.8	10.2	17.2	164.8	112	231.8	293.7	103.4	107.3	242.9	353.3
Actr5	340.2	267.1	206.8	188	319.6	405	291.7	370.1	230	264	472.6	258.6	374.3	287.6	300	284.4	594.8	321.6	342.4	357.8	580.1	579.4	490.5	624.4
Slc16a9	128.1	169.8	137.7	117.4	178	171.6	111.9	135.1	34.9	43.5	15	0	71	42.5	48.1	35.4	29.1	52.4	38	14.1	4.8	9.4	17.4	0.6
Mrpl23	255.1	103.9	200.5	229.3	178.7	190.8	88.9	136.1	481.6	153.8	115.9	59.1	167.6	162.1	177.7	92.1	150.2	147	199.7	278.3	8	8.6	6	13.6
Pced1a	494.5	142.7	299.3	200	271.7	208.7	221.8	145.9	295.7	172.8	172.8	125.3	349.6	298.6	218.5	219.6	474.9	128.1	250.9	264.2	189.4	151.1	267.7	342.3
Apopt1	190	232.7	182.8	115.2	200.9	175.7	142.8	195.8	246.5	144.2	170.5	55.5	83.8	222.3	128.2	157.9	151.4	136.8	168.8	157.8	409	389.2	631.4	559.1
Vopp1	438.9	532	478.6	491.2	341.8	237.5	438.5	632.5	395.4	495.3	513.8	521.6	389.5	298.6	485	592	319.8	276.5	480.3	478.4	504.5	487	175.1	191.5
Phf12	454.6	617.6	456	679.2	782.2	418.7	465.5	527.8	782.5	575.6	643.1	536.8	689.5	636.8	566.5	568.7	754.8	780	877.4	838.8	549	629.5	187.9	216.1
N4bp2	1638.9	2193.2	1513.5	1823.5	1556.5	1724.4	1123.8	1471.6	1340.1	1383.9	1002.1	526.1	1042.3	1483.3	1252.5	1121.2	1784.5	1733.1	1235.3	760.5	672.4	573.9	258.3	346.8
Rpl10a	2744.4	2839.3	1652.6	2227.8	1968.3	3251.1	2143.7	2326.4	3813.9	2029	1886.8	3043.8	3592.1	3036.3	2576.4	1719.3	3298.9	3115.5	2236.4	3460.3	108.2	85.3	49.7	25.9
Fam76b	1203.2	1007.7	1390	1473.6	1236.9	1399	1826.1	1534.3	1393.5	1296.9	1786.6	1487.9	1683.9	1136.3	1520.5	1379.3	1090.3	1756.4	1490.9	1145.3	891.2	834.7	272.4	460.7
Ctnna1	937.6	850.3	765.2	732.4	871.6	956.9	636.3	951.7	1096.7	929.4	583.3	620	578.6	652.2	527.2	626.4	591.2	609.7	555.2	632.3	1466.5	1649	691.1	652.9
Fbxw17	196.3	114.9	172.2	238	233.8	70	224.8	121.4	259.8	69.4	261.7	185.2	171.6	185.6	174.8	159.9	145.4	96	205.7	116.7	136.1	104.1	128.8	181.8
Abhd18	195.3	252.5	162.4	286.9	248.8	134.5	179.8	171.3	251.6	197.3	118.9	223.7	261.8	278.8	249	193.3	226.5	161.5	197.4	165.4	106.6	104.9	161.7	75.7
Tgm2	4393.8	3939.9	4306.9	4040.4	1788.2	2427.3	1852	2045.4	638.7	688.6	892.2	1094.2	59.9	223	139.8	312.7	42.4	75.7	44	78.2	13.5	14.1	6.7	0
Smim14	3020.5	2443.4	3022.8	2692.9	1903.3	1869.9	2082.8	2352.9	1732.4	1415.2	859.3	952.9	2436.5	2139.1	1954.5	1861	3006.9	2926.3	3117.4	2702.3	3484.4	3525.1	1892.2	1740
Tspan14	4771.7	3252.8	3802.2	2859.1	2449.5	2224.2	3042.8	2420.4	1537.2	1951.4	1856.1	1472.7	1461.3	1590.4	2021.5	2350.8	1570.1	2208.9	1935.6	2005.9	1859.6	1870.6	2025	2131.5
Ppm1k	569	496.2	698.9	506.4	489.8	538.2	667.3	504.3	254.7	323.9	202.7	309.6	293.7	600.1	451.5	552.5	694.2	413.3	579	355.3	198.9	178.5	106	139.1
Fdxacb1	254.1	160.3	145.4	200	95.1	63.2	201.8	157.6	169.4	262.6	213.1	229	170	153.3	304.4	233.8	111.5	149.9	228.3	161.6	89.9	107.3	93.3	95.1
Rtkn2	0	50.5	0	18.5	10	0	23	10.8	3.1	44.9	12	2.7	43.1	80	59.7	27.3	4.8	27.6	35.7	14.1	235.5	252.1	159	188.9
Nmrk1	94.5	147.1	82.6	153.2	249.5	174.4	17	55.8	158.1	51.7	131.6	66.2	0	32.3	59.7	109.3	149	101.9	200.9	75.7	100.3	94	88.6	44.6
Gm4955	0	42.4	20.5	55.4	43.6	34.3	48.9	48	0	0	41.1	0	0	45.5	29.1	50.6	133.3	240.1	210.4	202.6	178.2	173	3.4	0
Iars	985.8	1011.3	1043.4	683.5	1052.4	1404.5	1067.9	1047.7	1209.7	1276.4	1099.3	505.5	1410.2	1555.9	1489.9	911.8	974	980.8	791.8	963.2	2286.1	2267.6	3193.2	3238.6
Nufip2	2288.8	5028.8	3419.5	4584.8	3911.6	4033.7	2741.1	3813.7	3364.1	3685.1	4511	3394.5	4869.8	4676.6	3562.4	4181.4	4677.5	3595.7	3654.8	2717.7	945.3	686.7	594.5	671
Aim2	443.1	400.3	180	465.1	327.5	281.5	265.7	177.2	113	147	163	278.3	292.1	314.7	167.5	351.1	619.1	433.6	554	360.4	285.7	259.2	244.2	263.4
Jmjd1c	981.6	1056	955.1	1214.9	1353.4	1754.6	1180.7	1293.4	1630.7	1328.2	1185.3	801.7	1506	1485.5	1067.6	1142.5	2141.9	1130.7	1337.6	906.7	928.6	1050.8	285.2	248.5
Stk35	79.8	37.3	150.4	123.9	158.7	118.1	142.8	113.6	104.7	152.4	165.3	374	126.9	82.2	145.6	292.5	96.9	123.7	97.5	179.6	254.6	220.8	169.1	214.8
Wdr19	134.4	19	88.9	84.8	18.6	79.6	20	49	23.6	23.1	35.1	43.8	95	19.8	33.5	107.3	63	64	91.5	80.8	96.3	103.4	57.7	45.9
H2afz	5905.6	6635.1	5251.4	4617.4	11305.2	12591.2	11844.5	8232.6	18744.8	13865.3	12673.7	14941.5	14579.1	17008.9	12037.3	10432.2	14084.6	9656.4	9722	9656.2	251.4	227.9	195.3	161.1
Rcor1	1567.5	2010.9	2039.4	2244.1	2225	2303.8	2133.7	2176.6	2438.9	2363.7	2437.2	2471.2	1917.8	2459	2344.8	1865	2092.2	2530.5	1951.1	1500.6	1511.8	1346.8	1360.7	1173.1
Sirpa	573.2	468.3	450.4	272.8	222.4	293.8	314.7	237	428.2	326.6	181.7	208.5	261.8	473.9	418	270.2	413.1	551.5	297.2	556.6	2180.2	2160.3	2331.6	2572.8
Ankrd9	16.8	76.8	24	21.7	92.2	19.2	85.9	61.7	43.1	16.3	74.8	15.2	192.3	46.9	109.2	60.7	84.8	64	27.3	50	167.9	207.5	121.4	139.8
Bri3bp	921.8	914.7	820.3	878.1	1277.7	1064	913	1079	1173.7	1344.5	1404.4	1154.2	838	1285.2	1328.3	1225.5	1266	1676.3	1225.8	1564.7	1022.5	1127.5	1656.6	1543.3
Ankrd13b	231	61.5	54.4	60.9	77.2	160.6	144.8	147.8	114	73.5	86.7	63.5	40.7	75.6	150	138.6	99.3	125.1	101.1	144.9	135.3	131.5	93.3	161.8
Tmem156	0	0	10.6	0	0	0	30	4.9	33.9	70.8	0	0	31.1	80.7	113.6	18.2	88.4	65.5	25	129.5	69.2	54	149	171.5
Ndufv1	380.1	157.3	313.4	192.3	647.1	639.8	453.5	324.1	681.9	391.9	735.9	296.1	510.8	449.7	365.6	463.5	539.1	273.6	394.7	724.6	2030.6	2250.3	3391.8	3045.1
Ddx60	838.9	994.5	519.6	923.7	610.6	954.2	492.5	396.5	272.1	185.1	243.8	214.7	194.7	305.2	432.6	486.7	583.9	371.1	558.8	312.9	68.4	60.3	50.3	15.5
Bank1	102.9	52.7	93.2	121.7	54.3	163.4	0	16.6	167.4	73.5	35.9	111.8	1.6	0	33.5	17.2	116.3	165.9	224.7	87.2	538.7	430.7	14.1	13.6
Ssh2	872.5	851.8	936.8	1005.2	1021.7	962.4	980	1140.7	746.5	892.7	903.4	1091.5	1508.3	1410.7	1153.5	1474.4	1931.1	2249.7	1980.8	1564.7	2079.2	2158	421.4	207.1
Bicd2	207.9	286.1	259.8	204.3	85.8	340.5	193.8	300.6	464.2	251.8	559.4	232.6	191.5	228.1	345.2	218.6	281.1	277.9	221.1	266.8	1129.1	1089.9	582.4	563.6
Smarce1	2138.6	1819.2	1704.1	1458.4	1744.5	1805.4	1441.5	1518.6	1941.8	1464.2	1255.6	1587.2	2023.1	1767.9	1887.5	1912.6	2387.8	1139.4	1914.2	1614.7	618.3	628.8	357	353.9
Scarb1	390.6	433.9	351.6	251	481.2	406.4	283.7	393.6	634.6	333.4	375.4	351.6	555.5	607.4	629.2	446.3	597.3	240.1	451.8	520.7	1670.2	1874.5	3438.8	3492.2
Chchd5	110.2	181.5	126.4	196.7	47.2	120.8	106.9	136.1	82.2	125.2	144.3	87.7	85.4	148.9	144.2	185.2	81.2	145.5	196.2	156.5	136.1	124.5	181.2	123.6
Inpp4b	48.3	155.1	104.5	126.1	98.7	185.3	138.9	180.2	88.3	107.5	112.9	204.9	114.1	105.6	113.6	51.6	31.5	135.3	25	11.5	153.6	162.9	32.2	43.4
Ccr7	0	0	0	0	5.7	0	0	1	20.5	0	0	0	0	0	51	3	78.7	145.5	85.6	218	779	878.5	5.4	0
Fgd3	420	337.4	478.6	334.7	314.6	512.1	262.7	286.9	273.2	206.8	442.7	257.7	242.6	314	219.9	323.8	330.7	240.1	290.1	275.7	131.3	149.6	93.3	137.8
Ano10	84	31.5	87.5	48.9	80.8	16.5	12	28.4	12.3	4.1	19.4	114.5	23.1	46.9	37.9	67.8	95.7	45.1	224.7	134.7	417.7	451.8	609.2	452.3
Wdr20	317.1	209.3	259.1	138	97.2	427	459.5	343.7	264.9	299.4	253.5	153	77.4	108.6	233	324.8	178.1	378.3	260.4	246.2	412.2	448.7	359	389.5
Nsrp1	1713.4	1450.4	1100.6	1223.6	1085.3	1334.5	1033.9	1126	1212.8	1111.8	937	1470	1305.6	930.9	716.6	783.3	1204.2	1244.2	1259.1	1035	307.9	318.7	386.5	341.7
Card19	1062.5	1005.5	934	1291	804.3	749.6	822.1	582.6	588.4	428.7	679.8	451.8	616.9	862.7	652.5	685.1	821.4	780	818	661.8	378.8	386.8	409.3	369.5
Zc3h7a	1933.9	1790.7	1975.2	1851.8	1786	1637.9	2458.4	2071.9	2197.5	1939.2	2177.7	1494.2	2015.1	1919.8	1709.8	2013.8	2255.8	2104.1	2216.2	1254.3	656.5	747.8	624.7	574
Ninj1	362.2	537.1	609.9	551	607	628.8	724.2	473.9	739.4	556.6	525.7	788.2	686.3	617.7	560.7	514.1	352.5	730.5	783.5	572	907.1	926.3	2256.5	2214.9
1110032A03Rik	565.9	185.1	182.1	372.7	132.3	310.3	120.9	349.6	277.3	114.3	200.4	430.4	185.2	49.9	205.4	386.6	353.8	401.6	284.2	238.6	157.5	167.6	102.7	119.1
Snn	539.6	433.9	571.8	943.3	321.7	299.3	697.3	371.1	64.7	112.9	181.7	19.7	510.8	137.2	403.4	478.7	832.3	1076.8	1461.2	1038.8	815.6	825.3	7.4	1.3
Rmi2	159.6	349.8	295.8	345.6	815.1	428.4	352.6	437.7	893.4	802.9	708.2	602.1	1161.2	841.4	755.9	618.3	672.4	515.1	590.9	722.1	401.8	354.7	363.7	298.9
Rara	45.1	32.9	24.7	50	0	19.2	31	10.8	1	47.6	8.2	0	32.7	61.6	42.2	0	40	87.3	58.3	57.7	621.4	665.6	159	143.6
Dhx38	773.8	598.6	349.4	405.3	343.9	414.6	321.7	426.9	395.4	273.5	387.4	385.6	296.9	581.7	543.2	521.2	453.1	432.2	385.2	361.7	1092.5	1046.1	1429.2	1470.8
Igsf9	78.7	43.2	40.2	44.6	64.3	30.2	47.9	49.9	2.1	10.9	17.2	0	174	52.8	40.8	134.6	61.8	80	135.5	100	96.3	80.6	0	1.9
Parp11	873.5	807.2	475.1	507.5	542.7	645.3	347.6	621.8	556.6	515.7	518.3	379.4	496.4	594.2	432.6	415.9	613	766.9	923.8	572	276.9	299.1	206	265.9
Arap2	152.2	540.8	237.9	466.2	308.2	461.3	446.5	504.3	799.9	460	382.1	542.2	1177.1	1101.8	753	670.9	1899.6	1306.7	1422	1208.1	435.2	456.5	261	272.4
Acd	571.1	248.8	266.1	322.8	486.9	369.3	230.8	422	307	506.2	394.9	680	500.4	369	317.5	476.6	242.3	459.8	467.3	463	1047.9	1154.9	1156.1	1076.7
Cramp1l	2628.9	2537.8	2412.9	3060.2	2254.3	2192.6	2870	2386.2	2024	1766.3	1287	1275	1644	2141.3	1972	1619.1	1845.1	2396.6	1779.8	1380	97.9	147.2	45.6	79.6
2700029M09Rik	1268.3	668.9	982	896.5	1319.8	1367.4	1714.2	1576.4	1568.1	1958.2	1137.5	891.1	1401.4	1542	1421.5	1067.6	1268.4	1623.9	1227	1614.7	1087.7	1157.3	1612.4	1680.4
Acer2	124.9	124.4	230.8	179.3	92.9	17.8	113.9	140	22.6	85.7	21.7	72.5	174.8	0	58.3	102.2	35.1	80	154.6	60.3	10.3	16.4	39.6	27.2
Ccdc138	31.5	117.1	173.7	41.3	74.4	184	148.8	176.2	181.8	83	130.1	102	169.2	118.1	128.2	26.3	206	331.8	89.2	79.5	145.6	117.5	32.2	51.1
Wipf2	1169.6	1091.1	991.1	1376.9	990.2	1031.1	1506.4	1298.3	1413	1152.6	1210	1562.2	1288.1	933.1	844.7	1121.2	834.7	1290.7	1205.6	977.3	75.6	94	27.5	38.2
Fam120a	4026.3	3233.8	3581.9	3427.5	3303.9	2652.5	2940.9	3602.2	3679.3	3795.3	5029.2	4742.8	3010.3	3527.8	3877	5133.6	3108.7	2779.3	4142.3	3275.6	2531.9	2572.9	2547	3059.3
Fam188b	3.1	9.5	45.9	12	0	26.1	0	1	0	6.8	38.1	0	47.9	17.6	23.3	1	53.3	27.6	0	26.9	113.8	111.2	82.5	33.6
Atp6v0a2	253	337.4	366.4	408.6	613.4	762	334.6	354.4	848.2	679	727.7	689.8	360.7	632.3	317.5	395.7	534.3	490.4	550.5	472	1083	999.9	1200.4	968
Dennd4c	120.7	193.2	125	60.9	140.1	207.3	206.8	145.9	289.6	167.4	108.4	34.9	41.5	75.6	103.4	81	88.4	219.7	133.2	53.9	272.1	213	124.1	185.1
Phf2	1129.7	1183.3	1459.9	1292.1	1183.3	886.9	1375.5	1182.8	1171.7	1483.3	1174.1	794.5	1228.2	1269.8	1417.1	1312.5	1375	1239.8	1326.9	983.7	828.3	803.4	148.3	134.6
Tigar	65.1	128.1	58.6	42.4	5.7	63.2	75.9	66.6	60.6	24.5	9.7	2.7	70.2	48.4	113.6	92.1	43.6	128.1	108.2	97.5	103.4	104.9	329.4	291.2
Igsf8	187.9	359.3	285.9	541.2	313.2	414.6	95.9	449.4	298.8	408.2	510.8	562.8	275.3	239.1	403.4	520.1	505.2	327.4	406.6	460.4	1978.1	1915.2	1452	1395.1
Socs1	177.4	158.1	140.5	144.5	165.2	98.9	173.8	33.3	174.6	65.3	41.1	36.7	44.7	23.5	91.8	11.1	25.4	107.7	27.3	74.4	204.5	245.9	54.3	75.1
Gcc2	1419.5	1763.6	1510.7	1592	993.1	2085.5	1632.3	1346.3	1110.1	1030.1	1107.6	1006.5	1723.8	1578.7	1344.3	1008.9	1694.9	1651.6	1504	1183.8	370	333.6	177.8	256.9
Ptpdc1	138.6	51.2	138.4	161.9	99.4	249.9	243.7	163.5	17.5	66.7	184.7	28.6	54.3	46.9	116.5	101.2	53.3	59.7	76.1	68	149.6	136.2	44.3	40.8
Rnmtl1	183.7	234.9	156	132.6	213.8	151	144.8	219.3	144.8	92.5	119.7	122.6	71	379.3	217	158.9	219.3	164.4	117.7	70.5	222	239.6	357.6	345.5
Haus6	528.1	494	217.4	341.2	542.7	690.6	445.5	345.6	848.2	660	550.4	541.3	474.1	667.6	422.4	447.3	427.7	455.5	353.1	425.8	592.8	596.6	662.3	730.5
Dexi	746.5	605.9	485.7	460.8	403.2	201.8	606.4	261.4	241.3	219.1	297.6	370.4	219.5	254.6	132.5	437.2	413.1	331.8	529.1	315.5	282.5	241.9	172.4	149.5
Kmt2c	4583.8	3462.1	3557.2	4139.3	4331.3	3816.8	3324.5	3675.7	3684.5	3557.2	3195.5	2221.5	3307.2	3191.8	3290.1	2689.8	3663.5	3872.2	3388.5	3030.6	771.8	743.1	251.6	281.5
Nod1	387.4	155.9	249.2	166.3	138.7	135.9	106.9	66.6	18.5	64	129.4	0.9	70.2	68.2	91.8	132.6	253.2	254.7	89.2	296.3	212.5	166	407.3	375.9
Smim3	452.5	431.8	281	383.6	272.4	657.6	316.7	358.4	345	458.6	345.5	443.8	498	363.9	396.1	438.2	334.4	344.9	361.4	437.3	507.7	508.2	292.5	328.1
Mturn	180.6	177.1	157.4	267.3	268.8	98.9	89.9	92	30.8	1.4	115.2	317.6	79	10.3	17.5	148.8	44.8	103.3	123.7	15.4	49.3	85.3	10.1	1.3
Rnf144b	119.7	113.4	283.8	97.8	318.2	72.8	38	92	190	111.6	134.6	280	142.9	44.7	132.5	90.1	44.8	107.7	55.9	170.6	16.7	25.1	191.2	241.4
Cdkn2aip	530.2	340.3	322.6	195.6	157.3	212.8	424.6	247.7	445.7	458.6	356.7	404.4	440.5	355.8	355.4	395.7	398.6	420.5	307.9	280.9	571.3	530.9	514	399.9
Cntln	1432	1779	1132.3	1518.1	1238.3	1813.6	1472.4	1446.2	2242.7	2226.3	1967.6	1564.8	1581.8	1248.6	1672	1331.7	1565.2	1475.5	1605.1	1200.4	302.4	296	80.5	126.8
Galnt11	623.6	492.5	423.6	297.8	534.1	340.5	471.5	171.3	237.2	479	77.8	42.1	242.6	253.1	495.2	248.9	536.7	269.2	290.1	329.6	516.4	494.1	357	309.3
Tmem237	380.1	698.1	591.6	598.8	416.1	499.7	553.4	603.1	255.7	620.5	486.1	677.3	403.8	124	461.7	587.9	333.2	532.6	445.9	300.1	151.2	129.2	242.9	283.4
Kdm1b	334.9	295.6	473.7	477.1	112.3	308.9	172.8	625.7	104.7	360.6	411.3	567.2	342.4	206.9	531.6	374.4	122.4	499.1	398.3	343.7	561	544.2	312	239.4
Opa1	981.6	976.2	1375.9	1168.2	1207.6	689.2	1230.7	1258.2	1076.2	1060.1	1139.7	1982.7	911.4	713.8	879.7	1007.9	955.9	785.8	1180.6	713.1	1237.3	1024.9	1187.6	1125.9
Cnbd2	126	116.4	40.9	83.7	33.6	33	0	16.6	0	34	0.7	0	81.4	88	0	33.4	41.2	46.6	21.4	55.1	9.5	23.5	36.2	26.5
Sbno1	4883	5093.2	4066.9	5073.9	4581.6	4099.6	3782	3886.2	4747.3	3896	4419	4585.3	4920.9	4087.5	3978.9	3983.1	3950.6	4144.3	4300.4	3646.2	1400.4	1315.4	1223.9	1389.9
Trappc11	673	528.3	575.3	589	587.7	251.2	724.2	610	615.1	653.2	629.7	497.5	406.2	710.8	442.8	471.6	439.8	504.9	657.5	504	796.5	842.5	983.7	1296.7
Phf20	917.6	1201.6	875.4	1192.1	1098.2	1254.9	990	1081.9	1243.6	1024.7	1047	1778.7	1383.8	1189.9	1219	1073.7	1132.7	1415.9	1291.2	1049.1	506.9	501.1	346.9	341.7
Fam210a	760.1	763.3	621.2	775.9	685.7	694.7	924	833.2	671.6	760.7	424	739.9	776.5	858.3	815.6	817.7	617.9	958.9	747.8	505.3	404.2	388.4	720.6	751.2
Tbc1d32	142.8	281.7	215.3	177.1	69.4	34.3	104.9	110.6	277.3	92.5	217.6	11.6	101.4	79.2	30.6	205.4	208.4	85.9	117.7	111.6	62.9	55.6	49	148.8
Mphosph9	180.6	386.4	488.5	547.7	519.8	480.5	318.7	596.3	739.4	752.5	929.6	767.7	606.5	465.8	702	784.3	747.5	557.3	692	565.6	337.4	381.3	120.1	170.8
Ccdc50	2199.5	2305.9	2793.4	2125.6	1715.9	1853.5	2314.5	2280.4	1419.2	2087.5	1488.2	1375.2	2104.5	2355.5	2433.7	2306.2	2487.2	2380.6	2205.5	1922.5	836.3	816.7	1306.4	1196.4
Tmem181a	291.9	114.9	326.1	366.2	277.4	216.9	316.7	259.5	164.3	152.4	98.7	130.6	374.3	67.5	275.3	145.7	38.8	259	200.9	156.5	62.1	60.3	99.3	133.9
Stox2	114.4	127.3	33.2	38	0	0	0	37.2	0	0	12	0	91	0.7	5.8	28.3	36.3	56.8	35.7	83.4	156.8	152.7	76.5	150.8
Snrk	569	457.4	763.8	686.8	432.6	459.9	730.2	594.3	556.6	325.2	264.7	693.4	435.7	626.5	329.2	527.2	553.6	285.2	688.4	629.7	595.2	689	489.1	440.7
Cd84	1094	1408.7	1054	1393.2	411.1	1392.2	913	653.1	862.6	756.6	424.8	619.1	648.8	650	636.5	500.9	637.2	625.7	722.9	477.1	360.5	335.9	417.3	441.3
Ormdl3	1184.3	813	979.8	940	919.5	1013.2	1078.9	713.8	535	643.7	1041	746.2	420.6	388.8	544.7	665.9	453.1	474.4	284.2	304	527.6	534.8	353.6	285.4
Atg5	267.7	316.9	453.9	308.6	376.8	234.8	457.5	351.5	205.4	404.2	204.2	314.9	229	482	247.6	202.4	382.8	131	296	497.6	897.6	942	940	1182.2
Pde4dip	490.3	284.7	467.3	239.1	411.8	278.7	208.8	267.3	92.4	210.9	109.2	109.2	218.7	228.9	164.6	229.7	182.9	163	96.3	180.8	372.4	376.6	233.5	258.8
Ttc39b	436.8	627.9	725	794.4	472.6	576.6	309.7	378.9	362.5	257.2	211.6	195	368.7	137.9	104.9	198.3	98.1	154.2	93.9	132.1	34.2	32.1	5.4	19.4
Fam126b	901.9	1337	1128.1	1319.3	1071	692	771.2	1128.9	1015.6	989.3	1115.8	671	1338.4	1069.6	811.2	1043.3	1070.9	787.2	862	883.7	163.1	162.9	450.9	438.7
Mylip	549.1	1135	953.7	577	841.5	1204.1	710.2	713.8	533	571.5	268.5	212.9	954.5	1194.3	945.2	360.3	1537.4	1024.4	796.6	943.9	304	332	129.5	213.5
Slc43a2	474.5	443.5	286.6	234.7	424.7	192.2	270.7	283	229	144.2	177.2	468.8	983.2	543.6	450	613.2	934	1241.2	867.9	629.7	1003.4	1086.8	493.8	621.2
Slamf7	0	0	0	0	41.5	0	31	33.3	102.7	5.4	0	27.7	0	78.5	0	0	23	48	29.7	130.8	239.5	204.4	0	0
Chpf2	444.1	412	330.4	423.8	255.2	146.9	598.4	287.9	294.7	123.8	142.1	105.6	453.3	204.7	166	271.2	329.5	181.9	273.5	314.2	364.4	399.3	509.3	617.3
Btbd10	380.1	202.7	518.2	562.9	404	351.5	625.3	655	534	632.8	339.5	391.9	557	234	588.4	699.3	393.7	435.1	537.4	428.4	471.1	468.2	252.3	262.1
Scarf1	1826.8	1045	1118.9	1079.1	940.2	984.4	748.2	757.9	327.6	145.6	214.6	311.4	511.6	299.3	202.4	194.3	206	197.9	23.8	101.3	15.1	9.4	162.4	166.9
Prkab2	460.9	539.3	382.6	565.1	153	562.9	490.5	473.9	218.7	391.9	387.4	447.4	455.7	495.9	335	296.5	347.7	245.9	316.3	371.9	131.3	108.1	77.2	27.2
Fbxo8	127	360.8	386.9	420.6	179.5	188.1	73.9	254.6	246.5	212.3	157.8	160.2	245	269.2	186.4	178.1	88.4	224.1	248.5	150.1	280.1	293.6	151.6	159.2
Pgap3	18.9	7.3	39.5	16.3	25	6.9	2	24.5	39	38.1	33.7	8.9	2.4	118.8	4.4	24.3	73.9	74.2	117.7	75.7	315.1	227.1	132.2	181.2
Hiatl1	998.4	736.2	658.6	805.3	947.3	943.2	1017.9	862.6	729.1	994.8	867.5	401.7	700.7	810.6	1047.2	799.4	895.3	1159.8	821.6	700.3	1353.5	1367.9	3812.5	4369.7
Tapbpl	2084	1228.7	866.2	895.5	416.8	495.6	424.6	483.7	556.6	299.4	279.7	282.7	838.8	824.5	420.9	474.6	619.1	758.1	494.6	374.5	998.6	967	621.3	740.2
Bend3	77.7	90	64.9	43.5	95.8	85.1	114.9	86.2	106.8	91.2	0	51.9	63	173.9	80.1	35.4	32.7	59.7	11.9	34.6	198.1	202.8	106.7	147.5
Cep44	729.7	675.4	422.1	432.5	469.7	823.8	699.3	424.9	414.9	528	529.5	172.7	521.9	480.5	597.1	270.2	305.3	363.8	284.2	143.6	284.9	318.7	239.5	169.5
Tlcd2	417.9	303	190.6	381.4	212.3	325.4	286.7	237	113	197.3	182.5	127.9	257	229.6	351	175.1	249.6	539.9	252.1	233.4	185.4	162.9	257.7	212.2
Primpol	374.8	183.7	218.1	453.2	232.4	255.4	178.8	201.7	241.3	313	353	212.9	319.2	371.2	235.9	279.3	347.7	187.7	241.4	187.2	159.9	179.3	106	103.5
Hoxa9	3972.8	3694.8	4165.7	4855.4	2235.7	2822.8	3563.2	2883.6	1697.4	1865.7	1634	1467.3	2476.4	1848.6	2459.9	3052.1	4829	4778.7	6175.4	3570.6	346.9	346.9	252.3	220
F11r	2331.8	1751.9	1663.9	1739.8	1031	1097	1085.8	894.9	402.5	280.3	344.8	652.2	584.2	259.7	407.8	578.8	356.2	324.5	349.5	297.5	15.1	7.8	0	11.6
Hoxa7	1361.7	1064	886.7	1078	896.6	841.6	829.1	807.8	474.4	636.9	450.9	863.4	631.3	678.6	1016.6	565.7	928	1210.7	1152.1	896.5	346.1	386	198.6	129.4
Pdss2	206.8	172	199.1	235.8	162.3	310.3	293.7	141	129.4	68	230.3	290.8	254.6	206.9	116.5	99.2	193.8	211	162.9	210.3	125.7	130.8	119.4	234.9
Cep250	659.3	608.8	350.8	408.6	453.3	243	526.4	693.2	766.1	540.2	608	663.9	640.8	523	651	538.4	839.6	372.5	627.8	681	815.6	927.9	150.3	194.1
Usp38	652	993.8	897.2	757.4	782.2	840.2	884.1	972.3	581.2	978.4	936.3	909.9	738.2	548	984.5	777.2	854.1	1097.2	813.2	1123.5	841.9	875.4	1016.5	1089
Ncapd2	788.5	729.6	1157	1181.3	2584.6	2044.3	1751.1	2265.7	2889.7	3362.6	4953	5175.9	1993.6	3465.4	2528.3	4000.3	3046.9	3410.9	4370.6	3594.9	5067	5709.6	2843.6	3131.8
Hoxa5	1380.6	1257.9	1452.1	2264.7	667.1	571.1	704.3	913.5	244.4	381	371.7	486.7	521.9	663.9	301.5	718.5	845.6	1279.1	1122.4	513	35.8	42.3	5.4	44
Bcl9	1069.8	903.8	808.3	732.4	336.8	778.5	424.6	580.6	414.9	436.8	408.3	466.1	763.7	326.4	553.4	625.4	671.2	630.1	797.8	736.2	211.7	231.8	66.4	118.4
Sema7a	312.9	223.2	280.3	392.3	201.6	321.3	154.8	131.2	0	32.7	19.4	46.5	34.3	0	61.2	9.1	23	55.3	9.5	52.6	68.4	50.1	0	0
Ovca2	219.4	144.9	149	205.4	112.3	115.3	94.9	147.8	165.3	99.3	132.4	158.4	146.8	191.5	87.4	171	167.2	120.8	151	202.6	73.2	73.6	112.7	108.7
Iffo1	127	168.3	225.9	136.9	175.9	68.6	330.6	174.3	51.3	172.8	151.8	177.2	134.1	261.2	126.7	188.2	310.1	103.3	164.1	212.9	358.9	432.2	264.4	210.3
Fau	7732.4	6861.2	6734.6	5706.3	4769.6	5186.9	5537.1	5083.7	6423.2	5565.7	5603.6	8165.9	5345.4	5227.5	5109.1	5368.4	5524.3	6789.7	5959	11143.9	11.9	11.7	20.1	16.8
Nop2	185.8	302.2	363.6	271.7	521.2	115.3	169.8	305.5	487.8	378.3	450.2	497.5	214.7	405.7	508.3	363.3	244.7	275	323.4	416.8	1614.5	1808.7	3008	2408.4
Ostm1	292.9	353.5	343.8	125	175.9	370.7	268.7	351.5	269	528	375.4	181.6	197.1	402	215.6	454.4	265.3	411.8	230.7	286	904.7	966.2	1262.8	1620.9
Bphl	160.6	260.5	307.8	243.4	199.5	146.9	252.7	198.8	216.7	84.4	96.5	238.9	249.8	137.9	390.3	319.8	425.2	299.8	321	246.2	421.7	409.5	992.4	871.6
Smg6	1507.6	1568.2	980.5	656.4	1226.2	1282.3	574.4	858.7	1241.5	811	1010.3	1246.3	1044.7	1331.5	986	837.9	1388.4	1185.9	1155.7	416.8	1026.5	1024.2	351.6	341
Snx25	133.3	74.6	83.3	61.9	28.6	45.3	104.9	137.1	85.2	138.8	68.8	96.6	63.8	124	224.3	89.1	116.3	136.8	67.8	79.5	296	307.7	189.2	205.8
Atg9b	30.4	2.2	1.4	3.3	52.9	0	23	43.1	3.1	20.4	23.9	0	2.4	63.1	13.1	21.3	26.7	32	16.6	33.3	23.1	22.7	61.1	80.2
Wdr36	515.5	583.2	534.4	355.4	690	981.6	625.3	617.8	872.9	552.5	908.6	782	535.5	618.4	731.1	566.7	322.3	889.1	602.8	808	1255.6	1356.9	2351.1	2119.2
Snx10	1677.7	1626	1438	1877.8	1404.2	2016.8	1928	1766.4	2123.6	1510.5	1204	1787.6	1748.6	2481.7	1942.9	1621.2	2478.7	2347.2	1921.3	1401.8	744.8	682	1739.8	1767.8
Lace1	28.3	34.4	34.6	15.2	4.3	4.1	142.8	71.5	25.7	0	18.7	55.5	11.2	32.3	43.7	15.2	14.5	0	34.5	64.1	75.6	37.6	59	111.9
Edem2	408.4	354.9	443.3	471.6	605.6	440.7	343.6	438.7	201.3	328	152.6	156.6	647.2	757.8	394.7	379.5	551.2	440.9	327	539.9	2073.6	2025.6	4577.4	4686.1
1700066M21Rik	103.9	89.3	115.1	40.2	28.6	155.1	190.8	128.3	104.7	198.7	169.8	57.3	131.7	216.4	161.7	75.9	141.7	298.3	142.7	88.5	109	95.5	208.7	207.1
Trpc4ap	1214.7	1389.7	1829.8	1723.5	994.5	1430.6	1374.5	1438.4	1237.4	1175.7	1646.7	1852.9	1255.4	1060	1331.2	1287.2	1453.8	1264.5	1615.8	1970	4101.8	4389.5	5921.4	5673.5
Sesn1	1523.4	1347.2	1695.7	1108.4	1186.1	1569.3	1547.4	1012.4	949.9	639.6	509.3	130.6	1106.9	1375.5	1246.7	582.9	2403.6	1989.2	1935.6	1023.5	1273.1	1275.5	1007.1	946
Tsr1	1572.7	1508.2	1361.7	916.1	1193.3	1312.5	1201.7	1418.8	1435.6	1389.4	1643.8	1614	1221	1434.2	1138.9	1000.8	997	1007	1057	942.7	557.8	573.2	773	801.1
Mlxip	639.4	532.7	581	584.7	440.4	270.5	442.5	497.4	549.4	612.4	452.4	449.1	544.3	690.3	533	563.7	611.8	937.1	831.1	473.3	1078.2	1035.1	511.3	682
Txlng	573.2	725.2	506.9	529.2	567	632.9	448.5	435.7	580.2	352.5	447.2	191.5	439.7	443.1	434	390.6	415.5	621.3	382.8	492.5	122.5	133.1	157	113.2
Zfp384	420	289.1	291.6	184.7	196.6	111.2	163.8	149.8	226.9	224.5	67.3	166.4	100.6	207.6	284	109.3	119.9	125.1	140.3	151.3	654.9	642.8	609.9	537.1
Plcl1	521.8	486.6	266.1	440.1	148	93.4	108.9	131.2	11.3	96.6	35.1	26.8	79	107.1	59.7	64.8	18.2	1.5	13.1	14.1	30.2	28.2	0	0
Sgsm2	383.2	344.7	252	490.1	328.9	157.9	169.8	421	344	425.9	585.6	528.8	302.5	316.9	368.5	621.3	226.5	272.1	302	450.2	107.4	75.2	72.5	77
Arl5c	2.1	83.4	14.1	54.3	82.2	1.4	84.9	157.6	32.9	132	44.1	22.4	30.3	8.1	96.1	23.3	55.7	1.5	89.2	277	1091.7	1058.6	300.6	206.4
Camp	14.7	19.8	37.4	51.1	12.2	0	787.2	344.7	0	83	24.7	85.9	0	0	78.6	130.5	0	43.7	42.8	954.2	384.3	373.5	85.2	66
Fbxo25	165.9	211.5	183.5	123.9	187.3	251.2	115.9	102.8	29.8	112.9	137.6	125.3	106.1	149.7	58.3	127.5	118.7	163	172.4	83.4	97.9	100.2	51	144.9
Lasp1	4507.2	3404.3	3632.7	3204.7	3384	3582	3600.2	3503.3	2831.1	3208.8	3627.8	4855.5	4181.1	2787.6	3276.9	4071.1	3829.5	4372.7	4290.9	4728.7	2391.1	2440.6	2433	2559.8
Focad	674	203.4	723.6	427.1	378.2	163.4	488.5	442.6	358.4	420.5	534	620.9	202.7	338.9	353.9	390.6	365.9	350.7	512.4	300.1	384.3	393.8	511.3	375.9
Ncoa6	1136	1277	1483.9	1231.2	980.9	745.5	1333.6	1303.2	859.5	1081.8	1240.7	830.3	778.9	826	1156.4	1100	930.4	1046.3	1450.5	777.2	380.3	362.5	201.3	304.1
Pcp4l1	289.8	382	278.1	170.6	216.6	234.8	220.8	182.1	99.6	46.3	89.7	46.5	370.3	252.4	394.7	408.8	420.4	449.6	291.3	191.1	58.1	56.4	142.2	192.8
Sbf2	153.3	132.5	67.1	186.9	26.5	1.4	108.9	79.3	50.3	47.6	32.9	22.4	11.2	0	0	10.1	14.5	145.5	51.1	23.1	35	57.2	16.1	12.9
Gmds	261.4	292	441.2	252.1	306	310.3	301.7	358.4	420	543	197.4	412.5	269.7	272.2	214.1	404.8	356.2	312.9	267.5	295	440	494.9	371.7	338.4
Rbm8a	2132.3	1978.7	2182	2065.8	2252.2	2605.8	2007.9	2138.4	3032.4	2416.8	2911.3	3109.1	2403.8	2677.6	2155.5	3449.8	2095.9	1818.9	2853.5	2430.4	1745	1689.7	1457.4	1446.2
Trp53inp2	70.3	11.7	0	1.1	15	0	1	3.9	5.1	21.8	43.4	0.9	0	0.7	59.7	14.2	48.5	0	38	96.2	222	184.8	9.4	31.1
Ttk	68.2	94.4	84	113	466.2	394	328.7	460.2	1102.9	749.8	970	621.8	711.1	471	485	720.5	667.5	419.1	632.5	402.7	669.2	646.8	617.3	512.5
Pigu	206.8	208.6	170.8	139.1	266	175.7	169.8	126.3	478.5	99.3	124.9	100.2	462.1	248.7	195.2	210.5	255.6	355.1	292.5	202.6	689.9	820.6	1053.4	1216.5
Setd1b	1954.9	1751.9	1820.6	2188.6	1079.6	1611.8	1538.4	1949.5	1248.7	1950	1361.1	1981.8	917.8	1182.5	1570	1902.5	1270.8	1872.8	1469.5	1608.3	157.5	187.1	82.5	78.9
Rras	48.3	120	204.7	214.1	96.5	148.3	159.8	101.8	62.6	138.8	47.9	123.5	156.4	93.2	64.1	89.1	43.6	104.8	41.6	110.3	73.2	64.2	22.8	27.2
Mpp6	2084	1699.2	1618	2415.8	1684.5	2108.8	1533.4	1590.1	1765.2	1405.7	1261.6	1318.8	1831.6	2483.9	1354.5	1448.1	2012.3	1561.4	2119.9	1705.8	1495.1	1396.9	2663.1	2863.9
Txnip	20346.9	22619.5	18851.3	15292.2	10377.9	10714.4	9968.4	6754.1	5436.3	4636.3	4898.4	2985.6	7853.8	4174.8	3945.4	4882.7	5260.2	5708.6	5031.6	3083.2	2467.5	2462.5	1177.6	1312.9
Upf3a	249.9	294.2	293.7	164.1	315.3	553.3	308.7	373.1	755.8	283	364.9	472.4	399	589.8	233	301.6	556.1	454	349.5	334.7	548.2	541.8	400.6	620.5
Pmepa1	120.7	132.5	48.7	95.6	65.1	26.1	57.9	66.6	3.1	15	0.7	13.4	0.8	11	46.6	13.2	15.7	8.7	39.2	88.5	164.7	165.2	13.4	7.8
Scaf1	22	46.1	56.5	46.7	52.9	57.7	29	47	18.5	72.1	151.8	152.1	83.8	22	65.5	120.4	86	23.3	98.7	53.9	1032	1250.5	489.1	480.1
Higd1a	552.2	622.7	610.6	731.4	890.9	834.7	828.1	827.4	1575.2	907.7	844.3	1241	825.2	1255.9	914.6	1156.7	914.7	484.6	1018.9	1242.8	153.6	162.9	228.8	170.2
Cdc16	454.6	368.1	550.6	542.3	384.7	486	484.5	447.5	443.6	525.3	627.4	628.1	344	552.4	569.5	433.1	411.9	276.5	505.3	745.1	1353.5	1352.2	1937.1	2109.4
Fig4	108.1	64.4	126.4	72.8	226.6	166.1	70.9	120.4	105.8	168.7	104.7	63.5	189.9	122.5	93.2	186.2	145.4	109.1	260.4	309.1	853.8	859.7	1399	1623.5
Egr1	1407.9	7943.5	1084.3	928.1	487.6	1043.4	550.4	767.6	156.1	292.6	276.7	344.5	804.5	142.3	215.6	127.5	107.8	116.4	99.9	265.5	2983.1	2699.8	2	5.8
Fcrla	0	0	20.5	0	67.2	0	15	157.6	0	106.1	30.7	48.3	0	1.5	104.9	0	0	126.6	21.4	427.1	824.3	947.4	8.1	0
Poli	989	529.8	725.7	539	278.8	488.8	596.4	390.7	439.5	416.4	529.5	374.9	573	239.1	387.4	391.6	540.3	433.6	664.6	555.3	236.3	263.9	255	240.7
Usp5	842	886.9	965	777	807.9	1020.1	1379.5	1083.9	858.5	1261.5	1242.9	1481.6	1086.2	988.9	1141.8	1508.8	866.2	1538.1	1055.8	1235.1	3862.3	3960.4	4349.9	4428.6
Mllt6	507.1	824.7	618.4	370.6	503.3	204.6	328.7	505.2	421	318.4	240.8	367.7	423.8	411.5	419.4	241.9	397.4	554.4	476.8	465.6	83.5	104.1	24.8	7.8
Cdc40	626.8	944.7	722.2	945.4	1048.2	825.1	759.2	733.4	1222	619.2	803.9	798.1	1111.7	1121.6	917.5	1409.7	702.7	884.7	872.7	1088.9	945.3	932.6	1459.4	1414.5
Spsb2	65.1	68.1	56.5	121.7	58.6	109.8	47	26.4	4.1	64	48.6	42.1	8	5.9	62.6	104.2	7.3	32	48.7	33.3	117.8	116.7	146.9	133.3
Abhd17c	316	429.6	529.5	378.2	436.9	348.7	343.6	527.8	245.4	430	412.8	338.2	273.7	308.8	403.4	311.7	210.8	424.9	406.6	386	1162.5	1068.8	1824.4	1913.4
Uqcrfs1	2387.4	2065.1	2233.6	1730	2362.3	3426.8	3001.8	2769	2603.2	3603.4	2820.1	3141.3	3371	2411.3	3233.3	2724.2	2878.5	2923.4	2734.6	2752.3	1899.3	1767.2	3082.5	2891.8
Chmp4b	2342.3	2237.1	2144.6	2100.6	2262.9	2159.6	2121.8	2053.2	2718.2	2039.9	2304.1	2810.3	2940.1	2563.9	1695.3	2028	2459.3	2146.3	1710.9	1625	120.9	115.1	100	75.7
Nos1ap	334.9	332.2	345.9	390.1	310.3	174.4	309.7	318.2	174.6	164.7	184.7	272	133.3	259	104.9	267.2	397.4	165.9	532.6	241.1	302.4	279.5	72.5	40.8
Cdk19	1417.4	1179.6	1353.3	1433.4	1189.7	1080.5	1163.8	1260.1	945.8	1042.4	1560.7	1718.7	1391	1339.5	1475.4	2307.3	2493.2	2409.7	3537.1	2354.7	2119.7	1983.3	768.3	715
Tfdp1	0	57.8	4.9	0	18.6	5.5	0	17.6	191	29.9	106.9	166.4	20	67.5	88.8	30.4	49.7	21.8	48.7	57.7	2725.3	2674	4347.3	4565.7
Socs7	1267.2	1369.2	1504.3	1593.1	1186.1	1090.1	1422.5	1488.3	1040.2	1107.7	1400.7	1645.4	885.9	802.5	1115.6	841.9	1322.9	1123.4	1235.3	708	77.2	70.5	57	62.1
Sv2a	36.7	15.4	25.4	32.6	127.3	72.8	193.8	89.1	0	92.5	91.2	60.8	65.4	58.7	135.4	142.7	373.1	221.2	248.5	241.1	113	82.2	28.2	16.8
Polr2l	769.6	743.5	794.2	818.3	877.3	766.1	695.3	758.8	913.9	929.4	1899.5	1744.7	1213.1	952.2	942.3	1220.4	741.4	554.4	862	1035	90.7	101.8	114.7	101.6
Otud7b	876.7	943.3	563.3	721.6	546.2	815.5	545.4	634.5	505.2	628.7	997.6	799.9	421.4	564.1	515.6	777.2	554.9	390	657.5	387.3	439.2	443.2	69.8	71.8
Tmco3	194.2	187.3	93.2	140.2	49.3	75.5	138.9	150.8	139.7	53.1	84.5	2.7	65.4	102	186.4	169	54.5	299.8	47.6	130.8	199.7	263.9	399.9	405.1
Prr3	598.4	276.6	264.7	342.3	160.9	178.5	141.8	174.3	255.7	156.5	106.2	221.9	211.5	430.6	284	274.2	330.7	253.2	280.6	286	199.7	248.2	306	307.4
Ptov1	1616.8	1103.5	1190.9	1176.9	953.1	797.7	640.3	975.2	575.1	939	1177.1	1282.1	704.7	856.1	1069	872.3	965.5	876	856	955.5	1600.2	1696.8	1973.3	1830.6
Mesdc2	1447.8	1421.9	1351.2	1409.5	1777.4	1495.1	1930	1651.8	1890.5	1947.3	2230.1	1839.5	1202.7	1211.1	1724.4	1528.1	1135.2	1431.9	1802.4	1276.1	1187.2	1234.8	1903.6	1908.2
Dcun1d2	259.3	285.4	294.4	374.9	386.8	293.8	313.7	263.4	240.3	368.8	317.1	229.9	154.8	253.1	158.7	259.1	294.4	430.7	239	352.7	316.7	324.2	549.5	553.2
Parp12	569	430.3	658.6	780.3	519.8	752.4	471.5	553.2	513.4	287.1	323.1	882.2	243.4	187.8	327.7	390.6	449.5	528.2	209.3	266.8	128.9	135.5	135.5	144.9
Rpf2	432.6	496.9	458.9	460.8	465.4	413.3	740.2	659	1062.8	970.3	709.7	561	743	816.5	1232.1	808.6	586.4	902.2	890.5	1100.4	596.8	570.8	923.9	1076.7
Tbkbp1	511.3	619.8	295.1	494.5	314.6	174.4	98.9	181.1	91.4	12.2	74.8	59.1	143.7	81.4	52.4	167	86	88.8	200.9	64.1	29.4	15.7	116.1	117.1
Jarid2	1193.7	1614.3	1419.6	1512.7	1106.1	1544.6	1272.7	1520.6	1402.7	1287.3	1410.4	1284.8	1225	1453.2	1085	1056.5	1148.5	1005.5	1111.7	1362	1030.4	1104.8	786.4	1011.4
Tbc1d17	467.2	330.8	288.7	179.3	167.3	376.2	82.9	200.7	145.8	197.3	243.8	351.6	232.2	286.8	203.9	193.3	342.8	295.4	290.1	400.1	1042.4	984.2	717.9	618.6
Fchsd1	200.5	172.7	197	180.4	171.6	108.5	180.8	208.6	56.5	58.5	94.2	82.3	57.5	82.2	101.9	126.5	63	5.8	128.4	119.3	114.6	115.9	16.1	44
Armc10	1588.5	871.6	1266.4	790	1141.8	1212.3	980	1122.1	1117.3	689.9	603.5	637	918.6	1102.6	741.3	936.1	1207.8	1139.4	900	1138.9	533.9	519.9	460.3	436.8
C1rl	767.5	754.5	398.9	515.1	405.4	273.2	211.8	314.3	168.4	107.5	219.9	68.9	376.7	195.9	154.4	175.1	82.4	27.6	114.1	170.6	30.2	36	257	275.7
Cbfa2t2	466.2	247.3	615.6	479.2	437.6	396.8	588.4	354.4	393.3	442.3	402.3	517.1	504.4	327.9	402	549.5	524.6	481.7	563.6	493.8	536.3	578.6	325.4	376.6
Osbpl7	583.7	390	442.6	263	361.1	243	251.7	379.9	278.3	445	542.2	569.9	471.7	352.1	321.9	467.5	312.6	177.5	399.5	370.7	303.2	386.8	287.8	326.1
Zfp280d	1032	1000.4	751.1	918.3	1449.3	1305.7	838.1	1121.1	1385.3	953.9	688.8	525.2	1414.2	936.8	1111.2	870.3	1310.8	1335.8	1158	650.2	436.8	469	310.7	218.1
Ubn2	1726	1549.9	1398.5	1976.7	1746.7	1901.5	1414.5	1746.8	1002.2	1200.2	1524.9	1078.1	1977.6	1491.4	1603.5	1584.7	1658.5	1628.3	1424.4	1113.2	362.8	431.4	359	375.9
Pcid2	139.6	243.7	286.6	192.3	350.3	208.7	289.7	273.2	283.4	223.2	246.8	136	247.4	251.6	361.2	309.7	339.2	516.6	176	233.4	839.5	759.5	1356	1153.7
BC028528	429.4	212.2	237.2	136.9	113	269.1	209.8	268.3	278.3	189.2	57.6	57.3	277.7	438.7	278.2	323.8	519.7	493.3	273.5	186	105.8	119.8	172.4	166.9
Inip	552.2	529.1	585.2	656.4	907.3	777.1	814.1	761.8	1357.5	1028.8	797.2	733.7	1166.8	988.9	836	653.7	884.4	752.3	779.9	923.4	1363	1301.3	1591.6	1699.2
Cul7	542.8	403.2	310.6	332.5	353.9	267.7	270.7	163.5	406.6	235.4	306.6	468.8	395.8	369.7	190.8	330.9	313.8	149.9	235.4	151.3	623	551.2	271.7	350.1
Ranbp9	740.2	545.2	602.2	637.9	718.6	866.3	551.4	497.4	852.3	730.8	508.5	519.8	850.7	465.1	1176.8	664.9	1079.4	701.4	636.1	488.6	986.7	1027.3	1125.9	1073.5
Reep2	21	77.6	52.2	59.8	136.6	71.4	96.9	198.8	165.3	111.6	119.7	233.5	0	0	20.4	0	0	0	15.5	24.4	43	35.2	0	1.9
Eftud1	205.8	305.9	304.3	308.6	418.3	262.2	298.7	255.6	243.4	183.7	221.4	167.3	339.2	188.5	250.5	312.7	244.7	132.4	242.5	256.5	440	418.1	540.1	448.4
Ift172	164.8	177.8	108	165.2	88.7	111.2	10	203.7	106.8	59.9	87.5	38.5	17.6	60.9	80.1	107.3	76.3	211	104.6	94.9	408.2	313.2	299.3	280.8
Rad9b	195.3	158.1	234.4	220.6	196.6	284.2	118.9	143	175.6	88.5	154.8	119.9	46.3	180.5	101.9	112.3	98.1	202.3	115.3	48.7	39	53.2	29.5	22.6
Susd1	201.6	279.5	120.7	202.1	261.7	332.2	165.8	162.5	220.8	293.9	267.7	476	237.8	323.5	246.1	391.6	219.3	213.9	243.7	100	1289.8	1119.7	975.6	894.9
Pptc7	1459.3	1028.9	1097.7	1206.3	835.1	873.2	812.1	954.7	1059.7	755.3	719.4	612	664.8	882.5	790.8	913.8	879.5	822.2	701.5	824.7	710.6	617	669.6	748.7
Akap12	0	0	36	0	96.5	0	22	84.2	17.5	130.6	44.1	1.8	23.1	5.9	30.6	1	25.4	4.4	0	310.4	2154	2064.8	0	25.2
Tctn1	87.1	103.9	206.8	79.3	12.9	9.6	18	70.5	151	64	221.4	74.3	91.8	102	52.4	86	118.7	113.5	152.2	156.5	90.7	83	59.7	62.8
Cep85l	128.1	319.8	71.3	73.9	125.8	179.9	91.9	172.3	98.6	103.4	71	91.3	256.2	89.5	85.9	127.5	225.3	94.6	173.6	177	146.4	136.2	126.1	139.8
Fam65a	969	791.1	1051.8	1095.4	784.3	1171.1	1204.7	889.1	1998.3	2184.1	2168	1965.7	1592.9	1508.2	1765.2	1558.4	1141.2	942.9	965.4	850.3	2632.2	2796.1	878.3	848.3
Samd10	267.7	169.8	299.3	322.8	336	196.3	140.9	288.8	64.7	115.7	285.7	192.4	299.3	271.4	270.9	533.3	173.2	231.4	467.3	368.1	140	142.5	200	223.9
Dock10	471.4	464.7	578.9	853.1	806.5	1077.8	793.2	813.7	1747.8	1016.5	1179.3	1059.3	1369.5	2197.8	1743.3	1874.1	2803.4	1797.1	2303	2177.7	3447.8	3489.1	1647.2	1400.9
Phrf1	479.8	785.2	358.6	469.5	656.3	416	496.5	572.8	823.6	310.3	688	499.2	484.4	733.6	381.6	468.5	749.9	580.6	545.7	772.1	2040.2	1979.4	1187.6	1152.4
Mcl1	3461.5	3442.3	2892.9	2824.4	3219.5	3133	2864	3242.9	2310.5	3282.3	2241.3	2535.6	3103.7	2227.2	2812.3	2458	3075.9	2988.9	2735.8	2717.7	4431.3	4199.2	2928.1	3236.6
Nfe2l1	1021.5	1165	619.8	523.8	402.5	352.8	331.6	467	764	500.8	550.4	569	553.1	691	423.8	660.8	461.6	587.9	599.2	710.5	1550.8	1611.4	987	867.7
Rassf7	33.6	45.4	38.1	68.5	2.9	52.2	74.9	102.8	103.7	64	65.8	73.4	85.4	50.6	85.9	87	61.8	56.8	90.4	202.6	218.8	249	160.4	135.2
Ensa	1405.8	847.4	1035.6	878.1	1216.2	925.4	1540.4	1011.4	937.5	1026.1	456.2	297	1117.3	754.1	473.3	505	713.6	746.5	750.2	486.1	1547.6	1596.5	907.8	894.9
Med30	437.8	268.6	368.5	251	370.4	455.8	718.2	362.3	687	521.2	65.8	148.5	253	336	653.9	61.7	301.7	551.5	146.2	448.9	735.2	737.6	494.5	436.8
Tm6sf1	21	128.8	59.3	48.9	69.4	164.8	246.7	195.8	292.7	314.3	372.4	217.4	1104.5	750.5	1003.5	775.2	945	883.3	932.1	765.7	660.4	595.9	1647.2	1589.2
Polr3k	389.5	439.1	414.4	426	394	580.8	882.1	493.5	877	817.8	440.5	619.1	1004.8	935.3	1121.4	497.9	455.5	877.5	775.2	709.2	1036	990.5	1489.6	1371.1
Degs1	532.3	476.4	648.8	715.1	909.4	540.9	1022.9	819.5	738.3	722.6	453.9	824.9	434.9	437.2	337.9	525.2	524.6	762.5	275.8	604.1	778.2	783.8	1816.3	1423.6
Lrrc56	97.6	79	88.2	85.9	31.5	39.8	135.9	44.1	5.1	39.5	81.5	23.3	88.6	0	8.7	18.2	73.9	119.3	76.1	25.7	69.2	57.9	25.5	31.7
Ctss	281.4	328.6	495.6	559.7	169.4	114	754.2	529.7	103.7	438.2	357.5	639.7	138.9	17.6	518.5	269.2	1186	1897.5	1198.5	1669.9	3454.1	3468.7	821.9	786.8
Pold1	429.4	324.2	427.8	347.7	832.9	646.7	945	634.5	1051.5	1185.3	1266.1	1526.4	1256.2	1140.7	1003.5	1037.3	646.9	1111.7	1071.2	1318.4	5674.9	6010.3	4371.4	4499.7
Fam103a1	1258.8	794	1247.4	754.2	1192.6	1362	1347.6	1124	1530.1	1330.9	579.6	694.3	1411.8	1321.9	1555.5	717.5	982.5	1571.6	802.5	892.6	194.9	240.4	234.8	251.1
Creb3l2	644.6	671	890.2	628.1	298.1	394	930	598.3	368.7	681.8	270	369.5	319.2	308.1	633.5	266.1	393.7	484.6	248.5	400.1	344.5	343.7	382.5	284.7
Rnh1	1163.3	1142.3	953.7	1062.8	1200.4	1113.4	1113.8	988.9	1254.9	1036.9	1319.9	1518.3	1080.6	1009.4	1080.7	1245.7	1329	798.9	1175.9	1236.4	1971	1899.6	3736.7	3379.6
Ric1	279.3	279.5	487.8	511.8	332.5	208.7	221.8	366.2	214.6	166	145.1	32.2	285.7	316.9	240.3	273.2	193.8	90.2	110.6	171.9	133.7	106.5	147.6	47.9
Herc1	1544.4	2278	1535.4	2134.3	1688.1	1657.1	1398.5	1742.9	1983.9	1525.5	2359.4	1951.3	1980	1762.1	1392.3	1983.4	2516.2	1708.3	1823.8	1573.7	805.3	721.9	391.9	390.2
Arfrp1	851.5	684.2	909.9	883.5	613.4	476.4	972	767.6	431.3	1069.6	846.6	1108.5	806.8	803.3	725.3	1097	994.6	887.6	926.2	827.2	549.8	601.3	414.7	430.9
Trps1	327.6	304.4	317.7	211.9	175.9	260.9	278.7	272.2	140.7	279	77.8	282.7	789.3	461.4	514.1	390.6	1085.5	599.5	495.8	387.3	226	223.9	302.6	248.5
Pak1ip1	1170.6	1623.1	2093.8	2506	1152.5	1422.4	1899	2029.7	1120.3	1830.3	2449.9	2951.6	1894.6	1031.4	1769.6	1984.4	1189.7	2192.9	1982	1630.1	1004.2	1048.4	920.6	941.5
Rtel1	183.7	196.1	233	108.7	250.2	100.2	238.7	243.8	251.6	138.8	198.9	255.9	360.7	234.7	272.4	373.4	259.3	138.2	263.9	191.1	583.2	541.8	525.4	451
Atp5j2	1548.6	1383.8	1264.3	1175.8	2095.6	1869.9	1880	1394.3	1701.6	1933.7	2178.5	3386.4	2330.4	1924.2	1757.9	1749.7	2012.3	1469.7	1783.4	2690.7	1093.3	1136.9	1134	1052.8
Hoxb4	691.9	543	499.1	418.4	154.4	184	213.8	213.5	57.5	227.3	278.2	256.8	190.7	20.5	196.6	229.7	245.9	240.1	335.3	164.2	7.2	11.7	10.1	3.9
Josd2	214.2	282.5	209.7	191.3	67.2	381.7	269.7	348.6	281.4	153.8	381.4	302.4	218.7	274.4	383	226.7	252	343.4	230.7	487.4	416.2	426.7	662.9	521.5
Mapkap1	644.6	805.7	974.2	990	849.4	847.1	1438.5	933.1	848.2	966.2	898.9	987.8	810	817.2	972.9	1005.9	806.8	1069.5	950	887.5	1408.4	1252	1024.6	1259.2
Taf5l	1015.2	972.5	1104.1	1293.2	950.9	1242.5	1114.8	1249.4	1653.3	1046.5	893.7	787.3	767.7	579.5	1038.4	856.1	829.9	747.9	807.3	883.7	1570.7	1732	1186.3	1312.3
Hoxb5	633.1	388.6	477.9	397.7	191.6	227.9	56.9	114.6	0	43.5	28.4	16.1	12.8	0.7	7.3	9.1	21.8	10.2	3.6	15.4	0	0	0	0
Dsel	315	215.9	197.7	239.1	143	225.2	373.6	154.7	121.2	118.4	121.9	99.3	149.2	184.9	155.8	192.3	118.7	99	59.4	135.9	31	17.2	29.5	76.4
Gmeb2	494.5	461.8	273.2	423.8	419.7	376.2	161.8	316.3	425.1	382.4	424.8	502.8	368.7	297.8	380.1	392.6	391.3	305.6	423.3	436.1	404.2	338.3	218.1	206.4
Golga4	2291.9	2452.9	1438	1749.6	1767.4	1823.3	671.3	1602.8	1459.2	1341.8	1219.7	2006.8	1712.6	2293.2	1430.2	1161.7	2271.5	1660.3	1351.8	1386.4	721.7	738.4	373.7	449.1
Fam63a	889.3	934.5	987.6	985.7	717.1	726.3	910	594.3	611	359.3	658.8	926	612.9	471	420.9	635.5	393.7	554.4	504.1	400.1	355.7	339	574.4	438.7
Atp5l	720.2	798.4	899.4	781.3	1113.2	594.5	879.1	715.7	1106	1095.5	1184.6	1490.6	764.5	993.3	1254	1241.7	737.8	833.8	860.8	1105.5	6.4	11	5.4	8.4
Pbx3	348.6	488.8	578.9	330.4	627.7	420.1	335.6	518.9	387.1	322.5	339.5	427.7	248.2	178.3	291.3	246.9	169.6	88.8	142.7	165.4	46.2	31.3	14.1	31.7
Bud31	645.7	581.8	540	517.3	538.4	477.8	555.4	558.1	710.6	562	721.7	943	631.3	614	735.5	688.1	616.6	413.3	588.5	693.8	687.5	649.1	797.8	845.7
Mboat1	93.4	144.9	190.6	151.1	182.3	112.6	396.6	263.4	122.2	147	106.9	46.5	237.8	237.7	284	238.8	333.2	484.6	172.4	283.4	146.4	184	678.4	572
Wdr26	4122.9	3527.9	3310.8	3139.5	3369.7	3929.3	2594.3	2977.6	3749.2	3418.4	3250.1	2728.8	4028.6	3918.8	3671.6	3698.7	4454.6	4429.5	4302.8	3587.2	853.8	827.6	840.1	1036.6
Nudcd1	305.5	374.7	243.5	331.4	261.7	343.2	342.6	351.5	579.2	498.1	516	459	582.6	262.6	645.2	507	437.3	401.6	376.9	418.1	522.8	588.8	899.1	851.5
Mvb12b	582.7	267.1	619.1	565.1	501.9	586.2	514.5	522.9	735.3	722.6	955.7	1524.6	313.6	479	540.3	816.6	285.9	813.4	952.3	705.4	187.8	170.7	155	150.1
Nup205	323.4	620.6	381.9	501	492.6	617.8	641.3	843	592.5	813.8	711.9	442	557	630.9	621.9	568.7	699	515.1	513.6	724.6	2601.9	2570.6	2047.2	2169.6
Abcf1	2365.4	2486.6	1648.4	2101.7	2335.8	1698.3	1518.4	2211.9	2956.4	2631.8	4069.8	4057.5	2955.2	2955.6	2535.6	2973.1	2304.2	1874.2	2308.9	1959.7	2566.1	2584.7	1675.4	1743.9
Ptpn3	128.1	101	162.4	102.2	80.1	52.2	188.8	138.1	137.6	81.6	122.6	76.9	131.7	135	51	123.5	75.1	254.7	220	80.8	14.3	12.5	8.1	7.8
Gabpb2	1091.9	1412.3	1428.1	1797.4	1574.4	1514.3	1729.2	1798.7	1778.6	1842.5	1666.2	1335.8	1323.2	1695.3	1156.4	2116	1600.4	1864	1662.1	1376.2	428.9	447.1	271.1	183.1
Kdm3b	560.6	718.6	252	357.5	515.5	472.3	178.8	342.7	770.2	340.2	421	189.7	418.2	641.9	353.9	486.7	920.7	793.1	457.7	238.6	1004.2	974.1	642.1	698.8
Ascc3	395.8	734.7	401	618.3	689.2	845.7	400.6	624.7	363.5	583.8	536.2	356.1	1031.1	1049	640.8	360.3	906.2	587.9	381.7	464.3	563.4	458.1	518.7	514.4
Vill	364.3	156.6	415.1	235.8	160.9	357	180.8	241.8	46.2	215	207.2	140.5	142.9	63.8	90.3	99.2	41.2	269.2	78.5	234.7	120.9	133.1	750.2	739.6
Ephx1	138.6	129.5	107.3	131.5	0	0	5	40.1	12.3	0	10.5	0	0	58.7	43.7	20.2	61.8	40.7	19	21.8	139.2	104.9	34.2	16.8
Smurf1	383.2	476.4	379.8	540.1	132.3	259.5	738.2	333.9	259.8	347	233.3	190.6	185.2	211.3	132.5	343.1	271.4	307	154.6	383.5	393.1	375.1	165.1	121.6
Cnot4	862	766.2	513.9	923.7	812.2	735.9	528.4	674.6	546.3	876.4	544.4	582.5	695.1	491.5	754.4	559.6	920.7	541.3	627.8	805.4	536.3	533.2	527.4	595.3
Lefty1	55.6	111.2	124.2	189.1	27.2	35.7	54.9	114.6	140.7	64	76.3	344.5	29.5	18.3	52.4	25.3	0	116.4	57.1	44.9	184.6	217.7	2	9.7
Ost4	869.3	581	627.6	397.7	788.6	746.9	882.1	471	604.8	922.6	276	76	738.2	777.6	753	458.4	678.4	896.4	187.9	497.6	202.1	192.6	306.6	273.7
Sde2	1226.3	1044.3	740.5	807.4	1367.7	532.7	776.2	946.8	763	1170.3	810.7	580.7	818.8	871.5	732.6	832.8	896.5	781.4	810.9	699	985.1	1057.8	1032.6	1144.7
Rap1gap2	144.9	86.4	205.4	51.1	52.9	0	72.9	45	114	24.5	35.9	142.3	52.7	61.6	129.6	50.6	42.4	34.9	55.9	56.4	101.1	139.4	0	8.4
Gngt2	28.3	87.1	11.3	71.7	0	0	0	44.1	50.3	17.7	0.7	0.9	0	30.1	39.3	81	54.5	58.2	95.1	53.9	204.5	228.6	21.5	25.2
Trmt112	3680.9	3546.2	3335.5	3749.2	2676.2	3470.8	3034.8	2894.3	3914.5	3508.2	3745.9	3672.8	2837.9	3766.9	2978.4	3390	3241.9	3880.9	3437.2	3324.3	49.3	36	20.8	25.9
Ctnnal1	692.9	781.5	451.1	641.2	457.6	376.2	269.7	426.9	115	261.3	336.5	151.2	0	137.2	247.6	118.4	6.1	100.4	45.2	89.8	147.2	139.4	22.8	69.9
Hace1	118.6	177.1	138.4	40.2	170.9	131.8	64.9	97.9	281.4	130.6	79.3	109.2	130.1	174.6	187.9	97.1	113.9	103.3	126	132.1	300.8	291.3	265.7	234.2
Fam206a	201.6	212.2	115.1	194.5	195.9	299.3	74.9	214.4	201.3	121.1	233.3	119	307.3	209.1	294.2	279.3	107.8	157.2	243.7	151.3	498.1	458.1	944.7	922.1
Tmem214	175.3	280.3	207.5	110.8	123.7	92	5	67.6	207.4	132	201.2	0.9	68.6	198.8	176.2	130.5	129.6	61.1	77.3	175.7	1200.7	1043	2114.9	2157.3
Ralgps1	73.5	65.9	122.8	175	40	53.5	39	97.9	50.3	175.5	205.7	38.5	138.1	205.4	190.8	234.8	215.6	291	290.1	271.9	331.8	386.8	20.8	53.7
Agbl3	134.4	123.7	89.7	110.8	19.3	87.9	124.9	79.3	21.6	70.8	50.9	54.6	58.3	83.6	88.8	159.9	12.1	88.8	91.5	28.2	54.1	57.9	39.6	23.9
Vars2	221.5	283.9	170.8	195.6	286.7	233.4	158.8	161.6	115	133.4	205.7	161	296.9	250.9	196.6	200.4	99.3	88.8	124.8	194.9	573.7	554.4	606.6	465.9
Gcnt1	1276.7	1494.3	1311.6	1467.1	1189	1204.1	880.1	937	1245.6	801.5	789.7	1286.6	688.7	818.7	795.2	872.3	862.6	285.2	495.8	573.3	381.1	308.5	728.7	866.4
Kif16b	249.9	456.6	372.7	353.2	387.5	200.4	229.8	329	453.9	310.3	424.8	366.8	323.2	404.2	436.9	476.6	410.7	519.5	332.9	404	520.4	520.7	220.8	179.9
Phb	475.6	415.7	588	696.6	428.3	166.1	559.4	630.6	525.8	480.4	603.5	823.1	358.3	264.8	479.2	628.4	472.5	368.2	388.8	833.6	601.6	595.9	809.9	729.9
Ythdf1	1092.9	1168.7	1139.4	1427.9	938	737.3	1371.5	1297.4	1281.6	1299.6	1361.1	1875.3	982.4	830.4	1299.1	1232.6	1092.8	934.2	1498.1	1563.4	1784.8	1837.7	2282.7	2257.6
Itpkb	410.5	417.8	518.2	468.4	393.2	514.9	219.8	304.5	428.2	375.6	290.2	147.6	455.7	456.3	368.5	256	817.7	286.7	549.3	442.5	275.3	284.2	94.6	49.8
Pi4kb	36.7	13.9	55.8	25	44.3	72.8	38	53.9	85.2	92.5	32.9	120.8	34.3	1.5	20.4	82	4.8	40.7	34.5	52.6	363.6	331.2	276.4	294.4
Zcchc2	1424.7	1266.7	2278	2778.7	1216.9	1559.7	2270.6	2436.1	980.7	1748.6	2348.2	1785.8	1041.5	1115.8	1961.8	1674.8	809.3	1821.8	2415.9	1146.6	398.6	393.8	251.6	188.9
Bpgm	472.5	409.8	362.9	442.3	326	387.2	518.5	446.5	447.7	272.2	255	259.5	249	453.4	345.2	206.4	305.3	244.5	208.1	211.6	483.8	449.4	385.8	354.6
Zfhx3	815.8	1129.1	726.4	913.9	913	1065.4	627.3	475.9	561.7	612.4	456.2	399.9	425.4	333.8	530.1	367.3	974	980.8	560	787.5	134.5	163.6	22.8	22
Rnf146	1268.3	1003.3	1075.8	1033.5	983.8	692	754.2	935.1	673.6	879.1	711.9	861.6	942.5	862.7	892.8	1197.1	1154.5	1116.1	1154.5	818.3	487.8	458.1	475.1	513.1
Mrps34	290.8	297.8	447.6	611.8	386.1	255.4	518.5	499.4	422.1	396	635.7	712.2	205.9	345.5	700.5	761	318.6	537	631.3	733.6	129.7	111.2	253	204.5
A230050P20Rik	568	301.5	470.2	334.7	435.4	407.8	298.7	190.9	182.8	149.7	182.5	289	271.3	281	138.4	212.5	310.1	168.8	259.2	305.2	197.3	180.1	102.7	188.9
Man2a2	1471.9	1320.1	1115.4	935.7	915.9	554.7	763.2	814.6	971.4	699.5	1019.3	565.5	1105.3	1127.5	594.2	1040.3	1215.1	1264.5	1184.2	1310.7	2225.6	2059.3	999.1	883.3
Ctu1	312.9	496.9	265.4	249.9	227.4	333.6	419.6	291.8	256.7	231.3	242.3	359.7	526.7	272.2	383	172	413.1	369.6	290.1	242.4	199.7	238.8	448.2	430.9
Fam117a	1196.9	1211.1	1348.3	965	1194.7	1032.4	1505.4	1558.8	2831.1	3349	2491.1	3545.7	5109.2	4295.1	4455.2	4564.9	2688.3	2619.3	3788	2512.5	876.1	943.5	761.6	753.8
Irs2	223.6	395.2	216.7	205.4	168.7	205.9	175.8	254.6	103.7	197.3	231.8	147.6	137.3	256	160.2	158.9	224.1	208.1	275.8	312.9	989.9	882.4	169.8	208.4
Zfp653	44.1	24.9	79.8	71.7	57.2	93.4	74.9	51.9	55.5	62.6	77	38.5	67.8	59.4	51	119.4	6.1	34.9	53.5	87.2	152	144.9	59	66
Rpl12	15884.8	15101.1	14770.3	16100.8	13367.9	16018	14233.9	10900.7	16813.2	14008.2	13336.3	18566	15007.6	14115.6	11721.3	13256.6	15377.3	13908.3	14496.8	14656.7	101.8	94	39.6	25.9
Pogz	912.4	823.3	1106.2	1004.1	672.1	679.6	1126.8	818.6	687	813.8	910.1	1025.3	672.8	694.7	914.6	759	775.3	678.1	933.3	419.4	287.2	260.7	135.5	218.7
Kat7	818.9	896.4	898.7	700.9	1204	1261.7	1079.9	1011.4	1014.6	1034.2	1506.2	1544.3	1134.8	1487.7	1251.1	1154.6	941.3	1260.2	1156.8	1333.8	2990.2	2964.4	2522.2	2648.5
Plcl2	535.4	349.1	439.1	395.6	775.7	438	470.5	371.1	282.4	621.9	405.3	628.1	309.6	482	404.9	407.8	390.1	456.9	385.2	473.3	823.6	823.7	875.6	832.1
Dido1	1897.1	2151.5	1560.1	1686.6	1717.4	2064.9	1200.7	1607.7	2294.1	1473.8	1586.9	1363.5	2590.5	1658.6	1725.9	1875.2	2247.3	1389.7	1882.1	1626.2	911.1	967	469	547.4
Rccd1	102.9	35.9	85.4	61.9	59.3	68.6	42	83.2	117.1	92.5	118.2	92.2	126.1	152.6	109.2	109.3	84.8	266.3	41.6	80.8	157.5	173.8	131.5	102.2
Sccpdh	173.2	185.9	197.7	297.8	15.7	92	310.7	202.7	43.1	107.5	186.2	305.1	324	124.7	241.8	295.5	226.5	165.9	212.8	186	185.4	197.3	645.5	511.2
Prc1	224.7	391.5	352.3	464	1736	906.1	822.1	966.4	2714.1	1552.7	2832.1	2559.7	881.1	2406.9	684.5	1457.2	1948.1	1651.6	1917.8	1523.6	1927.2	1901.1	675	693
Cnst	110.2	22	250.6	209.7	48.6	181.2	88.9	167.4	133.5	216.4	255	267.5	93.4	122.5	305.8	181.1	203.5	183.3	292.5	193.7	426.5	411.9	273.1	458.1
Supt3	380.1	247.3	275.3	328.2	218.1	193.6	209.8	259.5	61.6	258.6	326.8	485.8	279.3	215.7	158.7	210.5	478.5	285.2	404.2	491.2	416.2	423.6	428.1	326.8
Edc3	570.1	693.7	696.8	778.1	350.3	600	579.4	677.6	537.1	532.1	697.7	541.3	308.9	344.1	608.8	719.5	1000.7	931.3	871.5	566.9	1211.9	1218.4	1384.2	1311.6
Slco4a1	257.2	172	413.7	394.5	286.7	255.4	195.8	194.8	352.2	230	277.4	182.5	229	297.1	192.2	136.6	207.2	164.4	248.5	279.6	701	725.1	680.4	718.9
Ube2l3	1203.2	1015.7	1424.6	1527.9	1410.6	1861.7	1476.4	1703.7	2258.1	1887.4	2416.3	3642.3	1693.5	1912.5	1760.8	2025.9	1461	1947	1575.4	2397	1271.5	1302.1	1480.8	1579.5
Pdk2	124.9	43.9	93.2	135.8	38.6	185.3	3	37.2	1	36.7	57.6	38.5	95	116.6	16	45.5	24.2	20.4	90.4	42.3	378	389.2	185.2	101.6
Lmtk2	161.7	84.9	89.7	25	39.3	5.5	114.9	34.3	66.7	176.9	44.9	0	55.1	66	99	15.2	144.2	168.8	1.2	84.6	624.6	732.1	130.8	188.3
Rabggtb	1611.6	1662.6	2239.9	2026.7	1813.2	1872.7	2215.7	2330.3	2121.5	2132.4	2577.1	1771.5	2047.8	1640.3	2181.7	2521.8	1910.5	1519.2	1727.5	1660.9	148.8	140.2	134.9	231
Ppp1r9b	1215.8	1349.4	763.1	944.4	1003.8	1270	596.4	980.1	552.5	823.3	1050	874.1	1184.3	947.1	674.3	719.5	634.8	807.6	645.6	745.1	410.6	435.3	165.7	187.7
Bloc1s5	206.8	354.2	148.2	41.3	188	156.5	69.9	158.6	271.1	110.2	120.4	337.3	213.9	109.3	158.7	162.9	158.7	186.3	186.7	157.8	278.5	250.6	360.3	392.1
Cables2	637.3	419.3	345.9	332.5	155.1	448.9	488.5	375	550.4	288.5	249.8	488.5	510.8	195.1	221.4	354.2	289.5	340.5	211.6	441.2	558.6	598.2	389.8	461.4
Txndc5	327.6	250.3	247.8	169.5	393.2	193.6	168.8	242.8	327.6	273.5	118.2	133.3	137.3	200.3	180.6	138.6	180.5	282.3	122.5	291.1	3834.5	3615.9	6381.7	6587.2
Ube3c	970.1	1026.7	681.2	587.9	877.3	543.7	420.6	797	737.3	538.9	800.2	771.2	310.4	608.1	645.2	492.8	808.1	416.2	519.6	463	1113.2	1147.9	1134	1257.9
Rps21	41818.1	33762.4	40614.5	36627.7	32128.2	36739.7	35321.6	23053.8	33116.1	27439.4	31074.3	37318	35086.2	30841.3	26780.7	28139.4	33636.7	30286.1	34082.3	28922.3	461.5	438.5	702.5	623.8
Tlr4	284.5	181.5	309.9	160.8	168	67.3	170.8	121.4	48.3	50.4	12.7	76.9	97.4	99.8	120.9	92.1	184.1	212.5	120.1	119.3	112.2	132.3	438.1	319
Cpq	865.1	564.2	1197.3	1473.6	670.6	836.1	664.3	761.8	355.3	722.6	1271.3	1019.1	546.7	339.6	713.6	957.3	676	557.3	997.5	578.4	236.3	208.3	818.6	885.2
Siglecf	0	0	16.2	0	0.7	0	0	15.7	186.9	236.8	41.1	2.7	120.5	213.5	221.4	66.8	59.4	21.8	28.5	83.4	27.8	50.9	605.2	546.8
Timm8b	493.4	564.9	540.7	477.1	329.6	744.1	529.4	425.9	715.7	455.9	545.2	832.1	521.1	503.2	402	597.1	460.4	219.7	392.4	629.7	261.8	241.9	424.1	441.9
Mtg1	232	279.5	217.4	216.3	163	167.5	159.8	151.8	411.8	196	92.7	153.9	225.9	192.9	116.5	152.8	253.2	29.1	54.7	205.2	265	246.6	304.6	306.7
Arhgap18	687.7	710.6	436.3	415.1	484	454.4	707.3	445.5	567.9	333.4	383.6	357.9	675.2	652.9	452.9	846	997	651.9	979.7	731	771	743.1	344.9	410.2
Tasp1	182.7	122.9	124.2	242.3	64.3	277.3	210.8	149.8	307	119.8	193.7	15.2	196.3	91.7	241.8	142.7	193.8	158.6	156.9	189.8	263.4	267.8	451.6	401.8
Adrm1	452.5	248.8	258.4	202.1	358.2	501.1	172.8	236	294.7	502.1	365.7	320.3	188.3	484.9	314.6	281.3	356.2	248.8	199.7	487.4	390.7	398.5	399.2	427.7
Usp6nl	812.6	676.9	604.3	539	562	606.8	429.5	680.5	903.7	681.8	500.3	238	607.3	513.5	308.8	500.9	472.5	433.6	312.7	466.8	679.5	573.9	202	265.9
Pigk	132.3	330.8	435.6	274.9	239.5	315.8	239.7	281	509.3	400.1	329.8	148.5	197.1	484.9	273.8	518.1	313.8	334.7	253.2	292.4	763.1	771.3	1123.2	1161.5
Foxred1	429.4	521	397.4	542.3	542.7	422.9	736.2	681.5	502.1	805.6	485.3	731	387.1	275.1	540.3	447.3	370.7	426.4	343.6	482.2	675.6	767.3	1023.9	1118.8
Osbpl2	468.3	757.4	506.9	521.6	458.3	595.9	937	417.1	614.1	587.9	735.9	1013.7	527.5	600.8	434	479.7	382.8	601	579	532.2	813.2	812.8	1121.2	1111
Eme1	7.3	2.2	33.9	2.2	35	70	205.8	26.4	241.3	89.8	151.8	311.4	80.6	150.4	30.6	52.6	71.5	183.3	122.5	137.2	327	404.8	350.9	300.2
Fam173b	112.3	112.7	83.3	168.4	57.9	61.8	210.8	157.6	67.8	171.5	156.3	57.3	185.9	85.1	179.1	186.2	224.1	170.3	146.2	134.7	117.8	112	181.8	182.5
Psmd7	2702.4	2182.2	2165.8	2510.3	2134.2	2998.5	2248.6	2687.7	2539.5	3376.2	2832.8	3356.9	2411.8	2955.6	3528.9	2894.2	2548.9	2102.7	3098.4	3171.7	2496.1	2600.3	4083.6	4267.4
Zzz3	1362.8	1321.6	1504.3	1432.3	1229	1664	1214.7	1076.1	1304.1	1409.8	1157.7	1149.7	996.8	1566.9	1310.8	1022.1	1095.2	1072.4	1216.3	787.5	690.7	650.7	667	667.1
Mtg2	161.7	85.6	63.5	258.6	191.6	276	130.9	142	62.6	88.5	264	153.9	42.3	137.9	167.5	29.3	96.9	46.6	111.8	105.2	212.5	198.9	387.2	370.1
Ss18l1	109.2	59.3	140.5	164.1	43.6	131.8	69.9	107.7	156.1	5.4	23.2	75.2	245	217.9	119.4	74.9	166	100.4	187.9	28.2	46.2	40.7	38.9	33.6
Rreb1	763.3	744.2	705.9	856.3	521.9	755.1	436.5	798	785.6	698.1	1003.6	608.4	961.7	1070.3	758.8	814.6	1092.8	825.1	702.7	708	802.1	848.8	564.3	596
L3mbtl3	581.6	991.6	545.7	833.5	1101.1	705.7	504.5	585.5	463.1	612.4	359.7	382	1099.7	960.3	738.4	804.5	1210.3	972	1375.6	800.3	584.8	575.5	365.7	366.9
Rsad1	581.6	305.2	418.6	444.5	452.6	486	226.8	400.5	350.2	318.4	276.7	365.9	403	267.8	166	368.4	233.8	177.5	409	302.7	105.8	102.6	119.4	63.4
March6	2035.7	1565.3	2503.2	2579.9	1801	2117.1	2284.6	2074.8	1739.5	1981.3	2281.7	2906	1858.7	1192.8	1680.7	1674.8	1573.7	1466.8	1974.8	1498	345.3	329.6	494.5	511.2
Nexn	347.5	107.6	42.4	32.6	230.2	89.2	83.9	150.8	32.9	69.4	47.1	74.3	85.4	49.9	35	105.2	96.9	82.9	73.7	55.1	1.6	4.7	0	0
Atp6v1g1	1335.5	1056.7	1236.8	1068.2	1196.2	1006.4	1261.7	1024.2	944.7	1102.3	742.6	1187.3	1058.2	825.3	1284.6	860.2	1150.9	1084.1	869.1	1133.8	690.7	660.1	597.2	544.2
Lsm14b	200.5	333	712.3	486.8	505.5	308.9	398.6	518.9	291.6	587.9	287.2	843.7	286.5	424	441.3	357.2	464	614.1	536.2	477.1	171.9	108.1	20.8	31.7
F13a1	0	62.2	127.8	58.7	14.3	0	408.6	257.5	144.8	210.9	29.9	677.3	177.2	463.6	351	398.7	110.2	157.2	67.8	963.2	473.4	482.3	24577.2	26695.5
Itga9	172.2	150	38.8	115.2	121.5	81	24	50.9	6.2	53.1	164.5	46.5	226.7	47.7	93.2	41.5	144.2	97.5	97.5	60.3	79.6	66.6	0	12.9
Taf4a	603.7	604.5	800.5	644.4	484.8	788.1	1075.9	820.5	448.7	1060.1	181.7	164.6	748.6	749	780.6	269.2	803.2	1286.4	541	663.1	346.1	295.2	99.3	49.2
Prune2	99.7	100.3	173.7	218.4	95.1	1.4	243.7	55.8	24.6	24.5	27.7	0	31.1	54.3	14.6	21.3	49.7	1.5	2.4	0	1.6	0.8	0.7	11
Cdc123	351.7	398.8	372	482.5	548.4	348.7	546.4	358.4	299.9	617.8	811.4	513.6	502.8	585.4	621.9	807.5	607	538.4	719.3	428.4	1260.4	1190.2	1662.7	1754.9
Zc3hc1	474.5	351.3	578.2	541.2	414.7	457.2	215.8	452.4	321.4	379.7	456.2	543.1	209.9	265.6	313.1	604.1	341.6	433.6	449.4	597.7	837.1	836.2	979.6	751.9
Whrn	39.9	29.3	19.1	13	31.5	53.5	0	12.7	42.1	21.8	0.7	0.9	54.3	88	58.3	54.6	41.2	141.1	120.1	33.3	110.6	106.5	32.9	16.2
Camk1d	324.4	253.2	187.8	189.1	386.1	134.5	447.5	330	223.9	186.4	148.8	303.3	255.4	164.3	254.9	460.4	1338.7	1450.8	1136.6	1128.6	1544.5	1346.8	32.2	21.4
Sart1	597.4	536.4	356.5	501	745	421.5	137.9	567.9	570.9	287.1	477.9	954.6	640	654.4	578.2	671.9	748.7	502	594.5	690	2278.9	2352.9	1637.9	1789.8
Runx2	916.6	1413.1	1502.2	1576.8	1371.3	1390.8	1568.3	1737	664.4	918.5	821.1	1276.7	1794.8	1312.4	1676.3	1802.3	2808.2	3195.5	2706	2304.7	3174.9	3226.8	213.4	227.8
Stim2	484	464	398.1	484.7	414	329.5	141.8	370.1	319.4	481.7	362.7	468.8	467.7	453.4	435.5	259.1	420.4	435.1	419.7	400.1	296.8	292.8	332.8	360.4
Fam102a	321.3	272.2	312.7	399.9	37.9	170.2	443.5	308.4	113	161.9	267	153	375.1	244.3	324.8	280.3	387.7	459.8	462.5	423.2	266.6	299.1	93.3	81.5
Akna	748.6	504.2	482.2	460.8	161.6	335	605.4	469	332.7	298	394.1	525.2	989.6	729.9	808.3	1018	1434.4	1753.5	1949.9	1600.6	2788.9	2849.3	862.2	901.4
Ube2h	973.2	611	869	855.2	523.4	720.8	623.3	692.2	628.5	593.3	681.3	582.5	901	575.9	709.3	929	712.3	576.2	891.7	696.4	611.1	620.1	232.8	237.5
Cmc1	531.2	559.8	614.9	516.2	587	775.7	535.4	368.2	606.9	492.6	416.5	426.8	554.7	661.7	470.4	466.5	763.2	525.3	431.6	491.2	210.9	218.5	281.8	288.6
Naif1	88.2	150	74.8	108.7	47.9	61.8	102.9	78.3	88.3	107.5	115.9	112.7	47.9	89.5	7.3	95.1	113.9	85.9	86.8	80.8	290.4	292.1	193.9	224.5
Akap7	810.5	1236.7	1093.5	1364.9	807.9	1088.7	563.4	942.9	554.5	530.7	702.2	777.5	658.4	743.9	712.2	709.4	709.9	699.9	843	542.5	99.5	137	47.6	49.2
Adgrl4	1336.5	1683.8	1476.1	1585.5	1552.2	1648.9	2395.5	1746.8	1367.8	1517.3	1402.2	1392.2	3876.2	2155.3	2847.3	3138.1	3911.9	3307.6	3335	1567.3	954	822.2	1949.9	1661.7
Dap	691.9	654.9	972.1	957.4	1149.7	1253.5	960	866.5	1606.1	1226.1	1429.9	1344.7	1524.3	1617.6	1555.5	1764.8	958.3	1354.7	1820.3	1755.8	2294.8	2334.1	1732.5	1579.5
Polg	465.1	453	575.3	850.9	162.3	226.5	724.2	713.8	287.5	582.4	691	874.1	370.3	347	441.3	374.4	305.3	758.1	587.3	623.3	789.3	877	913.9	646.4
Tbc1d19	59.8	166.1	135.5	247.8	92.2	50.8	95.9	106.7	157.1	112.9	96.5	133.3	115.7	189.3	123.8	57.7	132.1	61.1	143.9	128.3	185.4	160.5	219.4	213.5
AW209491	206.8	218.8	360	283.6	210.2	254	470.5	330	299.9	378.3	253.5	197.7	330.4	145.2	439.8	124.5	308.9	432.2	387.6	264.2	222.8	245.9	677	605
Nubp2	81.9	129.5	218.8	97.8	63.6	103	249.7	208.6	308.1	246.3	250.5	136	183.6	325.7	311.7	251	105.4	312.9	233	310.4	1356.7	1371.8	2429.6	2339.2
Fanci	124.9	59.3	72	36.9	32.9	248.5	197.8	88.1	608.9	367.4	412.1	269.3	423	583.2	266.5	186.2	199.9	174.6	382.8	301.4	638.2	633.4	508.6	470.4
Rbpj	894.5	1353.1	1058.2	1136.7	1461.4	1456.7	1030.9	1429.5	1055.6	1201.6	1083.6	1377.8	1386.2	1396.7	1427.3	1231.5	1100	1517.7	1311.4	1439	280.1	300.7	278.5	279.5
Nlrc4	0	19.8	0.7	0	0	56.3	13	30.4	94.5	65.3	64.3	8.1	62.2	27.1	120.9	72.9	2.4	42.2	67.8	46.2	41.4	39.2	135.5	147.5
1110008P14Rik	7.3	16.1	12.7	7.6	60.8	52.2	40	41.1	0	57.2	78.5	8.9	0	16.9	80.1	73.9	20.6	0	39.2	92.3	148	173	131.5	109.4
Adk	235.2	246.6	269	319.5	234.5	241.6	499.5	251.6	329.6	634.1	408.3	529.7	56.7	454.1	659.8	452.3	197.5	451.1	180.7	318.1	1632	1616.9	1793.5	1704.4
Zdhhc1	80.8	103.9	64.2	25	2.1	57.7	77.9	62.7	39	66.7	17.9	15.2	42.3	27.9	21.8	31.4	136.9	123.7	20.2	19.2	85.1	80.6	94.6	73.8
Tbc1d25	39.9	90	93.2	211.9	86.5	64.5	182.8	121.4	55.5	181	89	313.1	72.6	223	134	89.1	116.3	132.4	109.4	105.2	285.7	271.7	287.8	302.8
Abhd2	635.2	641	705.2	920.4	442.6	981.6	944	673.6	898.5	943	726.2	436.6	1612.1	944.9	1240.9	838.9	1086.7	1242.7	1324.5	1200.4	471.1	342.2	401.2	427.7
Ciz1	625.7	618.4	636.8	624.9	669.2	554.7	988	684.4	585.3	470.8	827.1	1051.3	335.2	698.4	640.8	910.8	375.6	491.8	529.1	661.8	889.6	848.8	475.7	626.4
Daglb	242.5	227.6	259.1	163	243.1	167.5	111.9	132.2	128.4	57.2	137.6	78.7	192.3	236.9	170.4	73.9	174.5	65.5	195	80.8	165.5	131.5	1679.5	1765.2
Gpatch2	596.3	407.6	381.9	406.4	755	225.2	283.7	323.1	351.2	387.8	266.2	466.1	236.2	435	464.6	260.1	345.3	120.8	132	262.9	247.5	257.6	190.6	234.2
Il18	536.5	232.7	276.7	203.2	180.2	140	223.8	183.1	132.5	84.4	10.5	200.4	235.4	107.8	151.5	115.4	265.3	211	231.8	143.6	28.6	47	18.1	10.4
Srrm2	10246.9	12698.7	10733	12491.8	10049.7	10957.4	12134.1	11206.2	9848.9	11528.8	14585.2	13934.1	13238.3	10907.6	10259	11272.2	12237.1	13375.7	13787	10525.7	5231.7	5164.7	3427.4	3259.9
Arid4b	3968.6	4332.9	2539.2	2878.7	2661.1	2589.4	3155.7	2915.9	2467.6	2434.5	2749.1	3014.3	2603.3	2526.5	2071	2420.6	3049.3	3143.1	3066.3	2199.5	619.9	687.5	209.3	166.9
Ppp1r10	1065.6	723	763.1	671.6	778.6	593.1	961	672.7	1075.2	792	1044.7	1177.4	820.4	1351.3	796.7	1192.1	1068.5	915.3	866.7	1037.6	868.1	859.7	850.1	788.1
Rpl22l1	4726.6	4682	5358	5013	4657.4	5311.9	4922.8	4031.1	4722.7	4822.7	3149.9	4196.2	3908.1	4781.5	4372.2	3687.6	4942.8	5193.4	4204.1	4719.7	116.2	138.6	146.3	154
Tbcd	164.8	144.9	186.4	190.2	236.7	138.7	149.8	128.3	334.8	136.1	344	467.9	225.9	225.2	243.2	224.7	276.2	68.4	209.3	168	1289	1443.1	1421.8	1746.4
Suv39h1	320.2	347.6	544.3	491.2	566.3	480.5	856.1	726.5	595.6	960.7	1219	1274.1	560.2	834.8	870.9	1101	717.2	894.9	966.6	961.9	1562	1542.5	2263.2	2027.3
Stx11	46.2	34.4	117.2	60.9	14.3	81	9	59.7	393.3	255.8	416.5	362.4	80.6	55.8	144.2	96.1	42.4	0	64.2	168	62.1	70.5	417.3	388.2
Tbce	795.8	803.5	503.3	544.4	583.4	737.3	467.5	629.6	288.6	371.5	524.2	170	721.5	431.3	572.4	339	571.8	390	516	392.5	295.2	306.2	258.3	251.1
Sec24d	132.3	151.5	141.9	279.3	306	255.4	155.8	283	260.8	247.7	362.7	106.5	134.9	309.6	346.6	432.1	77.5	323	123.7	198.8	1690.1	1720.3	2318.9	2411.6
Isg20	300.3	292	234.4	318.4	129.4	98.9	283.7	160.6	125.3	291.2	180.2	155.7	200.3	46.2	99	149.8	77.5	219.7	130.8	279.6	132.9	122.1	98	67.9
B3galnt2	538.6	681.3	664.3	554.2	375.4	516.2	837.1	518.9	558.6	756.6	389.6	256.8	356.7	492.2	519.9	292.5	390.1	547.1	416.1	428.4	664.4	664.8	952.8	920.8
E130309D02Rik	211	185.9	201.2	148.9	189.5	188.1	196.8	240.9	343	144.2	367.9	455.4	159.6	330.8	297.1	482.7	335.6	202.3	359.1	200.1	1084.5	1241.8	1833.8	1763.3
Lyplal1	141.7	144.9	153.2	81.5	129.4	137.3	162.8	84.2	11.3	50.4	70.3	265.7	16	101.2	97.6	100.2	38.8	136.8	61.8	75.7	40.6	25.8	29.5	84.1
Fn3krp	101.8	275.9	405.9	258.6	74.4	137.3	314.7	171.3	353.2	268.1	142.1	195.9	292.1	231.8	246.1	382.5	10.9	260.5	134.4	274.5	18.3	14.1	17.4	6.5
Pomt1	140.7	146.4	167.3	105.4	217.4	236.1	216.8	281	310.1	104.8	293.2	92.2	229	221.5	155.8	143.7	204.7	222.6	161.7	133.4	490.2	464.3	905.1	894.9
Prrc2b	2551.2	2477.8	2551.2	1550.7	1474.3	1843.8	2301.6	2254	1764.2	2050.7	1215.2	886.6	1977.6	1375.5	1514.7	1626.2	1651.2	2195.8	1466	1170.9	957.2	938	347.6	450.4
Npepl1	679.3	583.2	924.8	1257.3	657.8	578	1109.8	880.2	708.6	1071	1122.5	1321.5	581	745.3	1096.7	1030.2	799.6	1002.6	1011.8	985	1721.9	1856.5	1788.2	1910.2
Gimap3	34.6	103.2	73.4	91.3	57.9	0	58.9	75.4	0	1.4	95.7	10.7	0	0	1.5	8.1	20.6	0	0	60.3	149.6	171.5	0	12.3
Megf9	224.7	73.9	235.8	246.7	7.1	65.9	231.8	162.5	67.8	129.3	104.7	202.2	0	87.3	97.6	111.3	226.5	136.8	82	118	192.6	194.2	357	315.1
Foxk2	520.7	342.5	315.6	247.8	388.9	409.1	386.6	354.4	366.6	530.7	277.4	161	479.6	275.8	423.8	273.2	438.6	202.3	217.6	383.5	733.6	781.4	868.9	874.8
Azi2	600.5	681.3	552.7	643.3	801.5	420.1	456.5	709.9	780.4	670.9	555.6	270.2	414.2	817.2	591.3	351.1	576.7	622.8	271.1	482.2	678.7	656.9	1056.1	981.6
Fndc3b	148	307.4	139.8	413	133.7	163.4	273.7	188	153	39.5	131.6	88.6	423	768.8	467.5	383.5	439.8	381.2	502.9	328.3	174.3	274.8	660.9	511.8
BC017643	914.5	1177.4	674.9	759.6	954.5	646.7	715.2	827.4	1357.5	801.5	721.7	1253.5	1071.8	873.7	894.2	852.1	1405.3	1463.9	1279.3	1340.2	1889	1883.1	1917	2013.7
Cdk5rap2	204.7	390	166.6	211.9	594.1	340.5	141.8	299.6	547.3	557.9	659.6	592.3	180.4	358.7	383	495.9	505.2	488.9	556.4	445	724.9	695.3	255.6	319
Tnfsf10	468.3	494.7	405.9	155.4	257.4	623.3	470.5	399.5	272.1	197.3	201.9	173.6	287.3	434.3	256.3	228.7	333.2	301.2	249.7	241.1	357.3	350.8	126.8	190.2
Hexdc	71.4	45.4	101.7	80.4	60.8	24.7	94.9	88.1	101.7	53.1	124.1	280.9	66.2	22.7	51	90.1	54.5	8.7	52.3	66.7	25.5	19.6	28.9	7.8
Ndst2	306.6	404.7	402.4	501	308.2	260.9	410.6	331.9	275.2	572.9	332	374	274.5	596.4	257.8	306.6	232.6	112	263.9	256.5	638.9	464.3	538.1	662.6
Clnk	24.1	27.1	26.8	92.4	105.8	19.2	26	55.8	141.7	35.4	53.8	212	213.9	238.4	161.7	211.5	335.6	195	192.6	171.9	190.2	165.2	6.7	7.1
Rftn1	1546.5	1729.2	2076.9	1510.5	2042	1664	2029.8	1869.2	1232.3	1884.7	2011.7	2374.5	1585	1003.5	1570	1533.1	758.4	1346	1292.4	1119.6	3054.7	3127.3	1033.3	867.1
Rab3gap2	307.6	710.6	458.2	582.5	396.8	280.1	358.6	466.1	475.4	387.8	382.1	391	361.5	345.5	467.5	417.9	587.6	424.9	387.6	305.2	774.2	818.2	1492.3	1544.6
Rnf122	304.5	360	283.1	427.1	170.9	502.5	204.8	215.4	88.3	102.1	105.4	104.7	261.8	9.5	222.8	242.9	173.2	251.7	288.9	182.1	920.6	910.6	12.7	27.8
Mettl22	102.9	92.9	161	148.9	32.9	201.8	92.9	66.6	79.1	70.8	200.4	166.4	88.6	97.6	90.3	201.4	112.7	65.5	137.9	70.5	177.4	180.9	219.4	225.8
Smarcal1	393.7	267.8	264	247.8	70.1	178.5	432.5	261.4	164.3	187.8	134.6	204	359.9	219.3	343.7	150.8	424	219.7	235.4	318.1	537.9	641.3	926.6	1043.7
Exosc2	952.2	1116	660.8	593.3	885.9	933.6	908	936.1	969.4	763.4	639.4	551.1	715.9	856.8	831.6	637.5	855.3	753.8	488.7	928.6	828.3	804.9	842.1	666.5
Fut11	35.7	144.9	60	60.9	81.5	54.9	29	60.7	184.8	141.5	146.6	81.4	73.4	98.3	151.5	93.1	55.7	234.3	134.4	138.5	397.1	410.3	1018.5	918.8
Picalm	1089.8	1590.2	1702	2020.2	1241.2	1400.4	1486.4	2101.2	1213.8	1445.2	1856.9	1724.1	1065.4	913.3	1581.7	1386.4	1262.4	1808.8	1620.5	1641.6	441.6	540.3	162.4	204.5
Sec24c	1415.3	1278.4	1522.7	1562.7	982.4	1230.1	1528.4	1451.1	1110.1	1256	1332.7	1667.7	1802.8	1009.4	1392.3	1367.2	1069.7	1191.8	1141.4	1283.8	2533.5	2399.1	2589.3	2702.8
Hlx	37.8	37.3	43.1	53.2	0	16.5	0	65.6	10.3	19.1	26.2	27.7	91.8	27.9	24.8	69.8	82.4	254.7	191.4	339.9	234.7	219.2	302.6	249.8
Wdr45	373.8	320.5	311.3	363	311	252.6	139.9	384.8	501.1	328	196.7	276.5	216.3	250.2	428.2	310.7	198.7	366.7	371	348.8	171.9	172.3	132.2	162.4
Dusp10	86.1	35.1	20.5	56.5	58.6	75.5	33	23.5	102.7	21.8	42.6	23.3	12	0	69.9	10.1	8.5	29.1	2.4	59	175.9	218.5	8.1	55
Mreg	0	0	0	0	0	0	0	0	0	0	0.7	0	0	0	0	0	0	0	0	12.8	167.1	128.4	191.2	163.7
Neil3	212.1	95.9	220.3	451	562	716.7	524.4	794.1	1205.6	1239.7	2333.3	1071	206.7	823.8	452.9	904.7	1135.2	905.1	1451.7	598.9	662.8	727.4	281.8	407.7
Prdm16	1979	2163.2	1569.3	1554	880.1	998.1	740.2	739.2	155.1	283	265.5	382	316	176.1	279.6	381.5	321	311.4	250.9	327	57.3	57.2	91.9	73.1
Heatr5b	145.9	214.4	141.2	229.3	138.7	216.9	35	225.2	220.8	174.2	219.9	159.3	261.8	268.5	158.7	192.3	173.2	221.2	222.3	223.2	352.5	444.7	309.3	333.9
Alg1	161.7	189.5	363.6	322.8	280.3	277.3	383.6	374	174.6	371.5	376.2	325.7	211.5	168.7	295.7	565.7	129.6	305.6	240.2	82.1	304.8	319.5	373.7	487.2
Tmem135	732.8	608.8	883.1	735.7	1018.1	950.1	825.1	855.8	936.5	605.6	631.2	473.3	847.5	618.4	578.2	645.6	724.5	570.4	795.4	511.7	584.8	622.5	1035.3	900.1
Prpf18	1196.9	1292.3	810.4	1031.3	1039.6	1287.8	1161.8	957.6	1498.2	1065.5	1037.3	1218.6	940.9	1073.2	1264.2	1229.5	906.2	1047.7	1417.2	851.6	1091.7	1001.5	842.1	817.9
Dcxr	126	53.4	55.1	83.7	134.4	53.5	115.9	70.5	70.9	59.9	75.5	8.1	67.8	7.3	144.2	48.6	63	59.7	103.4	75.7	156.8	163.6	212.7	218.1
Morc3	1232.6	1402.1	1158.4	766.1	1032.4	1059.9	868.1	1319.9	1169.6	1177.1	885.4	813.3	1961.6	1239.8	1101.1	1225.5	1470.7	1351.8	1093.8	1120.9	1109.2	1010.9	1711	1741.9
Mtmr12	407.4	493.2	475.8	469.5	602	444.8	418.6	509.2	313.2	616.4	344.8	204.9	129.3	459.2	419.4	398.7	447	599.5	324.6	334.7	818	720.4	349.6	342.9
Tcta	243.6	136.1	194.8	93.5	248.1	266.3	104.9	124.4	100.6	49	163.8	284.5	336	56.5	45.1	124.5	104.2	58.2	172.4	175.7	275.3	248.2	177.1	181.2
Slc9a8	384.3	810.8	453.2	584.7	441.1	549.2	346.6	490.5	437.5	446.3	554.2	340.9	265.8	305.9	432.6	401.7	405.8	510.8	514.8	323.2	737.6	599.8	497.9	427.7
Zdhhc2	186.9	218.8	179.3	114.1	338.2	210.1	165.8	342.7	294.7	133.4	178	333.7	49.5	179	219.9	280.3	58.2	285.2	123.7	137.2	77.2	49.3	28.9	39.5
Ubn1	3914	3842.6	2600.7	2660.3	3246.7	3472.1	2852	3178.3	4336.5	3842.9	4125.1	4252.5	3404.5	3804.4	3584.3	2948.8	3268.6	2961.2	3129.3	2359.9	1657.4	1694.4	1223.2	1125.3
Wfs1	89.2	15.4	76.2	95.6	93.7	0	0	31.3	0	38.1	0	0.9	88.6	28.6	13.1	24.3	123.6	155.7	92.7	73.1	261	270.9	129.5	33.6
Tnrc18	1104.5	1198.7	641.7	953	587	847.1	423.6	779.4	512.4	438.2	427	695.2	910.6	799.6	865.1	827.8	1157	928.4	1193.7	1218.4	899.9	957.6	387.2	360.4
Micu3	306.6	222.5	284.5	364	333.2	262.2	54.9	135.1	216.7	138.8	114.4	135.1	170.8	136.4	87.4	108.3	124.8	275	259.2	112.9	20.7	25.1	7.4	9.1
Nt5dc1	610	299.3	197	354.3	301.7	475	341.6	204.6	296.8	347	291.7	372.2	197.9	255.3	212.6	444.2	399.8	504.9	319.8	210.3	496.5	396.2	487.8	649.7
Asb6	195.3	137.6	111.5	122.8	298.9	151	0	92	86.3	106.1	50.1	51.9	135.7	348.5	106.3	54.6	104.2	84.4	105.8	91.1	627	560.6	694.5	492.4
Tspyl4	142.8	195.4	106.6	45.6	97.2	45.3	125.9	28.4	34.9	19.1	17.9	30.4	13.6	14.7	97.6	3	82.4	149.9	22.6	34.6	224.4	232.6	20.8	20.7
Dse	0	15.4	1.4	0	0	0	22	20.6	0	0	0	0	0	0	10.2	16.2	14.5	1.5	3.6	43.6	232.3	196.5	93.9	38.8
Znfx1	529.1	433.2	451.8	331.4	301	348.7	321.7	307.4	347.1	279	318.6	270.2	398.2	173.9	177.7	358.2	323.5	371.1	403.1	474.5	370.8	375.8	410	472.4
Nup133	372.7	195.4	511.1	368.4	260.3	654.9	778.2	585.5	630.5	612.4	762.8	569.9	225.9	436.5	779.2	605.1	576.7	462.7	715.7	543.8	1654.3	1623.2	1637.9	1626.7
Uhrf1bp1	154.3	219.5	164.5	79.3	235.9	103	244.7	126.3	269	194.6	14.2	61.7	122.9	150.4	300	121.4	98.1	125.1	133.2	83.4	106.6	140.2	234.2	124.2
Ppp2r4	958.5	1012.8	1166.9	1036.7	991.7	1081.9	1236.7	931.2	1209.7	941.7	1573.5	2039	883.5	1525.1	1087.9	1404.6	1542.2	982.2	1602.7	1710.9	4934.9	4929	5502	5479.4
Cyp7b1	126	174.9	102.4	126.1	43.6	46.7	34	83.2	12.3	27.2	53.1	5.4	39.1	21.3	23.3	52.6	23	68.4	30.9	55.1	2.4	7	0	0
Cep104	164.8	309.5	208.3	151.1	119.4	225.2	81.9	215.4	163.3	114.3	196.7	54.6	43.9	261.9	253.4	147.7	270.2	117.9	98.7	183.4	580.1	530.9	426.1	356.5
Tusc3	386.4	342.5	481.4	519.4	464.7	604.1	728.2	527.8	406.6	494	222.1	301.5	662.4	480.5	776.3	327.9	663.9	321.6	391.2	443.8	535.5	509	443.5	407.7
Zufsp	386.4	652	346.6	379.3	170.9	341.9	197.8	278.1	233.1	259.9	79.3	117.2	308.9	308.1	97.6	244.9	428.9	427.8	287.7	221.9	171.1	181.7	143.6	111.3
Stau1	528.1	525.4	647.3	564	512.6	440.7	461.5	487.6	384.1	461.3	642.4	681.8	479.6	417.4	527.2	660.8	369.5	678.1	518.4	677.2	1373.4	1284.9	1441.3	997.8
Ncam1	11.5	95.1	70.6	66.3	92.2	71.4	119.9	45	39	39.5	52.3	52.8	0.8	237.7	59.7	36.4	0	0	30.9	107.7	28.6	27.4	387.8	408.9
Ubald1	509.2	287.6	382.6	408.6	711.4	336.4	452.5	685.4	815.3	570.2	917.6	837.4	608.1	845.8	703.5	993.7	703.9	689.7	753.8	797.7	962	913	650.8	696.2
Nphp4	0	0	0	0	0	2.7	0	5.9	99.6	13.6	8.2	7.2	69.4	0	0	0	3.6	0	34.5	28.2	94.7	173	24.8	58.2
Myo9a	484	685	431.3	604.2	722.8	417.4	315.7	425.9	514.5	606.9	632.7	651.3	430.2	693.2	652.5	351.1	507.6	558.8	560	650.2	269.7	198.9	126.8	122.3
Fam149b	139.6	125.9	167.3	75	22.9	157.9	111.9	102.8	179.7	287.1	180.2	82.3	280.9	113	65.5	119.4	192.6	77.1	105.8	183.4	261	281.9	316	255.6
Tmem246	540.7	417.8	477.2	341.2	484.8	321.3	306.7	372.1	455.9	74.8	164.5	255	68.6	11	33.5	114.4	20.6	0	3.6	30.8	0.8	4.7	27.5	22
Stub1	951.2	867.9	710.2	752	823.7	763.4	442.5	778.4	942.7	1136.3	1153.2	1951.3	1080.6	856.8	1074.8	1145.5	699	1049.2	878.6	1065.8	588	636.6	674.3	630.2
Mocos	74.5	13.2	19.8	66.3	9.3	71.4	39	0	0	38.1	9	8.9	0	0	8.7	22.3	0	0	0	1.3	26.3	30.5	116.1	37.5
Prex1	1252.5	1618.7	824.5	978	1137.5	1477.3	1071.9	1085.9	1224	1079.1	657.4	538.6	1374.3	1234.6	1299.1	817.7	1622.2	1493	1594.4	1032.4	2808	2735.8	1007.8	1036.6
Ap5z1	124.9	76.8	100.9	88	77.2	94.7	47.9	78.3	14.4	284.4	186.2	96.6	215.5	97.6	136.9	217.6	77.5	66.9	180.7	210.3	366.8	344.5	435.5	388.9
Strip2	0	0	0	1.1	0	0	0	28.4	0	0	0	0	0	0	0	0	0	0	0	12.8	152	132.3	5.4	8.4
Hnrnpu	7571.8	7921.6	7142.6	6230.1	9657.9	9007.8	7657.9	9664.1	10349	9165.1	8283.1	7142.4	8402	11027.2	9430.3	8641.1	8399.2	7706.5	8886.2	10008.9	2451.6	2482.1	2486.6	2553.3
Lonrf1	674	637.4	836.5	494.5	396.1	752.4	729.2	901.8	165.3	396	373.9	239.8	444.5	330.8	671.4	621.3	625.1	570.4	563.6	474.5	44.6	68.9	225.4	274.4
Zfp189	227.8	191	162.4	125	85.8	123.6	51.9	221.3	127.3	144.2	146.6	111.8	153.2	132.8	118	51.6	52.1	151.3	146.2	75.7	71.6	73.6	117.4	236.8
Coro7	1297.7	1236	893	1344.3	1131.8	1123.1	1542.4	889.1	419	572.9	804.7	1094.2	1310.4	1100.4	1194.3	1272	1914.1	2056.1	2381.5	1500.6	5700.4	5759	3611.2	3652.7
Mrpl12	822.1	725.9	600.7	564	900.2	970.7	1089.8	656	782.5	804.2	1163.6	1905.7	799.7	1030.7	865.1	793.4	803.2	493.3	648	815.7	790.9	774.4	997.7	790.1
Ccbl1	280.3	357.1	254.1	303.2	199.5	271.8	115.9	217.4	159.2	42.2	104	127.9	148.4	320.6	205.4	184.2	81.2	65.5	135.5	156.5	66	88.5	106	139.8
Rxrb	662.5	501.3	560.5	724.8	346	448.9	438.5	396.5	618.2	525.3	563.1	824.9	944.1	687.4	741.3	790.3	1047.9	331.8	634.9	325.8	1990.8	1967.7	2179.3	2253.7
D2Wsu81e	381.1	528.3	278.8	432.5	553.4	417.4	243.7	598.3	382	587.9	756.8	664.8	573	443.1	734	598.1	540.3	404.5	665.8	768.2	630.2	688.3	1059.5	946.7
Icmt	300.3	364.4	378.4	407.5	375.4	391.3	322.7	357.4	209.5	449.1	316.3	146.7	344.8	360.2	518.5	282.3	169.6	257.6	143.9	469.4	681.9	620.9	609.2	397.9
Oxld1	137.5	109	55.1	126.1	203.1	24.7	114.9	99.9	68.8	104.8	39.6	57.3	78.2	274.4	93.2	114.4	132.1	129.5	105.8	60.3	53.3	74.4	149	82.2
Zmynd8	3981.2	3411.6	2666.3	2961.3	3351.1	2714.3	2530.3	2861	2120.5	2101.1	3034	2521.3	3505.1	3028.2	2676.9	3511.5	3073.5	2610.5	3483.6	2893.4	963.6	877.7	727.3	574
Tbc1d13	665.6	400.3	704.5	491.2	576.3	389.9	465.5	531.7	680.8	566.1	593.8	1156.8	505.2	617.7	636.5	741.8	404.6	526.8	645.6	647.7	35.8	23.5	70.5	57.6
Mrps6	380.1	542.3	458.2	579.2	700.7	444.8	419.6	237	252.6	634.1	386.6	521.6	333.6	718.2	482.1	274.2	277.4	497.7	337.7	452.7	332.6	364.1	332.1	267.2
Lap3	584.8	504.2	427.1	485.8	402.5	503.9	998.9	623.7	672.6	621.9	475.6	480.5	394.2	597.9	565.1	338	806.8	643.2	416.1	656.7	1067	1169.8	1623.8	1594.4
Gm5422	73.5	21.2	96.7	96.7	32.2	45.3	60.9	94	66.7	111.6	284.2	254.1	54.3	82.9	132.5	231.7	76.3	71.3	142.7	106.4	7.2	14.1	11.4	10.4
Zer1	751.7	660.8	578.2	584.7	631.3	527.2	411.6	478.8	581.2	415	752.3	654.9	572.2	484.2	610.2	792.4	582.7	602.4	661.1	525.8	981.9	908.3	410.6	379.2
Msantd3	331.8	343.9	322.6	343.4	529.1	258.1	117.9	360.3	392.3	161.9	281.2	121.7	295.3	556.1	552	285.4	505.2	224.1	256.8	301.4	185.4	169.1	1083.6	973.8
Ncoa7	1356.5	1425.5	1546	1498.6	1369.9	1714.8	1202.7	1132.9	1003.3	1053.3	876.5	969.9	1315.2	636.8	971.4	1504.8	1356.9	1053.5	1172.3	1356.9	186.2	214.5	167.7	220.7
Batf2	194.2	174.9	113.7	96.7	28.6	24.7	98.9	25.5	28.8	5.4	77.8	0	103.7	0.7	45.1	0	0	36.4	19	34.6	4.8	5.5	4.7	7.1
Usp53	300.3	259.1	171.5	189.1	230.2	137.3	58.9	304.5	53.4	93.9	68.8	85.9	254.6	132	294.2	234.8	436.1	197.9	209.3	329.6	98.7	98.7	55.7	41.4
Nploc4	330.7	420.8	657.2	365.1	811.5	671.4	404.6	615.9	663.4	774.3	674.6	586.9	818	644.8	667	644.6	553.6	391.4	567.1	833.6	2112.6	2121.9	2373.9	2490.6
Lmbrd2	156.4	237.1	241.4	242.3	142.3	203.2	142.8	84.2	89.3	159.2	323.8	235.3	78.2	188.5	147.1	136.6	107.8	231.4	217.6	69.3	24.7	27.4	51.7	49.8
Plekhg5	78.7	150	121.4	138	9.3	100.2	98.9	77.4	166.4	110.2	124.1	181.6	91	39.6	72.8	137.6	90.9	64	162.9	134.7	284.9	301.5	44.3	91.2
Wdr34	123.9	87.8	234.4	63	165.2	64.5	289.7	191.9	349.1	182.3	132.4	144.9	237.8	366.1	91.8	120.4	238.7	330.3	145.1	315.5	371.6	346.9	605.9	487.2
Dock3	156.4	46.8	82.6	133.7	15	0	26	85.2	0	0	3.7	0	16	35.9	13.1	20.2	1.2	0	0	5.1	2.4	6.3	0	10.4
Trp53rka	336	227.6	235.1	219.5	226.6	343.2	275.7	179.2	275.2	107.5	161.5	250.5	195.5	261.9	198.1	205.4	292	120.8	266.3	206.5	328.6	303.8	350.3	344.2
Fnbp1l	2217.4	2125.8	1935.7	2095.2	1773.9	2167.9	1600.3	1292.5	1241.5	847.8	1103.8	817.8	797.3	910.4	1015.1	1014	989.8	1239.8	907.2	583.6	48.5	45.4	30.2	30.4
Prkrip1	182.7	305.2	250.6	279.3	313.2	431.1	121.9	346.6	139.7	220.5	436	349.8	321.6	237.7	240.3	335	298	184.8	286.5	359.1	287.2	241.9	283.2	232.9
Slx4	198.4	221	128.5	230.4	234.5	101.6	95.9	264.4	167.4	236.8	204.2	178.9	85.4	344.8	94.7	251	179.3	353.6	239	188.5	277.7	309.3	168.4	157.2
Alg2	434.7	208.6	449	366.2	213.1	166.1	235.8	395.6	193.1	321.2	400.1	189.7	215.5	113.7	243.2	265.1	156.3	347.8	283	356.5	658.8	605.3	1167.5	1052.8
Bahcc1	543.8	452.2	749	740.1	527.7	733.1	660.3	1088.8	379.9	842.3	601.3	305.1	450.1	410.8	482.1	555.6	401	711.6	733.6	584.8	121.7	126.8	59.7	42.1
Htatip2	152.2	191	170.1	180.4	128	105.7	89.9	103.8	165.3	189.2	104.7	77.8	111.7	209.8	103.4	112.3	60.6	93.1	92.7	146.2	319.1	351.6	469	386.3
Orai2	311.8	335.9	206.1	200	212.3	262.2	227.8	259.5	181.8	360.6	460.7	344.5	340	467.3	294.2	352.2	221.7	96	126	186	614.3	667.1	457.6	508
Exo1	126	243	229.4	132.6	316.7	184	231.8	523.8	537.1	655.9	566.9	633.4	265.8	415.2	511.2	722.5	530.6	417.6	583.8	724.6	1009.7	925.5	1108.5	1103.3
Fbxl5	910.3	887.7	966.4	1061.7	716.4	892.4	747.2	657	732.2	657.3	473.4	606.6	913.8	453.4	803.9	548.5	547.6	883.3	598	742.6	981.1	1019.5	754.8	779.1
Alkbh4	180.6	131	44.5	38	136.6	82.4	146.8	95	266	77.6	104.7	32.2	65.4	69.7	106.3	141.7	123.6	104.8	48.7	191.1	253	263.1	529.4	427.7
Dnttip2	1004.7	878.1	653.7	446.6	863.7	1091.5	565.4	742.2	813.3	578.3	783.7	811.5	695.9	1289.6	837.4	545.4	878.3	1235.4	675.3	846.5	1312.1	1295.1	1376.2	1325.2
Thap3	566.9	638.8	523.1	808.5	387.5	470.9	306.7	206.6	474.4	266.7	457.7	352.5	195.5	427.7	233	434.1	305.3	321.6	429.2	232.1	212.5	183.2	134.9	112.6
Il22ra2	73.5	107.6	80.5	133.7	98	23.3	82.9	20.6	12.3	13.6	44.1	20.6	35.9	47.7	49.5	1	9.7	7.3	32.1	26.9	8.8	3.1	237.5	232.3
Dnajc28	289.8	285.4	120.7	314.1	140.1	159.3	258.7	233	152	191.9	210.1	110	134.9	99	115.1	160.9	118.7	280.8	258	257.8	38.2	54	61.1	57.6
Cc2d2a	556.4	519.6	717.9	562.9	432.6	398.2	476.5	345.6	331.7	137.4	238.6	254.1	243.4	330.8	145.6	113.3	80	65.5	59.4	55.1	9.5	10.2	24.2	0
Dnajc11	414.7	192.5	287.3	261.9	403.2	608.2	511.5	354.4	455.9	464	492.8	716.7	348	207.6	273.8	315.7	350.1	203.7	337.7	401.4	1447.4	1378.9	1975.4	1949.6
Ypel5	467.2	587.6	608.5	597.7	393.2	464.1	498.5	404.4	336.8	340.2	192.9	548.5	425.4	517.2	310.2	405.8	407.1	621.3	394.7	588.7	837.9	783	891.1	819.8
Polr2j	332.8	408.3	415.1	363	417.5	252.6	506.5	424.9	732.2	628.7	599.8	602.1	462.9	575.9	514.1	486.7	485.8	264.8	476.8	731	419.3	427.5	462.3	393.4
Galnt12	99.7	112.7	302.8	229.3	97.2	251.2	173.8	260.5	55.5	121.1	204.2	177.2	252.2	0	157.3	174.1	250.8	187.7	366.2	153.9	664.4	632.7	60.4	19.4
Cep131	210	120	103.1	92.4	32.9	96.1	32	134.1	184.8	157.9	231.8	51.9	196.3	199.5	138.4	86	89.6	53.8	198.6	229.6	471.1	469	324.8	458.1
Kmo	0	11.7	0	0	0	0	11	52.9	0	9.5	17.2	23.3	0	0.7	65.5	0	33.9	139.7	145.1	205.2	2800.1	2856.4	188.5	229.7
Cercam	133.3	84.2	84	55.4	119.4	108.5	216.8	114.6	196.1	70.8	212.4	250.5	47.1	62.4	222.8	253	115.1	48	234.2	164.2	374.8	352.4	507.9	546.1
Zfp597	186.9	240	173.7	192.3	410.4	190.8	64.9	211.5	69.8	212.3	198.2	190.6	260.2	74.1	182.1	225.7	380.4	397.3	98.7	73.1	50.9	50.1	81.2	69.2
Zfand1	515.5	240	414.4	231.5	449.7	433.8	203.8	233	299.9	236.8	111.4	175.4	205.9	209.1	183.5	248.9	300.4	234.3	357.9	252.7	99.5	81.4	91.9	157.2
2410089E03Rik	255.1	281	277.4	339.1	249.5	109.8	513.5	249.7	115	243.6	195.9	187	385.5	75.6	228.7	105.2	335.6	93.1	151	141.1	126.5	140.2	39.6	67.3
Ncoa5	674	551	651.6	519.4	695	604.1	430.5	554.2	746.5	602.8	699.2	459	570.6	498.8	480.6	687.1	558.5	563.1	788.3	531	1286.7	1058.6	1107.8	1103.9
Zc3h10	453.6	166.1	172.2	238	223.1	280.1	149.8	233	107.8	213.6	125.6	103.8	131.7	235.5	278.2	227.7	156.3	129.5	250.9	252.7	331.8	328.1	289.2	330
Tbc1d2	109.2	164.7	93.2	119.5	92.2	13.7	83.9	102.8	28.8	29.9	0.7	17.9	23.9	117.4	46.6	124.5	21.8	24.7	40.4	15.4	94.7	86.1	742.8	639.3
Xkr5	12.6	120.7	46.6	25	119.4	90.6	89.9	24.5	133.5	47.6	64.3	21.5	17.6	11	33.5	50.6	189	208.1	73.7	50	84.3	119	100	103.5
Trub2	473.5	337.4	350.1	457.5	439	256.7	269.7	287.9	580.2	281.7	388.9	388.3	976	468	243.2	309.7	353.8	424.9	412.6	374.5	354.1	377.4	314.7	323.5
Wdr70	389.5	349.1	230.1	267.3	326	254	190.8	291.8	300.9	239.5	227.3	459.9	388.7	214.9	166	197.3	299.2	139.7	203.3	347.6	320.7	310.9	299.9	300.9
Arhgap29	303.4	425.9	533	318.4	131.6	344.6	226.8	310.4	108.8	137.4	146.6	62.6	142.9	24.2	138.4	177.1	35.1	8.7	34.5	29.5	45.4	40.7	45.6	50.5
Zfp335	130.2	69.5	140.5	232.6	26.5	76.9	55.9	150.8	123.2	112.9	56.1	133.3	123.7	174.6	110.7	158.9	128.4	167.3	151	198.8	498.1	461.2	218.1	205.1
Nhsl1	187.9	217.3	95.3	133.7	170.2	109.8	85.9	88.1	37	36.7	17.2	119.9	47.9	0.7	136.9	58.7	76.3	85.9	27.3	55.1	21.5	12.5	4	1.9
Epg5	308.7	332.2	580.3	750.9	136.6	222.4	463.5	425.9	538.1	699.5	689.5	476	477.2	201	434	403.8	121.1	179	406.6	346.3	592.8	533.2	190.6	175.4
Zfp800	505	837.2	328.3	614	1164	573.9	496.5	616.9	736.3	540.2	542.2	712.2	926.6	848.8	1002	1077.7	1170.3	963.3	744.3	982.4	431.3	435.3	548.2	489.2
Mcph1	492.4	256.1	331.1	154.3	547	295.2	372.6	268.3	446.7	434.1	466.7	394.6	422.2	446	368.5	591	424	602.4	265.1	211.6	377.2	385.2	416.7	532.5
Rapgef1	552.2	529.1	342.4	459.7	499.1	487.4	376.6	478.8	581.2	615.1	281.2	387.4	382.3	543.6	578.2	367.3	679.6	305.6	441.1	555.3	1003.4	1028.9	262.4	254.9
Pcif1	386.4	314.7	550.6	405.3	496.9	373.4	409.6	612	615.1	462.7	614.7	620	494.8	569.3	444.2	385.6	393.7	849.8	663.4	542.5	2350.5	2323.9	1184.9	1264.4
Endov	180.6	78.3	135.5	98.9	128	87.9	220.8	86.2	55.5	36.7	136.1	56.4	195.5	84.4	119.4	133.6	100.6	96	101.1	179.6	279.3	248.2	234.8	81.5
Rere	5134	6092.1	4093.7	4675	3881.6	3343.1	3815	4061.5	2746.9	2493	3468.5	4062.8	5490.7	4083.9	3910.5	5132.6	5309.9	4477.5	5641.5	4256.7	876.9	897.3	386.5	292.5
Trim14	149.1	124.4	72	111.9	58.6	1.4	64.9	49	8.2	16.3	66.6	0	43.1	25.7	11.7	31.4	20.6	14.6	61.8	97.5	466.3	422.8	391.9	346.8
Heca	131.2	369.6	177.9	238	110.8	333.6	378.6	210.5	397.4	185.1	302.1	371.3	488.4	555.3	85.9	341	266.5	235.7	217.6	271.9	424.1	441.6	167.1	267.2
Tmem120a	43	88.5	154.6	125	112.3	230.7	46	104.8	133.5	185.1	129.4	229	220.3	128.4	158.7	188.2	178.1	80	123.7	159	204.5	220.8	347.6	286.7
Alg14	287.7	148.6	195.5	157.6	199.5	167.5	622.3	236	252.6	269.4	148.8	58.2	213.1	167.3	120.9	114.4	357.4	314.3	250.9	216.7	167.9	190.3	206.7	245.9
Fgl2	255.1	377.6	449	291.2	383.2	177.1	671.3	329	258.8	428.7	354.5	452.7	559.4	888.4	543.2	646.6	485.8	477.3	813.2	701.5	167.9	148	2832.9	2899.5
9130011E15Rik	0	37.3	7.8	36.9	13.6	0	0	34.3	10.3	36.7	104.7	98.4	46.3	35.2	8.7	82	44.8	43.7	40.4	7.7	226	193.4	136.2	249.1
Slc26a11	123.9	202	227.3	211.9	207.3	81	201.8	121.4	179.7	36.7	65.1	57.3	257.8	44	96.1	167	342.8	219.7	430.4	241.1	105.8	103.4	0	0.6
Cited2	1678.8	1283.6	2106.5	1730	1302	2640.2	1771.1	1256.2	2193.4	1807.2	792	485.8	1041.5	1550.1	1159.3	616.3	809.3	1151	552.9	747.7	871.3	947.4	3002.6	2900.2
Coq10a	86.1	65.9	39.5	58.7	31.5	185.3	82.9	120.4	19.5	44.9	3.7	34.9	29.5	22.7	43.7	48.6	42.4	48	67.8	53.9	212.5	187.9	191.9	190.2
Rhbdd2	641.5	1145.2	818.2	729.2	661.4	778.5	506.5	572.8	734.2	683.1	937.8	933.2	440.5	596.4	461.7	482.7	510	279.4	463.7	418.1	374	404.8	388.5	335.2
Urb1	389.5	284.7	405.9	557.5	313.2	262.2	307.7	518.9	411.8	484.4	436	372.2	241	188.5	426.7	409.8	244.7	628.6	261.6	488.6	449.6	571.6	506.6	607.6
Gsap	278.2	155.1	177.9	126.1	169.4	178.5	100.9	145.9	109.9	59.9	0.7	55.5	27.1	104.9	88.8	2	87.2	0	53.5	107.7	130.5	81.4	67.8	49.2
Pik3cd	5269.4	3888	4002.6	3706.8	2769.8	2010	2462.4	2860.1	1501.3	1980	2010.9	2649.2	2531.5	2344.5	2733.7	2827.4	1676.7	2277.3	2911.7	3394.9	5440.2	5470.8	2897.3	3074.9
Ptger4	668.8	510.1	609.2	741.1	453.3	389.9	432.5	475.9	181.8	404.2	388.9	440.2	597	455.6	544.7	630.4	540.3	427.8	397.1	536.1	1591.4	1541.7	261	300.9
Plcb4	438.9	532.7	432.7	558.6	481.9	446.2	321.7	539.5	469.3	394.6	415.1	424.1	575.4	185.6	269.4	369.4	317.4	280.8	371	305.2	204.5	223.9	125.5	216.8
Dag1	913.4	864.2	748.3	834.6	949.5	959.7	577.4	726.5	670.6	679	453.9	497.5	869.9	560.5	675.8	694.2	654.2	647.5	567.1	510.4	1046.3	998.3	603.2	458.1
Clstn1	479.8	631.5	911.4	825.9	559.1	392.7	458.5	596.3	261.9	332	439.7	461.7	197.9	235.5	352.5	469.5	219.3	366.7	505.3	247.5	524.4	501.9	202.6	263.4
Mettl20	564.8	369.6	413	161.9	291	330.9	610.4	322.1	388.2	254.5	90.5	153.9	361.5	355.8	256.3	176.1	328.3	181.9	99.9	127	105.8	99.4	28.2	91.2
Hip1	65.1	354.9	223.8	290.2	276.7	244.4	80.9	132.2	253.6	10.9	136.9	196.8	159.6	49.2	163.1	191.3	233.8	267.7	174.8	262.9	190.2	187.9	197.9	204.5
Rhou	26.2	0	4.9	0	0	0	0	8.8	0	0	0	0	0	0	0	5.1	0	13.1	0	46.2	7.2	9.4	181.8	210.9
Ccdc40	69.3	32.9	122.8	69.5	134.4	59	332.6	109.7	146.8	65.3	112.9	87.7	190.7	146	97.6	39.5	61.8	46.6	135.5	51.3	117.8	121.4	120.1	104.8
Zfp292	2810.6	3165	2581.6	2857	2943.6	2718.4	1730.2	3114.6	2390.6	2493	2591.3	2132.1	3077.3	1988.7	2909.9	2991.3	2730.7	3872.2	3093.6	2320.1	762.3	701.6	372.4	364.3
Rsbn1l	2598.5	2305.9	1901.8	1679	2220.7	2185.7	1584.3	1641	1646.1	1692.9	1456.8	1566.6	2421.3	1475.2	1746.2	1518.9	1800.3	1580.3	1796.5	1285.1	234.7	175.4	103.3	172.1
Tbc1d16	191.1	318.3	293	255.4	180.2	148.3	162.8	275.1	107.8	89.8	74.8	130.6	148.4	140.1	107.8	91.1	329.5	264.8	203.3	180.8	83.5	96.3	63.7	58.9
Zc3h12d	10.5	0	16.2	9.8	43.6	23.3	5	12.7	0	20.4	0	0	0	18.3	2.9	0	2.4	10.2	11.9	28.2	82.8	94	16.1	14.2
Dtx4	23.1	51.2	53.7	0	50.8	0	87.9	22.5	128.4	44.9	54.6	13.4	6.4	228.9	96.1	202.4	203.5	148.4	234.2	327	838.7	706.3	1739.8	1767.1
Ccdc32	416.8	297.1	364.3	355.4	192.3	276	167.8	229.1	211.5	299.4	353	353.4	608.9	200.3	311.7	235.8	315	269.2	246.1	391.2	385.1	422	320.1	249.8
Fam60a	196.3	485.2	286.6	242.3	312.4	355.6	301.7	315.3	601.8	310.3	338	578.9	566.6	351.4	451.5	616.3	637.2	448.2	543.3	407.8	144.8	151.1	95.3	108.7
Phtf2	495.5	698.1	513.2	671.6	483.3	609.6	307.7	496.4	473.4	307.5	439	411.6	683.9	560.5	508.3	586.9	580.3	451.1	399.5	373.2	463.9	432.2	334.1	255.6
Ankrd13c	394.8	752.3	477.9	374.9	762.9	525.8	455.5	609	625.4	745.7	499.6	176.3	315.2	438.7	454.4	387.6	560.9	251.7	487.5	441.2	570.5	554.4	558.9	666.5
Cbx4	565.9	808.6	535.8	644.4	517.6	351.5	526.4	653.1	491.9	655.9	474.1	348	696.7	728.4	499.6	484.7	540.3	634.4	596.9	582.3	1162.5	1017.1	712.6	764.2
Edrf1	265.6	261.2	403.8	557.5	353.9	177.1	432.5	276.1	412.8	292.6	316.3	331	262.6	355.1	246.1	364.3	323.5	254.7	230.7	234.7	433.7	354.7	333.5	348.8
Timeless	292.9	341	393.9	379.3	609.9	652.1	837.1	860.7	1284.6	1149.9	1002.9	816.9	1398.2	887.6	1004.9	1056.5	1147.3	1263.1	819.2	1001.7	1715.5	1870.6	1545.9	1483.1
Ifi203	6006.4	4790.3	4735.4	7027.8	4191.9	4499.1	5620	4974	2220.1	2580.1	2634.6	2981.1	4935.2	2965.9	5053.8	5071.9	7427.6	7451.8	6624.8	5444.3	544.3	599	218.1	201.9
Magi2	153.3	204.9	182.8	115.2	126.6	76.9	55.9	74.4	37	32.7	102.5	0	70.2	50.6	39.3	95.1	23	56.8	120.1	23.1	10.3	25.1	2	9.1
Ginm1	369.6	195.4	242.8	143.4	258.8	75.5	387.6	202.7	160.2	98	33.7	23.3	151.6	135	80.1	143.7	289.5	285.2	82	197.5	467.9	400.9	434.1	429
Bahd1	586.9	418.6	459.6	616.2	358.9	344.6	435.5	473.9	207.4	351.1	265.5	487.6	497.2	522.3	332.1	320.8	219.3	387.1	384	560.5	325.4	420.5	166.4	175.4
Gnaz	164.8	150.7	264	153.2	179.5	108.5	140.9	276.1	59.6	15	65.8	28.6	46.3	44	59.7	13.2	0	88.8	17.8	65.4	4.8	8.6	3.4	0
Slc7a5	256.2	330	336.7	224.9	244.5	313	418.6	426.9	555.5	328	356.7	272	231.4	352.9	450	331.9	239.9	330.3	328.1	183.4	2603.5	2744.4	2042.5	2039.6
Ptger3	163.8	122.2	206.1	98.9	364.6	333.6	146.8	135.1	228	155.1	97.2	17	191.5	102	100.5	64.8	226.5	80	73.7	69.3	151.2	160.5	167.1	102.2
Cox15	193.2	134.6	142.6	196.7	29.3	185.3	215.8	125.3	464.2	92.5	247.5	184.3	23.1	236.9	158.7	247.9	197.5	208.1	109.4	380.9	933.4	978.8	1435.2	1346.6
Lats1	358	593.5	580.3	367.3	230.9	586.2	415.6	353.5	280.3	356.5	218.4	125.3	49.5	402.7	460.2	354.2	376.8	275	185.5	366.8	261.8	263.9	175.8	146.2
Rab11fip2	577.4	862.8	533	532.5	287.4	475	429.5	631.5	205.4	498.1	322.3	257.7	778.1	327.9	384.5	446.3	608.2	579.2	570.7	506.6	91.5	57.2	40.9	40.1
Ythdf2	2072.5	2585.4	2166.5	1835.5	3058	2748.6	1973.9	2075.8	2838.3	2708	1885.3	2660.8	2373.4	2398.1	2743.9	2059.3	2516.2	2824.4	2199.5	2141.8	2072.8	2080.4	3046.9	3125.4
Elavl1	1568.5	1047.9	1518.5	1571.4	2205	1562.4	1657.2	1685.1	1818.6	2456.3	1856.9	1651.6	1701.5	1862.6	2222.5	1850.9	2242.4	1667.6	1778.7	2102.1	4605.5	4735.6	6168.3	6338.7
Ipo8	557.5	608.8	916.3	1157.4	634.2	1397.6	962	865.6	1077.2	939	1281.1	1256.2	1159.6	679.3	1235	949.2	679.6	758.1	1114	915.7	663.6	726.6	903.8	874.8
Stat2	258.3	324.9	149	452.1	166.6	19.2	344.6	288.8	174.6	157.9	139.8	165.5	134.1	326.4	224.3	221.6	268.9	243	187.9	165.4	1085.3	956.8	200	301.5
Nup43	161.7	94.4	175.8	152.1	130.1	237.5	496.5	286.9	338.9	412.3	359.7	298.8	184.4	336	426.7	276.3	442.2	403.1	184.3	324.5	296.8	280.3	556.9	465.2
Ift88	139.6	176.4	120	215.2	256.7	205.9	178.8	216.4	136.6	179.6	252	90.4	217.9	249.4	74.3	229.7	392.5	311.4	315.1	248.8	37.4	63.4	71.8	39.5
Rbms2	650.9	564.2	787.8	806.3	727.1	671.4	770.2	528.7	411.8	412.3	448.7	352.5	211.5	360.2	396.1	434.1	316.2	366.7	399.5	293.7	404.2	337.5	185.2	194.8
Orc3	488.2	522.5	411.6	388	414	185.3	195.8	446.5	712.7	296.7	633.4	59.9	228.2	358.7	463.1	363.3	424	419.1	390	501.5	1157	1105.6	2656.4	2508.7
Ndufb10	681.4	430.3	679.8	616.2	679.2	624.7	767.2	565.9	1128.5	914.5	776.3	1107.6	680.8	697.6	704.9	613.2	653	669.4	544.5	733.6	1148.2	1198.8	1464.7	1309
Baz2a	2401.1	1530.2	1188.8	1194.3	1079.6	1013.2	975	1123.1	697.3	1049.2	855.5	1014.6	1090.2	963.2	1023.9	1328.7	1301.1	1404.2	1276.9	1646.8	832.3	804.1	315.4	236.2
Plcb2	1670.4	1702.1	1461.3	1567	920.9	1182.1	1109.8	1265	617.2	802.9	982.7	921.5	828.4	945.6	908.8	1060.5	661.5	644.6	1028.4	690	590.4	610.7	872.3	837.3
Bub1b	311.8	170.5	239.3	166.3	764.3	969.3	291.7	549.3	1337	947.1	966.2	685.3	465.3	996.9	603	801.5	1014	782.9	730	761.8	3714.3	3673.1	1758	2299.7
Flywch1	521.8	722.3	600	596.6	337.5	645.3	289.7	419.1	460	156.5	327.6	245.1	594.6	124.7	158.7	257	415.5	250.3	287.7	214.2	666.8	662.4	588.4	449.1
Klhl42	142.8	119.3	164.5	105.4	100.1	295.2	89.9	109.7	95.5	110.2	63.6	52.8	2.4	139.4	128.2	34.4	156.3	88.8	70.1	47.5	647.7	609.2	322.1	258.2
Plpp6	378	496.9	408.7	405.3	392.5	300.7	288.7	161.6	340.9	310.3	270	90.4	394.2	377.1	305.8	304.6	403.4	365.2	328.1	310.4	312.7	301.5	326.8	315.8
Gramd1b	1632.6	1250.6	1052.5	840	789.3	950.1	822.1	692.2	372.8	406.9	490.6	506.4	1095.7	428.4	697.6	743.8	1354.4	1239.8	1209.2	704.1	88.3	116.7	51	50.5
Mrps35	519.7	501.3	471.6	430.3	754.3	468.2	753.2	393.6	853.3	432.7	423.3	519.8	556.3	801.8	480.6	445.3	623.9	532.6	633.7	693.8	562.6	540.3	700.5	645.8
Zmym5	853.6	1121.1	891.6	946.5	807.2	919.9	1113.8	773.5	925.2	602.8	669.3	797.2	1185.1	972.7	623.3	622.4	817.7	643.2	633.7	565.6	229.2	195.8	208	265.3
Gorab	181.6	118.5	123.5	165.2	59.3	142.8	376.6	107.7	135.5	54.4	106.2	137.8	171.6	228.9	212.6	34.4	152.6	176.1	78.5	133.4	127.3	90	143.6	139.8
Pnrc1	3745	3757.7	3622.1	3720.9	2611.1	3580.6	3258.5	2168.8	3301.4	2371.9	1282.5	763.2	3097.3	2988.6	2837.1	2129.2	4561.2	4166.1	2808.3	2027.7	2167.5	2175.2	917.9	1153.7
9430038I01Rik	449.4	467.6	445.4	331.4	293.1	561.5	288.7	365.2	366.6	292.6	228.8	500.1	652.8	399.1	403.4	319.8	394.9	372.5	426.8	366.8	165.5	187.1	236.9	232.9
Hs2st1	633.1	584	677	495.5	707.8	572.5	634.3	605.1	386.1	477.6	545.2	483.1	407	441.6	448.6	352.2	547.6	276.5	391.2	432.2	486.2	503.5	359	559.1
Thbs1	1	162.5	182.8	33.7	242.4	126.3	231.8	54.8	3.1	35.4	20.9	0	24.7	0	37.9	0	69.1	344.9	33.3	7.7	78.8	79.9	284.5	227.8
Ikzf5	1035.2	696.7	885.2	725.9	944.5	720.8	685.3	845	906.7	963.5	984.2	1105	689.5	746.1	856.4	859.1	679.6	1155.4	808.5	529.7	31	30.5	36.2	23.9
Alkbh3	266.7	286.1	205.4	445.6	360.3	111.2	90.9	238.9	181.8	272.2	398.6	415.1	278.5	538.5	167.5	322.8	104.2	464.2	317.4	292.4	327.8	360.2	316	345.5
2310057M21Rik	275.1	412	321.2	444.5	217.4	343.2	433.5	428.9	479.6	413.7	410.6	340.9	325.6	233.3	335	349.1	398.6	158.6	518.4	300.1	245.1	223.9	298.6	289.2
Ankrd6	54.6	57.8	14.8	78.2	125.8	1.4	42	35.2	0	39.5	41.9	41.2	53.5	91.7	59.7	25.3	123.6	115	218.8	203.9	74.8	47	0	0
Scamp2	603.7	996	1106.2	1119.3	1552.9	1094.2	1142.8	1078	1655.3	1068.2	1343.9	1763.5	1390.2	1481.1	1270	1048.4	1475.6	906.6	1350.6	1530.1	2386.3	2411.6	2550.4	2361.8
Ccdc114	103.9	67.3	132	59.8	67.9	0	34	34.3	87.3	27.2	83	18.8	29.5	11	52.4	73.9	63	37.8	52.3	41	16.7	14.1	20.1	44.6
Tmem194	559.6	410.5	421.4	455.3	497.6	288.3	690.3	288.8	543.2	345.6	246.8	327.5	556.3	500.3	342.3	360.3	582.7	312.9	618.3	371.9	433.7	498	371.7	491.1
2810417H13Rik	334.9	316.9	557.7	671.6	1873.2	1513	1855	2433.2	3833.4	4821.4	3863.4	5926.5	3430.1	3673.1	3756.1	3776.6	3549.6	4345.1	4018.6	4851.8	2867.7	2851.7	1812.3	1671.4
Zfp704	1480.3	1168.7	1110.4	747.7	1400.6	1650.3	1320.6	1319.9	1292.9	718.5	1028.3	924.2	1806.8	1693.1	1335.5	1272	1576.1	1311.1	1039.1	1291.5	518	545	499.9	504.7
Emp3	1981.1	2105.3	2242	2628.8	2943.6	1859	2558.3	2535	2810.6	2668.6	3752.7	4400.1	3165.9	2942.4	2644.9	3638	2565.9	2156.5	3055.6	3625.7	1900.1	1957.5	1778.1	1556.2
Ccbl2	93.4	131.7	127.1	148.9	120.1	175.7	134.9	102.8	407.7	227.3	101.7	88.6	105.3	195.1	100.5	71.8	163.5	97.5	211.6	101.3	159.9	177	652.2	613.4
Gas8	153.3	83.4	77.7	115.2	99.4	0	17	135.1	9.2	53.1	49.4	61.7	156.4	115.2	21.8	124.5	12.1	27.6	59.4	142.4	164.7	152.7	72.5	106.1
Prrc2c	9206.5	10324.8	5338.3	7417.9	7620.9	5736.1	4024.7	6878.4	6225	6123.7	7328.9	8165.1	6406.9	6917	5872.3	6622.2	6314.2	7147.7	7384.5	7937.6	1357.5	1395.3	653.5	780.4
Tm7sf3	1268.3	983.5	929.7	761.8	654.9	745.5	1240.7	1220	1279.5	1051.9	741.9	1096.9	818	976.4	1169.5	780.2	514.9	451.1	418.5	914.4	1324	1379.6	5288	5158.4
Trappc5	876.7	944.7	926.9	696.6	902.3	612.3	541.4	655	586.4	462.7	769.5	799.9	350.4	438.7	492.3	741.8	906.2	772.7	755	999.1	1260.4	1244.2	795.1	768.1
Fgfr1op2	2001.1	2209.3	1831.2	1548.6	1736.7	1622.8	2003.9	1444.2	2045.6	1654.7	968.5	954.6	2103.7	2235.2	1785.6	1343.9	1777.2	2581.4	1136.6	2073.8	2766.7	2667.7	1862	2115.9
Tbc1d10c	920.8	1328.2	979.1	1093.2	877.3	903.4	663.3	784.3	402.5	396	367.2	562.8	1225.8	875.2	648.1	1191.1	1201.8	1273.3	1086.7	1492.9	3317.3	3242.4	536.8	466.5
Lrp1	40.9	8	26.1	20.6	9.3	15.1	97.9	12.7	24.6	35.4	31.4	114.5	12.8	9.5	33.5	53.6	73.9	113.5	101.1	143.6	316.7	461.2	220.1	323.5
Asun	568	605.9	485.7	493.4	594.9	615.1	546.4	416.1	674.7	660	490.6	632.6	576.2	630.9	649.6	535.3	507.6	406	479.1	569.4	989.1	1027.3	1085.6	1018.5
Gbp7	2690.9	3233.8	2922.6	2873.3	2128.5	1857.6	1737.2	2396.9	1903.8	1573.1	867.5	675.5	1412.6	1499.4	1797.2	1192.1	1965	2318.1	1009.4	1365.9	836.3	808.8	446.2	456.8
Sema3d	1	0	0	0	0	0	0	0	0	0	0	0.9	47.1	0	2.9	0	342.8	350.7	271.1	248.8	43.8	60.3	0	0
Klhdc4	321.3	194.7	165.9	364	231.7	229.3	52.9	189	220.8	219.1	174.2	415.1	185.2	177.5	234.5	266.1	178.1	117.9	176	282.2	764.7	718	616	740.2
Plekha1	143.8	83.4	196.2	321.7	108.7	168.9	334.6	290.8	212.6	221.8	195.2	99.3	312	56.5	209.7	147.7	398.6	420.5	405.4	262.9	569.7	603.7	486.5	631.5
Mrps28	533.3	210	462.4	195.6	351.1	609.6	721.2	387.7	402.5	820.6	84.5	14.3	624.1	408.6	937.9	231.7	328.3	516.6	35.7	386	623.8	617.8	833.4	765.5
Bach2	256.2	565.7	643.8	789	524.8	391.3	193.8	1147.5	226.9	404.2	330.5	264.8	449.3	442.4	732.6	612.2	809.3	1108.8	520.8	994	876.9	1010.1	9.4	9.1
Accs	424.2	374.7	418.6	293.4	581.3	362.5	458.5	401.4	343	121.1	261	717.6	496.4	319.8	252	417.9	560.9	327.4	379.3	245	132.9	168.3	278.5	232.9
Cdk6	4121.9	5230.1	5891.7	5845.4	11715.6	13287.3	14250.9	15819.9	30648.5	33821.6	35030.4	45667.4	30613	33705.2	33544.3	30204.8	21398.3	19015.9	21033.6	16775.5	3178.8	3230.7	4651.2	4592.3
Pacsin1	1	0	27.5	12	0	0	42	6.9	23.6	0	0	0	0	0	0	0	48.5	5.8	25	32.1	1071	1206.6	0	0
BC052040	274	92.2	45.2	154.3	172.3	141.4	78.9	190.9	168.4	269.4	203.4	401.7	191.5	148.2	128.2	210.5	261.7	64	115.3	114.1	197.3	241.2	227.5	155.9
Btnl9	3.1	2.9	41.7	0	38.6	17.8	23	101.8	211.5	364.7	553.4	459	87	352.1	161.7	314.7	119.9	49.5	78.5	168	54.1	55.6	134.9	180.5
Ddx58	1034.1	1203.8	1354.7	1592	1245.5	996.7	895.1	887.1	745.5	847.8	479.4	1045.9	1336	658	742.8	492.8	1264.8	1327.1	794.2	741.3	363.6	352.4	97.3	126.8
Suco	1635.7	2008	1425.3	1674.6	1863.2	1489.6	1703.2	1580.3	1030	1326.8	1646.7	1564.8	2184.3	1500.2	1476.8	1288.2	1840.2	1741.8	1773.9	1122.2	499.7	388.4	289.2	376.6
Rbm48	372.7	510.1	317.7	363	471.9	540.9	424.6	395.6	537.1	438.2	226.6	397.2	372.7	506.9	404.9	268.2	497.9	499.1	447	266.8	175.1	200.4	223.4	189.6
Cchcr1	1	16.8	30.4	27.2	5	225.2	150.8	77.4	186.9	58.5	171.3	135.1	150	125.4	123.8	140.7	60.6	43.7	104.6	52.6	365.2	286.6	110	61.5
Ctsg	2.1	11	235.8	0	109.4	0	430.5	416.1	517.6	495.3	186.2	591.4	1465.2	4971.5	1929.8	1940.9	460.4	115	141.5	1890.4	855.4	920	32671.9	30815.4
Zfp770	359.1	420.8	324.7	345.6	401.1	340.5	209.8	249.7	334.8	329.3	145.8	132.4	343.2	183.4	190.8	237.8	132.1	266.3	231.8	300.1	25.5	40.7	51	108.7
Slc25a24	551.2	807.2	682.6	845.5	652.8	777.1	361.6	831.3	770.2	706.3	676	591.4	967.3	541.4	696.2	485.7	468.8	605.3	514.8	246.2	318.3	270.1	437.5	517.7
Vprbp	1194.8	1189.2	1079.4	1090	1244.8	977.5	987	1523.5	1500.3	1450.6	943.8	643.3	1402.2	1184.7	999.1	807.5	925.6	958.9	794.2	1055.5	1092.5	1072.7	768.3	810.1
Cul9	549.1	594.9	474.4	585.7	486.2	470.9	673.3	491.5	281.4	334.8	467.4	409.8	420.6	322	278.2	525.2	306.5	564.6	501.7	215.5	385.9	398.5	87.9	159.2
Nsmce4a	1484.5	775.7	1024.3	1226.9	1975.5	1375.7	1123.8	1091.7	1421.2	1249.2	1513.6	1180.1	948.1	1616.1	1322.4	1335.8	1201.8	1007	1153.3	1294.1	2711	2606.6	2178.7	1958.7
Fam102b	668.8	1084.5	1114.7	972.6	794.3	773	884.1	868.5	478.5	613.7	323.1	406.2	958.5	826	736.9	767.1	1347.2	718.8	1110.5	1086.3	570.5	535.6	760.9	800.4
Arhgap9	404.2	392.2	421.4	431.4	240.9	259.5	411.6	372.1	345	315.7	228.8	335.5	944.9	488.6	364.1	396.7	696.6	544.2	686	1014.5	1689.3	1779.8	2017.6	2255.7
Ankib1	688.7	636.7	654.4	911.8	958.1	589	493.5	721.6	414.9	974.3	794.2	396.4	375.9	570	852	451.3	468.8	713	539.8	545.1	655.7	669.5	374.4	386.3
Mars	475.6	629.3	566.9	607.5	601.3	525.8	796.2	986	546.3	736.2	1067.9	1102.3	532.3	778.3	857.8	714.4	632.4	797.4	850.1	1206.9	2152.4	2226.1	3242.8	3189.4
Skiv2l	946	646.9	567.6	528.1	472.6	606.8	871.1	452.4	792.8	432.7	297.6	237.1	470.1	721.8	336.4	390.6	600.9	630.1	489.8	855.4	1807	1869	1680.1	1480.5
Ufl1	734.9	815.9	688.3	478.2	922.3	417.4	761.2	668.7	349.1	517.1	478.6	239.8	515.6	694.7	474.8	645.6	669.9	810.5	524.3	510.4	553	536.4	785	901.4
Bcor	1488.7	1127	1229	991.1	1458.6	1345.5	1357.6	1164.2	784.5	1564.9	1086.6	1487	1525.9	1200.9	1152	1298.3	1143.6	934.2	844.2	1047.8	923	913.8	562.9	524.8
Trim41	645.7	615.4	751.1	597.7	444	722.2	861.1	578.7	538.1	733.5	542.9	387.4	661.6	791.5	572.4	721.5	665.1	445.3	725.3	616.9	39.8	77.5	46.3	36.2
Lyrm5	366.4	284.7	352.3	366.2	128	259.5	193.8	199.7	97.6	175.5	154.1	131.5	236.2	319.1	120.9	152.8	262.9	235.7	170	135.9	163.1	166.8	263	284.7
Pex2	85	232	211.1	176	251	281.5	344.6	227.2	69.8	216.4	73.3	38.5	280.1	171.7	375.8	132.6	119.9	234.3	120.1	243.7	493.3	451.8	1226.5	1274.7
Aqr	1293.5	1544.1	1205.7	1054.1	1479.3	1496.5	1270.7	1067.3	1588.6	1360.8	895.2	769.4	1343.1	1147.3	1303.5	1056.5	1182.4	1149.6	847.7	1208.1	1510.2	1501	1674.8	1666.9
Ppp1ca	1764.9	1623.1	1660.4	1660.5	2435.9	2647	2688.2	2440	3502.7	3210.2	3073.6	4452.9	1881.8	2739.2	3073	2234.4	2920.9	2600.4	2570.5	3242.2	10548.6	10675.4	10734.3	10154.5
Wdr47	7.3	142	57.2	40.2	205.9	103	52.9	65.6	130.4	73.5	74.8	0	31.9	55	72.8	3	66.6	241.6	5.9	75.7	101.1	97.1	22.8	78.3
Map3k10	87.1	57.1	36	38	40.8	130.4	13	68.5	53.4	25.9	90.5	11.6	78.2	65.3	39.3	35.4	72.7	5.8	29.7	62.8	177.4	170.7	239.5	343.6
Abhd13	186.9	393.7	218.8	339.1	90.8	319.9	416.6	278.1	158.1	306.2	301.4	158.4	218.7	267.8	196.6	173	221.7	87.3	293.7	280.9	482.2	513.6	613.3	662
Havcr1	0	0	0	0	0	0	0	0	0	0	0	0	0	0	0	0	0	0	0	0	466.3	451.8	0	0
Akap9	3186.4	4285.3	2386.1	3438.4	2941.4	2691	1568.3	2903.1	2355.7	2423.6	2595	2601.8	2715	2489.8	2126.4	2187.8	2037.7	2139.1	2100.9	2524	660.4	683.6	194.6	266.6
Fbxl4	341.2	163.9	333.2	88	150.9	171.6	323.7	172.3	248.5	277.6	26.9	0	133.3	89.5	276.7	53.6	130.8	376.9	124.8	150.1	193.4	152.7	129.5	130.7
Slc25a28	406.3	294.2	337.4	483.6	373.2	384.4	540.4	351.5	451.8	506.2	249	216.5	445.3	330.8	343.7	429.1	434.9	283.8	324.6	327	255.4	245.9	220.1	215.5
Dtx3	283.5	262	322.6	511.8	283.1	269.1	293.7	357.4	204.4	406.9	211.6	208.5	321.6	190.7	233	401.7	201.1	340.5	374.5	224.4	374	368.8	202.6	214.2
Rc3h1	856.7	1012.8	1228.3	1000.9	1074.6	1129.9	1230.7	1227.8	1065.9	1149.9	1207.8	1171.2	1569.8	1203.1	1338.5	1148.6	1149.7	1658.9	1367.3	583.6	344.5	332.8	136.9	273.7
Pitpnc1	1616.8	1490.6	1585.5	1794.2	1838.2	2375.2	1299.6	2002.3	3421.6	3203.4	4009.2	2965.9	2568.2	2338.7	2701.7	3733.1	2318.8	2112.9	2201.9	1489	314.3	321	210.7	251.1
Zbtb38	1830	1896.8	1848.8	1630.1	1966.9	1747.7	1602.3	1443.2	574	1026.1	1460.5	1402	1596.9	1284.5	1006.4	1171.8	1562.8	979.3	1401.8	917	411.4	314.8	513.3	467.8
Gyltl1b	88.2	112.7	77.7	90.2	62.9	109.8	122.9	78.3	18.5	27.2	9.7	0.9	24.7	82.2	52.4	11.1	66.6	32	85.6	30.8	16.7	39.2	20.1	10.4
Ppp1r15a	110.2	821.8	260.5	139.1	160.2	78.3	162.8	67.6	165.3	110.2	123.4	15.2	194.7	114.4	110.7	85	48.5	11.6	27.3	91.1	2457.1	2495.4	98.6	156.6
Rprd1a	97.6	90.7	69.2	223.9	148	116.7	104.9	132.2	126.3	160.6	182.5	169.1	114.1	203.2	97.6	232.7	105.4	69.8	221.1	164.2	97.1	106.5	96.6	190.9
Spns2	4143.9	3335.5	4487.6	3197.1	4081.1	2758.2	3305.5	3257.6	1932.6	2816.9	3323.4	3258.5	4094.1	3049.5	3499.8	5496.9	1990.5	1999.4	2341	2064.9	393.9	415	422	383.7
Sgms1	4934.5	3427	3953.2	3479.7	2014.8	2441.1	2610.2	2582	1420.2	1662.9	1951.9	1512	1531.5	840.7	1138.9	1119.2	1493.8	1640	1337.6	763.1	421.7	438.5	177.1	281.5
Usp45	195.3	177.1	305.7	315.1	82.9	296.6	272.7	211.5	52.4	176.9	181	216.5	323.2	102	179.1	158.9	279.9	157.2	221.1	170.6	188.6	173.8	116.8	164.4
Arglu1	8535.6	9408.6	6888.5	7815.7	8891.4	7801	7601.9	7674.5	6351.3	5699.1	6728.3	5122.2	7876.1	6431.3	5779.1	5952.3	7230.1	7387.8	6754.4	5853.5	529.9	514.4	515.3	597.2
Os9	712.9	1103.5	852.1	1078	830.8	773	826.1	913.5	895.4	755.3	1448.6	1551.4	1581.8	1462	1258.3	1782.1	614.2	951.7	1383.9	1324.9	3428.7	3481.2	3878.9	3971.7
Mybbp1a	1355.4	1443.1	1121.7	972.6	929.5	1184.8	469.5	1316	1281.6	1062.8	1157.7	1773.3	1004.8	1227.3	1229.2	1376.3	1157	1367.8	972.6	2393.2	5456.1	5517	5249.7	5241.9
Gtpbp10	200.5	158.8	125.7	128.2	235.2	299.3	195.8	140	490.9	246.3	116.7	30.4	308.1	205.4	377.2	96.1	243.5	161.5	129.6	107.7	124.1	128.4	142.2	155.9
Blvrb	344.4	188.1	221.7	305.4	154.4	414.6	206.8	117.5	290.6	265.4	379.9	161.9	51.9	207.6	81.6	170	20.6	195	166.5	469.4	437.6	401.7	91.9	84.8
Rabggta	80.8	199	194.1	129.3	171.6	219.7	269.7	131.2	88.3	149.7	201.9	93.9	241.8	363.1	319	131.6	201.1	391.4	246.1	223.2	360.5	337.5	477.7	453.6
Dgkz	1593.7	1004	1314.4	1181.3	1289.1	1016	1021.9	1220	1195.3	1094.1	1523.4	1691	1349.5	1432.7	1122.9	1623.2	1348.4	913.8	1394.6	924.7	3381.7	3400.6	2054.5	2385.1
Bptf	5739.7	6763.9	5235.2	7057.1	4923.3	5541.2	4517.2	5390.1	4890	4878.5	6359.7	7014.5	6129.9	5898	5171.7	6254.9	6544.4	5944.3	7381	6463.9	590.4	646.8	137.6	173.4
Dxo	176.4	101	158.1	211.9	71.5	85.1	178.8	184.1	127.3	163.3	136.9	320.3	53.5	205.4	134	316.7	151.4	232.8	167.6	101.3	433.7	429.1	479.1	522.2
Xaf1	141.7	163.2	122.8	110.8	65.1	270.5	74.9	100.9	60.6	36.7	25.4	45.6	176.4	83.6	112.1	83	71.5	103.3	74.9	97.5	144	165.2	74.5	53.7
March9	232	202	159.5	208.6	137.3	74.1	115.9	135.1	16.4	70.8	0	0	0	40.3	59.7	53.6	84.8	115	69	10.3	7.2	7.8	0	0
Ambra1	134.4	371.7	271.1	106.5	423.3	149.6	129.9	197.8	257.7	99.3	124.9	121.7	340	242.8	177.7	201.4	290.8	275	109.4	127	812.4	714.1	531.4	491.8
Pvr	36.7	96.6	55.1	95.6	28.6	127.7	96.9	75.4	41.1	44.9	32.9	17.9	44.7	80	71.4	169	80	5.8	104.6	78.2	138.5	148.8	133.5	104.8
Manea	308.7	264.2	460.3	360.8	302.4	381.7	324.7	352.5	457	219.1	303.6	147.6	249.8	366.1	359.7	173	331.9	353.6	399.5	274.5	408.2	324.2	434.1	348.1
Tsfm	301.3	203.4	192.7	251	167.3	104.3	285.7	299.6	214.6	314.3	126.4	132.4	238.6	208.3	378.7	117.4	147.8	244.5	224.7	311.7	748.8	752.5	895.8	1091.6
Zfp609	286.6	377.6	49.4	73.9	176.6	189.5	170.8	112.6	170.5	64	80	441.1	166	186.3	83	202.4	73.9	88.8	130.8	153.9	179.8	166	78.5	60.8
Milr1	73.5	33.7	33.9	16.3	113	114	44	60.7	9.2	31.3	89.7	111.8	216.3	514.2	125.3	112.3	474.9	378.3	206.9	315.5	475.8	475.3	461	476.2
Abhd11	173.2	212.2	209.7	227.1	291	262.2	338.6	236	145.8	273.5	172.8	192.4	249.8	366.8	240.3	229.7	270.2	116.4	146.2	256.5	329.4	336.7	921.9	909.8
Adam22	773.8	542.3	787.1	566.2	690	568.4	652.3	453.3	155.1	234.1	207.9	144.9	251.4	128.4	195.2	192.3	206	454	318.6	88.5	19.9	25.1	1.3	40.8
Tex2	805.3	984.3	1383.6	729.2	1468.6	1198.6	2063.8	984	1243.6	1205.7	829.4	501.9	1233.8	1352	1329.7	830.8	1077	871.6	648	923.4	4463.9	4602.5	3410.6	3413.3
Ckap5	387.4	735.4	547.1	709.6	743.6	1267.2	681.3	886.1	1714.9	941.7	1374.5	1375.2	936.9	985.9	809.8	1063.6	1564	1153.9	1331.6	1167.1	2293.2	2381.9	918.6	1029.5
Otud6b	990	1139.4	976.3	1185.6	934.5	1013.2	916	1344.4	1374	1182.5	866	1765.2	1115.7	840.7	1302	937.1	722	935.7	963	1051.7	517.2	502.7	927.3	996.5
Wbscr27	704.5	521.8	298.6	305.4	138.7	372.1	255.7	179.2	45.2	102.1	153.3	346.2	114.9	143	109.2	216.6	258	200.8	284.2	128.3	67.6	55.6	65.1	33.6
Wdr7	35.7	137.6	110.1	86.9	118	87.9	87.9	63.6	0	102.1	107.7	215.6	56.7	139.4	39.3	189.2	100.6	88.8	93.9	97.5	340.6	393.8	318.7	440
Gstm2	42	22.7	189.9	236.9	142.3	17.8	57.9	130.2	85.2	16.3	47.9	30.4	1.6	0	20.4	8.1	0	7.3	0	9	0	0	14.1	14.9
Btaf1	390.6	669.6	326.8	472.7	461.9	308.9	256.7	368.2	475.4	458.6	339.5	612.9	432.6	618.4	259.2	439.2	415.5	245.9	299.6	492.5	583.2	536.4	709.9	605.7
Abcb1a	157.5	87.8	63.5	133.7	164.4	56.3	60.9	39.2	0	40.8	28.4	53.7	20.7	65.3	36.4	1	25.4	20.4	3.6	15.4	3.2	2.3	0	0
Ofd1	681.4	630.1	291.6	435.8	547	513.5	449.5	535.6	264.9	378.3	466.7	373.1	396.6	384.4	605.9	433.1	779	449.6	367.4	634.9	233.1	254.5	115.4	122.9
1110051M20Rik	407.4	414.2	512.5	279.3	203.8	405	550.4	330	200.2	132	247.5	499.2	204.3	181.9	195.2	202.4	299.2	496.2	323.4	316.8	216.4	224.7	208	150.1
Cd79b	208.9	72.4	171.5	168.4	163.7	381.7	207.8	154.7	232.1	161.9	65.8	127	130.9	302.2	144.2	256	119.9	221.2	191.4	584.8	4646.1	4788.8	707.9	788.1
Ranbp17	3.1	109.8	73.4	88	59.3	74.1	8	88.1	35.9	132	76.3	66.2	2.4	223	69.9	70.8	63	40.7	59.4	28.2	37.4	61.1	65.8	12.9
Pogk	782.2	1110.1	790.6	856.3	849.4	503.9	535.4	713.8	458	604.2	550.4	514.5	709.5	360.2	696.2	729.6	816.5	579.2	680.1	548.9	231.5	262.3	185.2	200.6
Mis12	236.2	570.1	261.2	374.9	531.9	770.2	458.5	599.2	707.5	453.2	499.6	626.3	828.4	492.2	544.7	233.8	407.1	592.2	443.5	422	704.2	655.4	909.2	1024.3
Apobec1	289.8	175.6	272.5	235.8	284.6	273.2	246.7	309.4	308.1	242.2	184	91.3	158	83.6	179.1	256	150.2	427.8	197.4	216.7	226	205.9	215.4	201.9
Pck2	942.8	967.4	1037.7	1081.3	991	1324.9	1146.8	1106.4	759.9	1065.5	1592.9	1454.8	1193.9	929.4	1476.8	1212.3	1330.2	1490.1	1483.8	1439	1511	1502.6	1576.1	1405.4
Dhx33	542.8	525.4	748.3	967.2	557.7	667.2	807.1	1002.6	479.6	892.7	916.1	1160.4	892.2	630.1	803.9	962.4	517.3	697	847.7	923.4	893.6	785.4	839.4	759.7
Gemin8	266.7	165.4	125.7	75	150.9	156.5	176.8	152.7	463.1	397.4	164.5	141.4	46.3	147.5	158.7	61.7	182.9	132.4	134.4	124.4	80.4	109.6	95.3	66
Ppip5k2	826.3	1027.4	1003.8	1096.5	1204	764.7	1252.7	1062.4	1166.5	1203	1287	907.2	992	1385.7	1401.1	1302.4	1247.8	861.4	994	1104.3	1046.3	1085.2	1626.4	1686.9
Fam208a	694	1203.1	823.8	1062.8	1219	1193.1	847.1	909.6	760.9	820.6	735.9	382.9	947.3	479.8	720.9	851.1	856.5	641.7	738.3	418.1	401	375.8	206	300.9
Oaz2	632	633	501.9	699.8	490.5	484.6	399.6	404.4	457	376.9	608	698.8	437.3	281.7	423.8	723.5	341.6	366.7	661.1	359.1	595.2	568.5	430.1	485.9
Dnph1	285.6	390	461	309.7	807.2	602.7	549.4	748.1	659.3	594.7	738.1	1140.7	605.7	589.8	769	347.1	173.2	515.1	423.3	514.3	516.4	516.8	764.2	748.7
Efhd2	1232.6	1049.4	1468.3	1006.3	1324.9	1460.8	1567.3	1672.4	1672.8	1725.5	1047	961.8	1677.5	1387.2	1693.8	1072.7	1404.1	1808.8	1343.5	2044.4	2738	2733.5	4643.8	3844.2
Rad54l2	1088.7	925	1088.6	1491	920.9	1118.9	1021.9	951.7	1243.6	1139	1133	1557.7	849.1	1084.2	1058.8	1130.4	897.7	780	1159.2	1113.2	175.1	214.5	76.5	69.2
Clcf1	174.3	199	221.7	302.1	130.8	145.5	190.8	155.7	75	80.3	10.5	8.9	186.7	80.7	138.4	167	163.5	250.3	399.5	280.9	121.7	119.8	2.7	40.8
Sh3bgr	0	0	0	0	0	0	0	0	0	0	17.9	0	74.2	0	0	0	0	0	0	11.5	93.1	91.6	0	0
Nup88	977.4	772	662.2	700.9	761.4	1086	713.2	824.4	1522.9	1011.1	673.8	348	731	950.7	795.2	863.2	981.3	619.9	542.2	1045.3	1736.2	1476	1968	1814.4
Phc1	511.3	679.1	636	521.6	710	913	886.1	598.3	630.5	549.8	825.6	519.8	557.8	618.4	533	450.3	461.6	427.8	526.7	501.5	362.8	349.2	59.7	69.2
Mthfd1l	512.3	761.8	689	806.3	424	569.8	1258.7	1188.7	930.4	1539.1	1808.3	1697.3	1205.9	840.7	1446.2	1522	1098.8	1103	1326.9	988.8	1379.7	1370.3	1617.7	1641.6
Hmgn1	4585.9	4200.5	3974.4	4288.2	4480.8	5075.7	4163.6	4691	5246.4	5014.6	5985	7431.4	6080.5	5126.3	5355.3	5239.9	5398.3	4426.6	5641.5	5699.6	2127.7	2118	1155.4	1008.8
Madd	2190.1	1436.5	1528.3	1755	1595.1	1058.5	1162.8	1274.8	1767.3	913.1	1610.9	1338.5	1100.5	652.9	783.6	883.4	1273.3	1044.8	1229.4	936.2	1158.5	1412.5	799.1	637.4
Tbl3	176.4	227.6	291.6	257.6	344.6	254	358.6	421	249.5	193.2	347	368.6	406.2	151.1	243.2	239.8	258	243	249.7	311.7	1580.3	1634.9	2245.1	2084.2
Col16a1	867.2	510.1	937.5	787.9	504.1	322.6	397.6	637.4	215.6	220.5	377.7	294.4	239.4	132	179.1	371.4	127.2	106.2	224.7	219.3	5.6	10.2	0	20.1
Dnajc16	414.7	409.1	431.3	279.3	366.1	308.9	342.6	493.5	132.5	285.8	352.2	437.5	225.9	120.3	336.4	465.5	431.3	286.7	248.5	297.5	150.4	175.4	182.5	181.2
Limd2	1897.1	1575.5	2275.2	2027.8	1296.3	1497.9	1648.3	1287.6	1103.9	1020.6	1083.6	1544.3	1774.9	1974.1	1508.9	2745.4	1990.5	1749.1	3136.4	2681.8	5727.5	5800.5	6689.6	6220.9
Ap1g2	322.3	245.1	235.8	235.8	175.9	281.5	230.8	284.9	240.3	289.9	403.1	361.5	399.8	266.3	409.3	456.4	533.1	506.4	378.1	616.9	950.9	992.8	1217.8	1109.7
St8sia4	1365.9	1212.6	1236.1	1267.1	656.3	933.6	1084.9	716.7	534	540.2	534.7	597.7	1932.1	1766.5	1197.2	1529.1	3439.4	3581.1	3664.3	2213.6	2633	2460.2	2380	2398
Sh3pxd2b	195.3	179.3	210.4	197.8	108	216.9	141.8	204.6	68.8	89.8	70.3	180.7	100.6	28.6	118	89.1	167.2	46.6	103.4	23.1	9.5	9.4	45	44
Camta2	520.7	401	409.4	328.2	143.7	429.7	455.5	290.8	419	202.8	559.4	714.9	165.2	220.1	233	452.3	196.3	186.3	342.4	316.8	438.4	424.4	323.4	196.7
Creg1	2915.5	2342.4	3753.5	3541.6	2267.9	2339.5	3869.9	2832.6	2666.8	3636.1	3858.1	4665	1826.8	3062.7	3604.6	3206.9	1389.6	2290.4	2110.4	2286.7	1193.6	1190.9	4403	4236.4
1110037F02Rik	1251.5	1077.9	878.2	743.3	714.3	1378.4	907	888.1	1485.9	1243.8	901.1	714.9	1162	909.6	818.5	941.1	1250.2	1174.3	841.8	868.3	1172.1	1082.1	923.3	977.7
Zfhx2	317.1	402.5	233.7	304.3	183	151	123.9	154.7	95.5	88.5	169	76	162.8	173.9	209.7	87	117.5	58.2	233	168	38.2	28.2	16.8	3.9
Scamp5	13.6	6.6	13.4	9.8	0	16.5	0	33.3	27.7	6.8	39.6	71.6	59.1	0.7	16	51.6	9.7	4.4	23.8	3.8	19.1	28.2	91.3	196.7
Rcsd1	1220	843.7	932.5	1217.1	619.9	926.7	820.1	714.8	641.8	587.9	439.7	522.5	1396.6	1024.8	1205.9	1316.6	2475	1977.6	1971.3	1523.6	5436.2	5401.1	2347.1	2070
Hnrnpul1	1342.8	1592.4	1494.5	1448.6	1648	1992.1	1438.5	1930.9	2474.8	2224.9	2286.9	2646.5	2217.8	2229.4	1848.2	2122.1	2005	2056.1	2133	2272.6	4233.1	4384.8	1999.5	2081.6
Eif4h	2021	1731.4	2184.9	1946.3	2246.5	3237.4	3075.7	2257.9	2904	2800.6	3105	2953.4	2713.4	2841.2	2786.1	2517.7	2974.2	2622.2	2801.2	2652.3	9600.9	9432.8	9276.9	9617.4
Erg	2312.9	1812.6	1506.5	1160.6	1683.8	1401.8	999.9	1167.1	867.7	807	410.6	693.4	1400.6	1175.9	892.8	674	1381.1	1023	832.3	781.1	557	609.2	82.5	133.9
Ints8	120.7	244.4	260.5	305.4	110.1	151	206.8	283	464.2	266.7	172	178	286.5	217.1	279.6	158.9	292	216.8	98.7	302.7	678.7	627.2	1200.4	1078
Rnf167	628.9	729.6	686.9	264.1	371.8	632.9	381.6	463.1	704.4	311.6	305.1	289.9	664.8	376.3	355.4	403.8	511.2	443.8	455.4	504	1618.5	1540.9	957.5	845.1
Cd53	1	21.2	93.2	22.8	190.9	22	271.7	226.2	250.6	381	176.5	140.5	1258.5	1543.5	1871.5	939.1	2924.5	2719.7	2062.8	2545.8	5316.1	5622.7	5599.3	5597.8
Siah1b	305.5	209.3	215.3	252.1	416.1	252.6	218.8	215.4	316.3	336.1	250.5	431.2	257	286.1	250.5	483.7	235	193.5	380.5	270.6	237.1	229.4	214	194.1
Lat2	112.3	88.5	58.6	84.8	215.2	148.3	205.8	273.2	480.6	529.4	614.7	813.3	1124.5	1030.7	889.9	1221.4	1239.3	1197.6	1707.3	856.7	833.1	856.6	340.9	301.5
Appl1	2199.5	2000	1785.3	2221.2	1968.3	1959.2	1579.3	2032.7	1740.6	1731	2008.7	2398.7	2590.5	2166.3	2253.1	2418.6	2304.2	2059	2857	1748.1	864.9	745.4	572.3	673
Spen	1536	1825.8	1624.4	1607.3	1622.3	2025.1	1363.6	2019	1548.5	1510.5	2187.4	2701.1	2008.7	1546.4	1191.4	2152.4	1281.7	1546.8	1758.4	1430	571.3	546.5	345.6	258.2
Snrnp25	115.5	188.1	357.2	206.5	226.6	151	336.6	132.2	467.2	295.3	195.2	310.5	172.4	294.2	361.2	261.1	373.1	299.8	407.8	359.1	481.4	496.4	515.3	371.4
Oard1	658.3	582.5	526.6	336.9	639.2	689.2	464.5	280	574	387.8	213.1	255.9	431.8	562.7	340.8	389.6	481	490.4	275.8	478.4	510	492.5	497.2	423.2
Cept1	799	720.1	1061	825.9	850.8	488.8	680.3	801.9	478.5	710.3	543.7	403.5	744.6	502.5	869.5	951.2	508.8	707.2	634.9	688.7	456.7	457.3	1579.5	1409.3
Rfwd2	726.5	777.2	702.4	800.9	1079.6	735.9	603.4	753.9	930.4	873.6	769.5	827.6	692.7	1181.8	726.8	782.2	1046.7	1130.7	552.9	917	312.7	335.9	331.5	363.7
Ttc3	5340.8	5789.9	3785.9	4808.7	4671.7	4349.5	3550.2	5066	3143.3	3154.4	4116.1	4855.5	4967.2	3458.8	3900.3	3998.2	4699.3	4348	5230.2	3111.4	966	1021	804.5	979.7
Iqcc	165.9	311	165.9	67.4	185.2	92	126.9	133.2	125.3	164.7	131.6	178	120.5	28.6	222.8	88	279.9	113.5	133.2	152.6	161.5	174.6	240.9	184.4
Chil3	0	0	66.4	64.1	95.1	0	446.5	105.7	0	157.9	46.4	390.1	0	0	134	78.9	0	4.4	22.6	633.6	235.5	304.6	316	286.7
Eml2	580.6	322.7	413.7	405.3	527.7	420.1	393.6	303.5	498	210.9	492.1	533.2	240.2	276.6	278.2	624.4	365.9	251.7	327	118	257.8	132.3	55.7	122.3
Tex264	179.5	335.2	396	499.9	172.3	116.7	408.6	279.1	253.6	200	92.7	337.3	61.5	205.4	174.8	280.3	117.5	286.7	227.1	198.8	549	480	611.3	502.8
Dennd6a	573.2	589.1	955.1	850.9	690.7	487.4	1529.4	925.3	670.6	1008.4	935.6	843.7	697.5	823.8	849.1	872.3	680.9	986.6	752.6	573.3	861.7	827.6	515.3	506.7
Hlcs	173.2	220.3	364.3	320.6	333.9	357	131.9	300.6	294.7	325.2	214.6	334.6	201.9	195.9	279.6	155.8	338	426.4	288.9	261.6	263.4	267.8	163.7	154.6
1700123O20Rik	343.3	124.4	198.4	281.5	119.4	227.9	225.8	257.5	299.9	311.6	284.2	165.5	375.9	314.7	168.9	286.4	276.2	360.9	262.8	469.4	452	448.7	1187.6	1105.2
Snrpd2	1719.7	1480.4	1805.1	924.8	1920.4	1950.9	2079.8	1409	2693.5	2479.4	2457.4	2420.2	1652.8	2285.8	2369.6	1918.7	2235.2	1429	2113.9	2399.6	475	452.6	512	453.6
Gpr161	170.1	142.7	117.2	104.3	54.3	133.2	8	170.4	49.3	81.6	59.8	41.2	170	33.7	118	90.1	60.6	205.2	74.9	57.7	12.7	10.2	5.4	14.9
Six5	248.8	147.8	181.4	346.7	346	212.8	133.9	218.3	148.9	115.7	174.2	204.9	249.8	159.2	161.7	105.2	262.9	110.6	210.4	105.2	33.4	41.5	71.8	66
Szrd1	505	650.6	391.8	411.9	709.3	291.1	320.7	394.6	421	435.5	431.5	371.3	373.5	484.9	490.8	480.7	361	494.8	521.9	752.8	1101.3	830	414	427.1
Tiprl	2318.2	1496.5	2251.2	1435.5	1447.8	1068.1	1871	1628.3	1351.4	1341.8	1595.9	1676.7	1367.9	1682.8	1342.8	1693	1381.1	1656	1754.9	1251.7	920.6	912.2	1012.5	1111
Sft2d2	2926	2622	2308.4	2130	1386.3	1824.6	1405.5	1511.8	1465.4	817.8	967	788.2	1364.7	1782.6	1351.6	1930.8	1800.3	1708.3	1883.3	1339	1830.1	1696.8	1222.5	1268.9
Psme4	596.3	540.1	574.6	591.2	758.6	1326.3	573.4	649.2	986.8	424.6	431.5	658.5	405.4	660.2	522.9	514.1	726.9	617	564.7	432.2	389.9	443.2	530.1	549.4
Dlk1	238.3	175.6	73.4	167.4	1.4	28.8	0	47	0	6.8	7.5	25.1	18.4	0	14.6	0	0	26.2	0	42.3	19.1	20.4	6.7	5.2
Erf	324.4	287.6	202.6	270.6	368.9	185.3	156.8	217.4	168.4	117	62.1	136	237	173.9	152.9	345.1	94.5	93.1	156.9	127	27.1	25.1	20.8	29.1
Bsdc1	336	342.5	132.7	115.2	82.9	109.8	329.7	219.3	148.9	76.2	18.7	75.2	216.3	160.7	185	28.3	129.6	190.6	26.2	62.8	440.8	400.9	304.6	240.1
Crocc	43	53.4	15.5	40.2	108	96.1	41	22.5	21.6	68	128.6	20.6	35.9	137.9	27.7	105.2	71.5	82.9	91.5	43.6	368.4	379	59	34.9
Ino80d	2270.9	1992.7	2582.3	2123.4	2388	2176.1	2102.8	2435.1	2030.2	2267.1	1807.5	935.9	2557.8	3519	2981.3	2133.2	3238.3	3326.5	2373.1	1858.4	277.7	239.6	173.1	231.7
Wdr25	91.3	49.8	40.2	8.7	20	0	87.9	52.9	31.8	17.7	39.6	11.6	62.2	52.1	4.4	0	55.7	42.2	26.2	0	84.3	79.1	67.8	77
Tmem205	184.8	169	203.3	238	218.8	241.6	265.7	170.4	139.7	174.2	104.7	378.5	282.5	185.6	279.6	318.8	93.3	103.3	185.5	193.7	109	144.1	707.2	540.3
Gfer	436.8	173.4	216	336.9	237.4	222.4	118.9	219.3	419	176.9	207.9	399.9	301.7	272.9	231.6	222.6	151.4	301.2	293.7	328.3	223.6	224.7	389.2	401.8
Foxa3	217.3	240	60	80.4	25	23.3	84.9	41.1	0	0	0.7	7.2	0	0	0	19.2	0	0	1.2	0	0	2.3	0	0
Atp1a3	0	16.8	9.2	0	0	0	5	7.8	0	12.2	0	0	4	4.4	62.6	0	1.2	5.8	34.5	48.7	2738	2873.6	2036.4	2146.3
Fbxw4	236.2	188.1	197.7	154.3	95.8	208.7	225.8	94	267	112.9	87.5	51.9	94.2	101.2	218.5	293.5	267.7	232.8	556.4	461.7	147.2	136.2	144.9	234.9
Slc19a2	129.1	30	126.4	216.3	200.9	78.3	218.8	153.7	103.7	142.9	23.2	43.8	53.5	88	13.1	37.4	63	52.4	19	50	118.6	99.4	352.3	361.7
S100pbp	1492.9	1432.1	1452.8	2068	1634.4	1552.8	1449.5	1414.9	1059.7	1178.5	1860.6	1192.6	1895.4	1111.4	1558.4	1778	1531.3	1559.9	2059.3	1165.8	197.3	184	67.1	90.6
Rfx3	408.4	236.4	286.6	213	148	348.7	338.6	164.5	143.8	259.9	83.8	0.9	304.1	468.8	185	103.2	305.3	347.8	181.9	135.9	155.2	167.6	38.9	31.7
Slc16a11	45.1	0	0.7	17.4	0	1.4	0	0	13.3	44.9	17.9	0	290.5	110.8	302.9	191.3	590	387.1	920.2	442.5	46.2	65.8	3.4	0
Arhgef1	570.1	650.6	695.3	820.5	1075.3	886.9	1279.6	717.7	849.2	798.8	386.6	181.6	845.2	820.1	725.3	461.5	1152.1	742.1	639.7	718.2	7296.6	7343	3375	2932.5
Tet2	649.9	631.5	816.1	919.4	1182.6	715.3	559.4	680.5	730.1	816.5	639.4	546.7	909.8	738	793.7	1038.3	619.1	656.3	560	548.9	364.4	372.7	182.5	257.5
Rcc2	5619	3350.8	3230.4	3460.1	3546.3	3149.5	3063.8	4072.2	3233.7	3132.6	3414.6	3990.4	3534.6	4945.1	4463.9	4358.5	4230.5	3274.1	3797.5	4918.5	14567.7	14752.5	10595.4	11032.6
Mgl2	0	0	19.1	0	78.6	0	40	6.9	33.9	1.4	0	40.3	0.8	47.7	64.1	1	8.5	0	9.5	57.7	58.1	65.8	579.1	574
Rps19	16629.2	15876.1	13444.5	12754.8	14126.5	16561.7	15350.7	10470.9	16287.4	11975.1	11204.9	14452.1	15810.5	16560.6	13914.6	11019.2	17717.9	13321.9	13815.5	16393.3	1644.7	1581.7	1793.5	1650.7
Cables1	243.6	264.9	392.5	477.1	159.4	366.6	560.4	357.4	40	155.1	208.6	376.7	289.7	388.1	473.3	344.1	145.4	135.3	343.6	238.6	47.7	77.5	427.4	394.7
Arhgef10l	108.1	74.6	24.7	34.8	5.7	1.4	60.9	35.2	6.2	13.6	10.5	27.7	61.5	0	10.2	8.1	37.6	56.8	15.5	44.9	192.6	162.9	273.8	194.8
Mill2	75.6	216.6	125	117.4	37.2	17.8	16	55.8	0	23.1	41.9	0	22.3	0	13.1	17.2	40	1.5	27.3	2.6	0	0.8	0	0
Sh3kbp1	532.3	667.4	684.8	311.9	764.3	944.6	462.5	498.4	898.5	737.6	782.2	742.6	889	1231.7	1108.3	751.9	1033.4	903.6	570.7	897.8	2582.1	2754.6	2510.1	2426.5
Abhd4	1065.6	982.1	1253.7	781.3	908.7	1169.7	1407.5	904.7	664.4	1115.9	878	673.7	1359.9	752.7	945.2	1213.3	883.2	969.1	1474.3	1068.3	892	752.5	1084.3	878.1
Trim62	33.6	115.6	38.8	58.7	133	13.7	0	40.1	11.3	38.1	0.7	38.5	0.8	0.7	4.4	68.8	42.4	104.8	21.4	14.1	90.7	90	25.5	55
Cmtm8	217.3	158.8	204.7	156.5	231.7	197.7	227.8	153.7	34.9	51.7	152.6	119.9	150.8	112.2	118	94.1	84.8	171.7	152.2	132.1	17.5	14.9	19.5	20.7
Ghitm	3212.7	3688.9	4211.6	3214.5	2459.5	3583.4	4391.3	3699.2	3534.5	3912.3	3883.5	4568.3	2946.5	3279.1	4073.6	3874.8	3306.1	3284.3	3583.5	3021.6	3824.1	3600.2	4453.9	4170.4
Dpcd	148	202	101.7	206.5	190.2	162	103.9	155.7	248.5	153.8	249	148.5	195.5	44.7	351	344.1	264.1	161.5	195	262.9	332.6	331.2	514	441.9
Irgq	133.3	172	314.8	93.5	53.6	218.3	122.9	155.7	88.3	219.1	137.6	223.7	166	70.4	219.9	169	113.9	186.3	128.4	183.4	313.5	324.9	122.8	221.3
Fam117b	1119.2	1213.3	1219.1	1413.8	664.2	1020.1	1349.6	1073.1	886.2	694	744.1	858.9	722.2	702.8	859.3	749.9	637.2	1334.4	740.7	674.6	615.1	678.1	970.2	1048.9
Wdr43	2538.6	3276.2	2514.5	3248.2	3572	2883.2	2729.1	4439.4	3927.8	3531.3	4876.7	4284.7	2727.8	2905	4115.8	4041.7	3029.9	3588.4	3879.5	3629.6	2606.7	2274.6	2914.7	2996.6
Wwp1	362.2	590.6	394.6	494.5	459.7	1021.5	657.3	587.5	655.2	593.3	672.3	811.5	362.3	508.4	621.9	581.9	516.1	810.5	670.6	429.6	216.4	158.2	160.4	253.7
Pif1	0	14.6	11.3	0	30	111.2	36	101.8	257.7	73.5	196.7	201.3	82.2	78.5	37.9	40.5	110.2	100.4	86.8	59	300	321.8	140.9	73.8
Fzd7	138.6	169.8	113.7	82.6	65.8	269.1	108.9	207.6	92.4	78.9	23.2	30.4	31.9	82.2	64.1	31.4	88.4	93.1	36.9	98.8	53.3	41.5	141.6	192.8
Rwdd2b	140.7	92.2	107.3	165.2	103	78.3	20	160.6	20.5	166	212.4	120.8	126.9	96.8	189.3	82	130.8	189.2	151	174.4	232.3	260.7	318.7	425.8
Ostc	1599	1468	1382.2	1421.4	1550.8	1381.2	1593.3	1114.3	1776.5	1564.9	1655.7	1922.7	1421.4	1773.8	1631.2	2040.1	1283	1305.3	1819.1	2286.7	1772.8	1831.4	4377.5	4047.4
Tspyl2	186.9	221.7	211.1	152.1	70.1	11	86.9	176.2	19.5	176.9	169	137.8	176.4	109.3	90.3	129.5	73.9	74.2	107	151.3	233.1	236.5	153.7	166.9
Elmo1	3773.3	1950.2	2442.5	2403.8	2365.1	2707.4	3003.8	2659.3	994	1397.6	1128.5	571.7	2549.8	2525.7	2359.4	1960.2	1955.3	2705.1	2184.1	1653.2	2497.7	2431.2	2041.8	2153.5
Ccdc8	1333.4	1436.5	1209.3	1862.6	1262.6	991.3	588.4	871.4	928.3	515.7	1061.2	989.5	761.4	811.3	556.4	1134.4	660.3	337.6	607.6	352.7	105.8	124.5	129.5	125.5
Msantd4	553.3	926.4	883.1	798.7	888.7	851.2	744.2	722.6	619.2	775.7	661.8	509.1	586.6	577.3	463.1	547.5	611.8	630.1	463.7	305.2	268.9	271.7	340.9	301.5
H2afv	2029.4	1731.4	2130.5	1642	3112.3	2614.1	2228.6	2358.7	3067.3	2785.6	3514.9	5600.8	2841.1	3314.3	2293.9	3204.9	3088.1	3359.9	3320.7	3093.5	2807.2	2910.4	1745.9	1586
Zfp598	1180.1	996	1247.4	1041.1	737.9	1033.8	1969.9	1236.6	1010.5	802.9	1096.3	744.4	950.5	884	1041.3	718.5	703.9	894.9	1005.8	986.3	230	273.3	139.6	143.6
N4bp2l1	555.4	273	379.1	384.7	193	230.7	355.6	388.7	143.8	374.2	120.4	164.6	288.9	268.5	589.9	615.3	484.6	538.4	571.9	436.1	385.9	426	295.2	265.3
Smc1a	13717.9	13666.1	7976.3	8952.4	8689.8	10097.9	7083.5	10534.5	9086.9	9022.2	9958.3	14033.4	9982.2	9227.7	8515.7	9385.9	10943.3	8467.5	9918.2	9185.5	3490.7	3257.3	1709.6	2099.7
Ripk2	85	101	149	181.5	114.4	181.2	267.7	222.3	41.1	174.2	90.5	42.9	186.7	175.3	119.4	25.3	143	100.4	156.9	203.9	230.8	190.3	100	100.9
Tmco4	90.3	82.7	114.4	52.2	209.5	72.8	20	73.4	76	78.9	133.9	191.5	62.2	49.2	49.5	13.2	35.1	195	137.9	170.6	571.3	509.7	540.1	449.7
Brca2	360.1	420.8	459.6	530.3	784.3	915.7	836.1	1047.7	1056.7	1139	1382.8	1320.6	1144.4	1244.9	1034.1	1176.9	745.1	724.7	1278.1	641.3	533.9	501.1	307.3	334.5
Osgin2	135.4	218.8	64.9	166.3	164.4	131.8	239.7	160.6	288.6	185.1	147.3	131.5	219.5	312.5	228.7	214.5	301.7	349.2	166.5	83.4	209.3	194.2	259.7	227.1
Zmiz2	450.4	651.3	619.8	730.3	449	601.3	459.5	455.3	445.7	696.7	952.8	771.2	519.5	570.7	836	1082.8	630	771.2	621.8	841.3	2890.8	2912	1111.1	971.9
Lonp1	690.8	675.4	492	518.4	909.4	477.8	435.5	469	594.6	488.5	537.7	492.1	672.8	537	381.6	480.7	414.3	244.5	645.6	865.7	1521.4	1523.7	1974.7	1934.1
Prkd2	787.4	1231.6	698.9	767.2	725.7	531.3	630.3	593.4	732.2	476.3	368.7	475.1	292.1	198.8	441.3	571.8	385.2	860	475.6	577.1	1799.9	1851.8	287.2	279.5
Chrnb1	286.6	267.8	405.9	404.3	165.2	251.2	459.5	160.6	125.3	58.5	110.7	0	227.4	60.9	64.1	169	89.6	113.5	220	82.1	105	84.6	12.1	0
Rpusd1	72.4	54.2	220.3	83.7	205.9	38.4	148.8	97.9	132.5	114.3	154.8	177.2	226.7	126.2	116.5	99.2	1.2	17.5	174.8	77	249.1	247.4	280.5	324.8
2310036O22Rik	697.1	1028.2	788.5	943.3	773.6	727.7	669.3	678.5	1263.1	847.8	1109.8	1076.3	877.1	932.4	873.9	1093.9	732.9	849.8	877.4	1101.7	1355.1	1242.6	1093.7	1102.6
Yeats2	843.1	860.6	525.9	584.7	508.3	339.1	539.4	596.3	427.2	710.3	475.6	404.4	447.7	427.7	522.9	444.2	570.6	537	592.1	768.2	695.4	646.8	419.4	548.7
Arhgap11a	308.7	146.4	403.8	474.9	1160.4	1009.1	833.1	677.6	1535.2	1265.6	1827.7	1347.4	736.6	1271.3	744.2	1109.1	1899.6	1545.4	1222.2	809.3	1826.1	1947.3	1215.8	1230.7
Elovl6	623.6	957.2	744.8	635.7	778.6	1000.9	921	948.8	543.2	673.6	661.8	569	1346.3	968.3	1016.6	857.1	1127.9	953.1	1133.1	737.5	901.5	879.3	195.3	262.1
Arhgap12	637.3	410.5	492	439	373.9	606.8	192.8	341.7	196.1	378.3	417.3	404.4	214.7	202.5	148.6	246.9	199.9	113.5	218.8	251.4	242.7	269.4	69.8	34.3
Phf8	802.1	641.8	489.2	285.8	357.5	300.7	394.6	381.9	325.5	528	468.9	239.8	563.4	369	566.5	434.1	445.8	630.1	443.5	498.9	817.2	779.1	553.6	431.6
Ublcp1	3.1	46.8	70.6	44.6	108	45.3	3	37.2	69.8	40.8	27.7	23.3	0.8	16.1	7.3	38.5	76.3	1.5	17.8	24.4	133.7	121.4	33.5	38.8
Chd7	410.5	489.6	170.8	232.6	91.5	78.3	146.8	129.2	80.1	96.6	47.1	61.7	23.1	60.9	39.3	34.4	3.6	81.5	0	80.8	315.9	382.9	624.7	550
Vps41	526	819.6	674.2	673.8	509.1	951.4	294.7	341.7	486.7	372.9	625.9	651.3	538.7	846.6	393.2	430.1	696.6	710.1	531.5	334.7	1059.1	1015.6	1624.4	1357.6
Rbbp8	113.4	346.9	245.7	380.4	583.4	583.5	533.4	434.7	623.3	732.1	776.3	353.4	460.5	847.3	511.2	645.6	655.4	838.2	744.3	557.9	681.1	677.3	600.5	860.6
Mul1	88.2	191	126.4	84.8	115.8	90.6	84.9	117.5	160.2	76.2	254.3	414.2	217.1	190.7	77.2	192.3	204.7	149.9	155.8	133.4	255.4	285	314.7	311.9
Zfp236	418.9	534.2	441.9	437.9	291.7	333.6	463.5	278.1	552.5	469.5	437.5	331.9	269.7	144.5	378.7	399.7	302.9	397.3	372.1	559.2	247.5	210.6	71.8	66.6
Rusc1	175.3	111.2	275.3	328.2	231.7	59	262.7	132.2	89.3	202.8	297.6	315.8	206.7	192.2	270.9	125.5	67.8	417.6	154.6	212.9	68.4	73.6	104	115.2
Uspl1	883	1199.4	970.7	1155.2	1251.9	994	854.1	1024.2	1060.8	1238.3	1133	824.9	795.7	1280.1	1038.4	964.4	1286.6	1095.7	1135.4	781.1	820.4	882.4	932	946.7
Dmxl2	315	335.9	312.7	431.4	427.6	286.9	280.7	261.4	131.4	68	63.6	17.9	188.3	89.5	152.9	171	244.7	120.8	223.5	55.1	15.1	20.4	109.4	80.2
Tox	916.6	725.9	1369.5	1339.9	474	466.8	421.6	506.2	25.7	34	116.7	45.6	272.9	264.8	218.5	284.4	539.1	819.3	734.8	731	227.6	224.7	0	0
Ttc1	576.4	760.3	559.1	953	659.2	858.1	851.1	618.8	1084.4	661.4	986.4	726.5	944.9	618.4	591.3	662.8	653	675.2	563.6	673.3	507.7	479.2	823.3	745.4
Cdk13	265.6	735.4	379.1	541.2	654.9	790.8	347.6	518.9	646.9	483.1	720.9	900.1	701.5	738	589.9	702.3	520.9	653.4	711	613	741.6	848.8	550.9	634.8
Katnal1	198.4	421.5	271.8	272.8	272.4	324	185.8	178.2	115	172.8	249	228.1	221.9	118.8	87.4	85	153.9	125.1	179.5	134.7	150.4	110.4	93.3	91.9
Gtf3c3	321.3	622	401	318.4	203.1	357	440.5	401.4	193.1	357.9	211.6	180.7	346.4	396.9	339.3	303.6	302.9	305.6	349.5	392.5	398.6	415.8	415.3	556.5
Sntb2	63	38.8	33.9	67.4	62.2	31.6	0	41.1	0	134.7	35.9	53.7	39.9	143	97.6	86	33.9	87.3	74.9	28.2	66	67.3	111.4	174.1
Slc7a1	787.4	1602.6	962.2	1375.8	1051.7	1640.7	1268.7	1504.9	1174.8	1065.5	1332.7	1353.7	1667.2	1319	1806	849	1313.2	1597.8	1008.2	1446.7	697.8	746.2	581.7	534.5
Thoc6	608.9	526.2	517.4	473.8	700	690.6	608.4	660.9	1207.6	941.7	851.8	1540.7	1177.1	915.5	987.5	881.4	565.8	780	967.8	1051.7	944.5	888.7	893.7	909.8
Inhba	187.9	212.9	74.8	84.8	2.9	0	0	0	0	0	0	0	0	0	0	0	0	0	0	0	0.8	1.6	0	0
Pcf11	1569.6	1410.9	1266.4	1319.3	1190.4	1248	883.1	1035.9	1038.2	1099.5	1089.6	884	1235.4	1242.7	1310.8	1039.3	1762.7	1298	925	1013.2	534.7	516	384.5	416.1
Atp1b2	0	0	56.5	32.6	23.6	0	1	54.8	293.7	274.9	297.6	297	0	66	81.6	10.1	0	1.5	23.8	147.5	15.9	11	7.4	0
Atg2b	1587.4	1498	1727.4	1296.5	1402.8	1248	1607.3	1543.1	1306.2	1532.3	1447.1	1317	1197.9	1106.2	1051.5	1057.5	861.4	1184.5	1174.7	913.2	440	355.5	321.4	290.5
Wrap53	192.1	97.3	72.7	77.2	97.2	63.2	301.7	187	49.3	202.8	372.4	299.7	146.8	90.2	74.3	197.3	180.5	106.2	105.8	233.4	397.9	366.4	387.2	452.3
Tmem29	145.9	133.2	271.1	315.1	65.1	146.9	158.8	176.2	234.1	182.3	141.3	118.1	185.2	55	228.7	197.3	130.8	190.6	283	200.1	171.1	159.7	112.1	149.5
Rgl2	369.6	413.5	612	852	421.8	391.3	613.4	565	202.3	381	584.1	450	326.4	597.9	537.4	480.7	607	704.3	871.5	557.9	711.4	744.6	487.1	438.1
Ssr2	585.8	321.3	605.7	681.4	1044.6	1080.5	1181.7	810.7	1461.3	1290	1196.5	1157.7	1110.9	1607.3	1487	897.6	518.5	1586.1	1005.8	954.2	2005.2	2074.2	6133.4	5797.8
Pum3	1668.3	2258.3	1982.3	2269.1	2050.6	1842.5	1903	2357.8	2382.4	2717.5	3090.1	3674.5	3489.9	2517.7	3834.8	3184.6	2656.8	3578.2	3405.1	3056.3	1648.7	1642	2101.5	1978.1
Shtn1	123.9	85.6	100.2	125	62.9	193.6	11	74.4	6.2	0	5.2	0	49.5	0	8.7	5.1	30.3	48	64.2	44.9	15.9	10.2	0.7	8.4
Ccdc9	444.1	784.5	464.5	787.9	336.8	378.9	416.6	384.8	267	326.6	484.6	563.7	571.4	466.6	432.6	655.7	371.9	315.8	536.2	406.6	426.5	415.8	202	143
Mdfic	221.5	289.8	488.5	515.1	434.7	535.4	462.5	458.2	366.6	417.8	442	172.7	491.6	486.4	311.7	232.7	191.4	481.7	262.8	324.5	142.4	105.7	65.1	170.2
Mettl18	433.6	244.4	171.5	154.3	85.8	30.2	92.9	145.9	73.9	98	62.8	148.5	146	182.7	139.8	141.7	169.6	208.1	141.5	120.6	79.6	89.3	140.2	154.6
BC055324	119.7	112.7	212.5	206.5	261.7	230.7	339.6	480.8	334.8	620.5	1102.3	668.3	201.1	468.8	384.5	848	323.5	426.4	686	461.7	426.5	433.8	521.3	517.7
Wapl	1498.2	2374.6	1614.5	1293.2	1566.5	1953.7	1353.6	1672.4	2533.3	1737.8	1651.2	1454.8	1700.7	1058.6	2039	1160.7	2506.5	1926.6	1391.1	2053.3	1273.9	1182.3	1547.9	1683
Dicer1	880.9	785.2	628.3	694.4	836.5	929.5	555.4	1007.5	820.5	1004.3	1195.8	703.2	830.8	851.7	814.1	1022.1	1005.5	638.8	857.2	660.5	646.9	580.2	402.6	478.8
Pik3r1	5119.3	6085.5	5874.1	8565.5	2614.7	3496.9	2621.2	4038.9	2292	2695.8	4821.3	3401.7	3043.8	2784.7	3160.4	5705.4	3342.5	3940.5	6365.6	2493.2	1481.6	1465.8	781.7	727.3
Hibch	327.6	569.3	416.5	417.3	431.8	307.5	682.3	358.4	542.2	487.2	369.4	383.8	595.4	328.6	448.6	294.5	523.4	523.9	380.5	334.7	249.9	267.8	669	579.8
Nthl1	7.3	68.1	33.2	12	72.2	13.7	78.9	6.9	0	10.9	0	59.9	4.8	21.3	2.9	34.4	17	0	41.6	7.7	93.1	65.8	140.2	151.4
Ccnb1	123.9	193.9	305	249.9	762.2	490.1	989	545.4	905.7	1340.4	1854.6	1160.4	487.6	1492.8	576.7	958.3	810.5	918.2	1095	699	1437.8	1395.3	528.1	524.1
Cirh1a	280.3	469.1	476.5	470.5	325.3	530	435.5	617.8	564.8	593.3	537	414.2	508.4	645.6	697.6	341	450.7	391.4	338.8	586.1	1014.5	1080.5	1971.3	2106.9
Mfsd6	1020.5	755.9	722.9	874.8	894.4	702.9	661.3	627.6	515.5	293.9	478.6	391.9	421.4	353.6	286.9	697.2	905	465.6	544.5	457.9	222.8	335.9	117.4	161.8
Gk5	0	0	0	22.8	2.1	34.3	55.9	26.4	24.6	69.4	18.7	180.7	121.3	176.8	14.6	2	67.8	11.6	46.4	43.6	27.1	22.7	64.4	36.2
Arhgap32	269.8	521	309.9	380.4	373.9	657.6	217.8	348.6	196.1	208.2	222.1	180.7	515.6	338.9	388.9	620.3	615.4	445.3	437.5	266.8	411.4	452.6	120.1	51.8
Rpl21	20892.8	14579.4	11497.5	10265.1	10905.5	11082.3	10312.1	8624.2	11365.6	9078	9373.5	11412.8	10702.9	9552	7181.6	7032.1	9249.6	7961.1	7794.7	10777.1	120.2	114.3	112.7	92.5
Tardbp	5422.7	6139.7	5269.8	5265.1	7217.7	6246.8	6207.4	8103.3	6044.3	7217.7	7616.8	7129.9	6877.7	6459.9	7550.1	7333.6	7099.3	6057.8	7335.8	7133.4	2144.4	2041.3	2980.5	3394.5
Fam35a	300.3	293.4	425	503.1	213.1	178.5	39	204.6	317.3	337.5	264	221	290.5	219.3	198.1	224.7	329.5	216.8	273.5	186	277.7	280.3	155.7	130.1
Dcp1b	228.9	179.3	119.3	130.4	208.1	190.8	238.7	153.7	38	76.2	287.9	326.6	149.2	88	83	110.3	231.4	103.3	124.8	148.8	187	188.7	114.7	144.9
Serpina3g	2015.8	1650.2	3238.8	3704.6	1807.5	2512.5	3583.2	2770	1426.3	1672.4	2789.5	3018.7	1085.4	1313.1	1693.8	1388.4	491.9	793.1	497	497.6	149.6	158.2	407.3	306.1
Zfp281	1205.3	1012.1	912.8	1092.1	913	764.7	645.3	842.1	669.5	861.4	667.8	690.7	565	655.8	703.5	570.7	747.5	646.1	517.2	415.5	482.2	533.2	461.6	374.7
Stx3	247.8	227.6	228.7	251	137.3	94.7	250.7	137.1	880	639.6	610.2	1022.6	369.5	976.4	792.3	783.3	510	611.2	436.3	238.6	157.5	162.1	263.7	241.4
Cep78	45.1	92.9	195.5	131.5	113.7	140	159.8	268.3	195.1	368.8	249.8	282.7	43.1	282.4	317.5	328.9	104.2	152.8	216.4	279.6	413	437.7	450.9	568.8
Kif14	68.2	11.7	34.6	114.1	256.7	333.6	164.8	285.9	328.6	402.8	565.4	594.1	222.7	325.7	302.9	175.1	397.4	323	390	288.6	235.5	179.3	34.9	45.3
Rrp9	391.6	219.5	306.4	241.3	321.7	219.7	175.8	392.6	340.9	362	473.4	755.1	231.4	424	319	293.5	321	264.8	272.3	470.7	767.1	831.5	804.5	870.3
Irf8	10.5	128.8	252.7	116.3	209.5	42.6	638.3	612	93.4	391.9	242.3	643.3	363.1	673.4	630.6	384.5	1429.5	1369.3	1278.1	1889.2	38495.3	39666.9	13120.3	13012.6
Rnf123	67.2	131.7	148.2	145.6	92.9	28.8	128.9	117.5	99.6	76.2	130.1	93	79.8	69.7	64.1	78.9	93.3	176.1	105.8	165.4	954.8	855.8	536.8	407
Ago1	1354.4	1743.8	1825.5	1857.2	1349.9	1605	2096.8	1596	1233.3	1812.6	1459.8	904.5	1326.4	878.8	1245.2	1548.3	1389.6	1529.4	1311.4	731	156.8	187.1	56.4	69.2
H2-Ob	66.1	26.3	30.4	191.3	100.8	263.6	475.5	250.7	643.9	272.2	426.3	643.3	409.4	417.4	820	470.6	1307.2	1987.7	1877.3	838.8	1443.4	1560.5	151.6	95.1
Sox5	148	76.1	80.5	131.5	0	30.2	0	33.3	22.6	0	0	0	0	0	16	9.1	36.3	1.5	64.2	30.8	13.5	11.7	0.7	0
Gltscr2	2622.6	2770.5	2011.9	1452.9	1655.2	1798.5	1212.7	1351.2	1876.1	1235.6	1432.9	2456	2318.4	1653.5	1236.5	1388.4	1834.2	1526.5	1738.2	2093.1	2598.8	2575.3	2285.3	2130.2
Camsap2	1	48.3	65.7	27.2	57.9	8.2	38	75.4	29.8	44.9	11.2	8.1	94.2	27.9	74.3	97.1	391.3	641.7	330.5	455.3	339.8	269.4	97.3	86.1
Sepw1	228.9	193.9	377.7	281.5	195.2	164.8	245.7	252.6	168.4	166	311.1	365.9	57.5	105.6	106.3	240.8	119.9	110.6	142.7	246.2	1877.1	1717.9	703.2	669.1
Tmtc4	212.1	204.9	273.9	373.8	103.7	130.4	344.6	350.5	170.5	402.8	342.5	318.5	23.1	321.3	412.2	251	105.4	208.1	235.4	273.2	142.4	120.6	306.6	240.1
Cdc42ep4	172.2	122.2	218.1	109.8	140.9	98.9	79.9	84.2	254.7	122.5	237.8	155.7	207.5	307.4	118	166	53.3	59.7	70.1	98.8	127.3	90.8	1003.1	929.8
Mbp	1136	1535.3	1156.3	1984.3	1610.1	1248	1583.3	1222.9	1075.2	1356.7	1235.4	1190.8	1644	717.4	1077.8	937.1	1241.8	1234	1090.3	1050.4	1897	1861.2	942.7	942.8
D11Wsu47e	161.7	278.8	170.8	68.5	119.4	97.5	172.8	115.5	68.8	159.2	235.6	223.7	0.8	111.5	145.6	89.1	189	187.7	268.7	241.1	249.9	276.4	329.4	278.2
Ggact	175.3	162.5	114.4	125	144.4	34.3	43	105.7	80.1	61.2	95	136.9	27.9	40.3	93.2	52.6	67.8	55.3	83.2	155.2	74.8	61.1	29.5	5.8
Fam104a	1078.2	1006.9	1109.7	1122.6	1067.5	1267.2	991.9	1087.8	1409.9	1315.9	1381.3	1436.9	1134.1	1170.1	1514.7	1152.6	987.4	1199	1315	1326.1	418.5	421.3	525.4	441.3
Mrps27	22	70.3	53.7	179.3	244.5	13.7	242.7	80.3	118.1	83	246.8	195.9	242.6	250.2	158.7	124.5	55.7	199.4	141.5	143.6	423.3	444.7	685.7	606.3
Kctd12b	69.3	101	60.7	30.4	32.9	168.9	16	71.5	82.2	61.2	101	33.1	186.7	73.4	49.5	125.5	189	272.1	63	69.3	12.7	19.6	37.6	12.9
Gcn1l1	740.2	748.6	499.1	793.3	592.7	642.5	476.5	556.1	556.6	460	578.8	440.2	552.3	690.3	600	533.3	608.2	410.4	745.5	657.9	1803.1	2022.5	984.3	960.9
Kif21b	587.9	451.5	407.3	467.3	411.8	164.8	487.5	572.8	324.5	217.7	413.6	593.2	458.1	526.7	272.4	484.7	516.1	280.8	523.1	620.7	295.2	404	27.5	46.6
Ddx24	1723.9	1507.5	1209.3	1380.1	1306.3	1110.7	1215.7	1671.4	1629.7	1269.6	1503.9	2281.5	1608.1	1383.5	1424.4	1571.6	1417.4	1704	1430.3	2189.3	2609.9	2545.5	2296.8	2370.9
Klf8	6.3	166.8	121.4	177.1	37.9	52.2	136.9	46	142.7	140.2	35.1	36.7	0.8	86.6	51	118.4	164.8	23.3	73.7	47.5	25.5	41.5	67.8	60.8
Pcca	277.2	225.4	364.3	372.7	143.7	370.7	367.6	219.3	404.6	170.1	357.5	303.3	75.8	212	247.6	107.3	331.9	376.9	340	323.2	567.3	505	881.7	1252.1
Slc39a11	1840.5	1063.3	1133	1040	820.8	694.7	617.3	792.1	1007.4	937.6	854.8	1381.4	998.4	1011.6	1146.2	1014	1475.6	1268.9	1467.2	1605.7	1381.3	1512.8	2787.9	2781.1
Rragb	60.9	41	102.4	70.6	47.9	134.5	0	55.8	63.7	88.5	60.6	88.6	122.1	43.3	29.1	12.1	43.6	119.3	84.4	48.7	140.8	154.3	114.7	70.5
Pyroxd1	348.6	291.3	181.4	146.7	230.9	387.2	250.7	166.5	374.8	183.7	171.3	199.5	148.4	225.9	81.6	175.1	390.1	339.1	216.4	243.7	78	79.1	75.1	101.6
Bivm	391.6	372.5	438.4	571.6	648.5	589	612.4	521.9	449.8	304.8	107.7	98.4	295.3	234.7	378.7	154.8	289.5	289.6	181.9	224.4	135.3	155.8	283.8	361.7
Fcho2	2618.4	2668.8	2512.4	2539.7	1322.7	1613.2	1644.3	1312	1409.9	1254.7	1038	600.3	1162.8	1634.4	1255.4	1209.3	1757.9	1303.8	1165.2	942.7	301.6	265.4	415.3	254.9
Amot	313.9	280.3	223.8	324.9	209.5	145.5	239.7	201.7	121.2	119.8	151.8	89.5	283.3	115.2	270.9	354.2	184.1	248.8	229.5	150.1	38.2	52.5	53.7	84.8
Kcnj2	42	17.6	12.7	3.3	0	0	3	0	0	0	0	0	10.4	2.2	26.2	0	12.1	26.2	0	1.3	14.3	4.7	91.3	169.5
Cox6a1	1066.7	930.8	1106.2	1161.7	1805.3	1878.2	1889	1437.4	2397.8	2014	2799.9	3010.7	1803.6	2090.7	1766.6	2191.9	1782.1	1247.1	1382.7	2913.9	2738.8	2712.3	3029.5	2793.4
Btbd7	49.3	233.4	133.4	192.3	16.4	190.8	216.8	140	279.3	64	124.9	206.7	42.3	62.4	120.9	135.6	187.8	84.4	161.7	160.3	187	219.2	85.2	107.4
1810011H11Rik	191.1	86.4	179.3	218.4	81.5	127.7	181.8	141	184.8	20.4	201.9	107.4	63	68.2	120.9	85	82.4	45.1	122.5	98.8	34.2	23.5	288.5	278.2
Ubr7	780.1	762.5	701	479.2	931.6	870.4	662.3	790.2	997.1	1051.9	915.4	1051.3	979.2	919.9	955.4	761	766.9	723.2	658.7	1037.6	1138.6	1254.4	1630.5	1868.1
Gm20604	171.1	204.2	137	164.1	185.9	427	575.4	222.3	253.6	389.2	367.9	415.1	265	534.8	234.5	497.9	220.5	331.8	371	207.8	113	85.3	77.2	83.5
Alg13	71.4	207.8	79.8	117.4	170.2	163.4	21	128.3	140.7	178.3	65.8	102.9	110.1	73.4	168.9	46.5	189	34.9	133.2	80.8	128.1	99.4	136.9	75.7
Pi4ka	553.3	728.9	716.5	875.9	396.1	674.1	554.4	737.3	804.1	630.1	847.3	926	632.9	416.7	764.6	652.7	438.6	759.6	670.6	792.6	1301	1144	581.1	707.2
Coro2b	101.8	125.9	185.7	160.8	72.9	52.2	140.9	101.8	18.5	25.9	124.9	93.9	55.9	0.7	55.3	36.4	65.4	106.2	53.5	15.4	18.3	26.6	4.7	7.1
Coq5	304.5	362.2	370.6	316.2	293.1	362.5	511.5	419.1	285.5	314.3	490.6	505.5	201.9	271.4	281.1	349.1	351.3	512.2	291.3	495.1	558.6	530.9	813.9	718.9
Tspo	533.3	474.9	457.4	493.4	770	759.2	664.3	471	887.2	815.1	853.3	571.7	868.3	1104	789.4	1019	648.1	458.4	573.1	856.7	2278.1	2273.8	6162.9	5142.9
Rnf10	508.1	442	593.7	444.5	593.4	421.5	322.7	582.6	223.9	236.8	659.6	495.7	306.5	470.2	471.9	523.2	552.4	532.6	366.2	359.1	4152.8	3986.3	3514.6	3852
Utp15	472.5	632.3	619.8	653.1	599.9	652.1	719.2	965.4	398.4	752.5	638.7	325.7	469.3	652.9	782.1	617.3	819	669.4	751.4	452.7	973.1	1032.8	1499	1548.4
Trem3	0	0	0	0	0	0	26	23.5	1	0	0	16.1	86.2	136.4	27.7	53.6	0	0	0	102.6	28.6	40.7	1870.7	1675.9
Gpr155	45.1	25.6	16.9	15.2	5	22	59.9	18.6	18.5	43.5	19.4	0	0.8	35.2	45.1	31.4	103	0	27.3	14.1	341.4	328.1	0	0
Tpp2	817.9	1168.7	1042	913.9	1241.2	1025.6	949	1318.9	954	1242.4	886.9	1122.9	1375.1	937.5	1319.5	1143.5	1117	1720	1002.3	1014.5	1558.8	1490.1	1974.7	1885.6
Ubac2	428.4	365.9	369.2	272.8	458.3	509.4	156.8	382.8	101.7	348.4	243.8	265.7	193.9	330.1	249	354.2	540.3	299.8	274.6	574.6	1401.2	1313.1	1339.3	1450.1
Ppp2r2d	529.1	337.4	458.2	519.4	254.5	319.9	361.6	498.4	531.9	446.3	784.5	882.2	458.1	352.1	415.1	577.8	381.6	493.3	550.5	487.4	623	617.8	529.4	635.4
Enc1	53.5	9.5	63.5	50	98	50.8	77.9	18.6	9.2	46.3	65.8	95.7	55.9	13.2	85.9	145.7	116.3	241.6	132	134.7	19.1	23.5	19.5	9.7
Ydjc	208.9	114.9	186.4	285.8	354.6	175.7	324.7	253.6	347.1	420.5	266.2	135.1	427.8	238.4	276.7	304.6	210.8	243	170	343.7	226	226.3	896.4	851.5
Mapk1ip1	449.4	325.6	230.8	327.1	122.3	216.9	183.8	239.9	177.7	38.1	147.3	143.2	165.2	93.9	87.4	147.7	238.7	30.6	281.8	282.2	98.7	75.2	75.1	57.6
Cir1	2193.2	2150	1975.2	1738.7	1335.6	1983.9	1793.1	1602.8	1132.7	1396.2	1492.7	1737.5	1975.2	2024	1696.7	1565.5	2224.3	1868.4	2055.7	1583.9	38.2	43.1	20.8	26.5
Tram2	204.7	96.6	159.5	173.9	133	137.3	143.8	118.5	114	103.4	106.9	262.1	146.8	162.9	227.2	214.5	221.7	97.5	203.3	237.3	237.1	207.5	95.3	56.9
Cpsf2	1662	1147.4	1690.7	1556.2	2608.9	1507.5	1726.2	2346	2532.3	2317.5	2810.4	3019.6	2650.4	2712.8	2681.3	2715.1	2240	2552.3	2337.5	1890.4	1800.7	1631.8	1370.8	1364.7
Abca9	0	0	7.1	0	0	0	14	8.8	0	27.2	0	0	0	0	5.8	6.1	18.2	0	0	11.5	11.9	3.9	100.6	111.3
Phlda3	8.4	19	5.6	5.4	0	0	0	16.6	21.6	20.4	6	0	15.2	52.8	0	11.1	32.7	36.4	46.4	14.1	204.5	212.2	35.6	46.6
Poldip3	1383.8	1279.9	1615.9	1643.1	1355.6	1154.6	1458.5	1544.1	1656.4	1628.9	2076	2467.6	1316.8	1112.1	1822	1927.8	1291.4	1501.7	1449.3	1440.3	3117.6	3117.1	3440.1	3932.9
Oasl1	24.1	65.1	48.7	45.6	67.2	52.2	61.9	43.1	60.6	0	56.8	25.1	67	53.6	67	7.1	173.2	90.2	118.9	94.9	144	165.2	89.2	79.6
Ptpre	3367	3563.1	3088.5	2967.8	3548.4	4400.3	3149.7	3432.9	3638.3	3814.4	3230.7	3055.4	6151.5	4397.8	5001.3	4430.3	4734.5	5103.2	4979.3	3907.9	859.4	895.8	1091.7	1047.6
Pdcd7	1118.1	1141.6	984.8	805.3	928	863.6	457.5	819.5	1062.8	1178.5	797.2	540.4	996.8	760.7	900.1	594	858.9	842.5	700.3	811.8	463.9	487.8	677.7	695
Haus1	313.9	239.3	187.8	299.9	208.1	363.8	237.7	230.1	336.8	311.6	293.2	318.5	388.7	421.8	198.1	146.7	574.2	245.9	390	393.7	643.7	674.2	730	695.6
Rpl37	20023.5	17750.2	25492.7	22877.5	18369.9	17765.8	27246.1	17420.8	16617.1	18409.1	25527.6	32535	21460.8	18365.3	19117	22625.3	17950.5	20810.1	25316.2	21586.2	650.9	616.2	653.5	601.1
Fhdc1	184.8	76.1	151.1	146.7	95.8	43.9	82.9	121.4	26.7	1.4	34.4	0	38.3	36.7	13.1	2	0	0	0	5.1	7.2	6.3	18.1	16.8
Smek1	1100.3	1582.9	1266.4	1283.4	1321.3	854	1556.4	1139.7	1565	1371.7	1032	851.8	1104.5	1261.8	1555.5	893.6	1074.6	1519.2	1254.3	1188.9	1967	1902.7	1878.7	2058.3
Card6	21	26.3	16.9	9.8	0	6.9	42	32.3	11.3	0	8.2	0.9	72.6	0	13.1	13.2	298	122.2	205.7	284.7	381.1	380.5	23.5	27.8
Tcf20	686.6	964.5	619.8	465.1	873	488.8	788.2	608	818.4	421.9	258.8	541.3	691.9	507.6	377.2	437.2	614.2	634.4	392.4	451.5	148	184.8	45	130.7
Mcm3	2437.8	3321.6	2513.1	2479.9	5467.4	5270.7	4352.4	5331.4	5372.7	6242	7300.4	8222.3	6021.4	6220.8	6516	5862.3	5280.8	4960.6	5035.2	6960.3	8329.4	8430.6	10209.6	10067.1
Ankrd13a	2726.6	2613.9	3224	3142.8	2900.7	3063	3725.1	2592.8	2619.6	3622.5	3199.3	4079.8	2865.9	3178.6	3010.4	3291.9	3468.5	3713.5	3049.6	3120.4	9798.3	10139.1	9566.8	8624.2
Ipo9	544.9	654.2	470.2	443.4	700	841.6	502.5	637.4	461.1	549.8	733.6	697.9	365.5	844.4	704.9	550.5	517.3	422	657.5	551.5	2621	2481.3	1556.7	1527.1
Ndufa7	904	740.6	1313.7	1288.8	1412.8	1018.7	1559.3	1325.7	1476.7	1521.4	1622.1	2264.5	786.9	911.8	1510.3	1564.5	918.3	1429	1538.5	1499.3	754.3	801.8	952.1	784.9
Git2	3001.6	2888.4	2544.2	2834.2	2952.9	3096	2040.8	3185.1	2333.1	2661.7	3434.8	2382.6	3451.6	3131.7	2882.3	3646.1	3279.5	3039.8	3942.5	3217.9	2501.7	2517.4	1210.4	1173.8
Lman1	1888.8	2150.7	2116.4	1822.4	2363	1885	1399.5	2189.3	1782.7	2211.3	1865.1	1636.4	1722.2	2826.5	2388.5	2328.5	1550.7	1619.6	1869	1945.6	1721.1	1710.1	5077.3	5058.8
Wipi1	342.3	196.9	190.6	295.6	218.8	137.3	382.6	225.2	175.6	231.3	210.1	217.4	330.4	327.2	81.6	298.5	197.5	39.3	155.8	211.6	58.9	50.9	136.2	143.6
Tdrkh	329.7	202.7	105.2	108.7	251	255.4	389.6	140	375.8	193.2	217.6	137.8	167.6	157.7	249	134.6	153.9	280.8	202.1	184.7	192.6	245.1	113.4	128.1
Ammecr1l	1268.3	1680.2	1054	1798.5	1346.3	1808.2	1160.8	1579.3	1567	1102.3	1586.9	1497.7	1695.9	1816.4	1695.3	1203.2	1096.4	1442.1	1311.4	1151.7	483.8	528.5	694.5	729.2
Slc16a6	438.9	508.6	319.8	264.1	657.8	428.4	373.6	322.1	566.8	345.6	508.5	498.3	490	614	374.3	449.3	285.9	440.9	443.5	414.3	239.5	269.4	769.6	603.1
Metap1d	186.9	184.4	126.4	64.1	148	258.1	140.9	202.7	225.9	168.7	96.5	127	178.8	132.8	106.3	127.5	294.4	289.6	184.3	91.1	88.3	97.9	79.2	95.8
Rnpep	463	541.5	839.4	820.5	908.7	779.8	724.2	779.4	612	700.8	665.6	728.3	1194.7	985.2	1095.2	1225.5	779	1213.6	1054.6	1094	1382.9	1286.5	4876	4943.6
AW549877	927.1	869.4	868.3	791.1	672.8	877.3	627.3	757.9	617.2	533.4	410.6	162.8	451.7	966.9	888.4	333.9	707.5	810.5	649.2	525.8	458.3	404.8	282.5	179.2
Agrn	161.7	144.9	182.8	219.5	108.7	60.4	61.9	88.1	113	42.2	88.2	50.1	46.3	135.7	112.1	131.6	90.9	29.1	84.4	48.7	62.9	56.4	57.7	104.8
Mvk	7.3	79	16.2	9.8	65.1	118.1	24	40.1	19.5	31.3	44.9	42.1	95	13.9	97.6	81	64.2	1.5	102.2	43.6	241.9	194.2	223.4	228.4
Mfsd9	35.7	169	88.2	82.6	22.2	42.6	136.9	73.4	54.4	66.7	38.1	21.5	184.4	22	131.1	112.3	37.6	56.8	85.6	105.2	16.7	9.4	27.5	18.1
Tango6	169	172.7	199.8	91.3	49.3	75.5	180.8	108.7	52.4	84.4	158.5	199.5	72.6	5.9	145.6	95.1	117.5	55.3	110.6	66.7	304	328.9	408.6	402.5
Tnfrsf18	348.6	228.3	331.8	284.7	254.5	140	293.7	361.3	42.1	338.8	173.5	256.8	227.4	170.2	262.2	193.3	207.2	245.9	224.7	220.6	121.7	118.2	34.2	45.9
Pigs	545.9	425.9	694.6	423.8	380.4	178.5	628.3	584.5	515.5	685.8	543.7	850	378.3	269.2	570.9	542.4	471.3	486	526.7	416.8	1324.8	1407.8	1855.9	1733.5
S100a10	992.1	1069.9	1231.9	900.9	1164.7	819.6	1900	1217.1	1764.2	1589.4	1594.4	1786.7	1355.9	1803.1	1666.1	1240.7	1367.8	1098.6	1281.7	1398	1248.5	1313.1	1126.6	968.7
Znrf3	163.8	191	131.3	245.6	83.7	105.7	91.9	126.3	204.4	84.4	80	57.3	32.7	101.2	294.2	87	103	320.1	99.9	179.6	120.2	115.9	51.7	60.8
Dcaf17	452.5	1039.1	506.2	754.2	486.2	374.8	691.3	453.3	565.8	443.6	423.3	523.4	482.8	228.9	469	312.7	626.3	595.2	563.6	559.2	413	427.5	523.4	598.5
Spidr	312.9	372.5	379.8	471.6	449	343.2	723.2	780.4	395.4	808.3	780.7	792.7	565	371.9	751.5	611.2	615.4	622.8	800.2	516.9	615.9	648.3	773.6	792.7
Mettl8	222.6	207.8	316.3	205.4	261.7	151	55.9	142	252.6	210.9	313.3	329.3	166	112.2	142.7	143.7	178.1	123.7	162.9	216.7	172.7	133.1	488.5	449.7
Arhgef11	190	42.4	61.4	43.5	113	60.4	131.9	35.2	24.6	65.3	67.3	4.5	0.8	43.3	27.7	96.1	33.9	123.7	107	120.6	246.7	265.4	59	90.6
Rapgef5	46.2	177.1	69.9	66.3	0	79.6	108.9	31.3	0	25.9	33.7	11.6	59.9	0.7	61.2	30.4	61.8	0	102.2	2.6	148.8	161.3	30.9	80.2
Zbed3	359.1	308.8	421.4	297.8	311	443.5	948	415.2	477.5	473.6	157	77.8	621.7	612.5	554.9	377.5	312.6	574.8	393.5	492.5	601.6	605.3	479.7	368.2
Tlk1	1427.8	1975.1	1073.7	1209.5	1848.9	1175.2	930	1101.5	1321.6	1144.4	968.5	1690.1	1048.7	1444.4	1101.1	869.3	999.5	948.8	913.1	1064.5	675.6	655.4	507.3	390.2
Wdr41	283.5	333	304.3	126.1	211.6	189.5	133.9	255.6	372.8	322.5	155.6	320.3	255.4	296.4	176.2	233.8	242.3	144.1	133.2	236	400.2	393.1	675	689.8
Ncapg2	108.1	300.8	331.1	334.7	676.4	965.2	801.2	708.9	1236.4	828.7	744.9	592.3	582.6	1031.4	747.1	336	1324.1	935.7	590.9	548.9	1828.5	1775.8	829.3	871.6
Mat2b	1771.2	1868.2	2230	2155	1772.4	1480	2702.1	1862.3	1673.8	2203.2	2248	1546.9	1543.5	2036.4	2136.6	2333.6	1522.8	1986.3	1595.6	1480	1432.3	1356.2	1615.7	1487
Igsf3	239.4	227.6	242.1	113	206.6	119.4	102.9	194.8	198.2	136.1	98.7	2.7	40.7	66	18.9	44.5	15.7	23.3	19	88.5	15.1	14.9	0	0
Csgalnact2	701.3	829.1	948.8	790	1003.8	924	800.2	1045.7	2470.7	2396.4	1566.7	1279.4	2062.2	3209.4	2773	2086.6	1258.7	890.6	963	1117.1	516.4	472.2	2854.3	3165.5
Tbca	3051	2924.2	3816.3	4069.7	2646.1	2929.8	3689.1	3938.1	2718.2	3491.8	3556.7	3688.9	2935.3	2585.9	3756.1	3879.8	2868.8	3563.7	3958	2799.8	281.7	312.4	292.5	248.5
Dstyk	648.8	433.9	549.2	672.7	339.6	366.6	357.6	339.8	371.7	416.4	234.8	515.3	476.4	312.5	279.6	309.7	476.1	372.5	439.9	407.8	287.2	330.4	552.2	494.4
Wdr60	625.7	586.9	245	295.6	499.8	367.9	297.7	264.4	119.1	244.9	331.3	108.3	239.4	227.4	211.2	237.8	418	256.1	244.9	232.1	82.8	74.4	32.9	91.2
Wdr11	717.1	735.4	470.9	510.8	690	727.7	762.2	517	451.8	506.2	346.3	231.7	399	375.6	531.6	439.2	575.5	519.5	500.5	397.6	802.1	716.4	546.8	605.7
Zfp386	452.5	524	285.9	561.8	215.2	532.7	124.9	388.7	362.5	337.5	221.4	35.8	375.1	341.8	257.8	320.8	433.7	275	318.6	168	509.2	483.9	416.7	359.1
Tmcc2	457.8	340.3	302.8	367.3	380.4	325.4	351.6	340.7	299.9	453.2	115.9	499.2	525.1	277.3	176.2	188.2	151.4	195	223.5	206.5	111.4	137	157	117.1
Abhd14b	203.7	303.7	364.3	607.5	232.4	162	458.5	375	191	186.4	359.7	304.2	293.7	170.9	276.7	234.8	162.3	358	390	287.3	79.6	43.8	89.9	117.1
Hnrnpf	2379	1644.3	1676.6	1031.3	2606.8	3006.7	2477.4	2127.7	4036.7	2625	692.5	634.3	3389.4	3056.1	2825.5	787.3	2385.4	1730.2	954.7	1962.3	1246.1	1243.4	1287.6	1340.1
Arsb	232	75.4	169.4	123.9	259.5	173	120.9	175.3	119.1	168.7	70.3	99.3	279.3	449	250.5	158.9	454.3	477.3	391.2	374.5	876.1	869.9	2165.9	2243.4
4933440N22Rik	150.1	77.6	22.6	40.2	26.5	37.1	7	25.5	80.1	20.4	0.7	57.3	146.8	126.2	65.5	13.2	12.1	18.9	11.9	24.4	14.3	17.2	6	1.9
Zfp239	253	253.9	218.1	194.5	280.3	146.9	378.6	248.7	87.3	230	208.6	160.2	142.1	50.6	198.1	139.6	214.4	147	127.2	118	131.3	115.9	210.7	164.4
Kank3	169	117.1	125	102.2	105.8	104.3	108.9	196.8	111.9	55.8	161.5	251.4	31.9	0	103.4	111.3	130.8	104.8	59.4	41	89.9	103.4	134.9	106.1
Inpp5f	195.3	326.4	240	302.1	341	278.7	346.6	220.3	181.8	133.4	200.4	153.9	297.7	252.4	272.4	183.2	312.6	181.9	164.1	189.8	378.8	346.9	183.2	212.2
Fam212a	595.3	673.2	564.7	377.1	366.8	936.3	383.6	544.4	643.9	707.6	602	1160.4	384.7	306.6	241.8	300.6	391.3	374	403.1	296.3	625.4	645.2	330.8	359.8
Ccdc115	2119.7	1368.4	1506.5	1407.3	1103.2	1525.3	586.4	1269.9	1120.3	1213.8	1403.7	855.3	1216.3	930.2	1315.1	1611	1011.6	864.4	1357.8	1415.9	576.1	532.4	776.3	849.6
Ssh1	376.9	252.5	198.4	338	303.9	383	187.8	323.1	338.9	141.5	267.7	240.7	248.2	162.1	186.4	199.4	136.9	240.1	181.9	182.1	268.2	332	47	119.1
Rassf4	281.4	597.1	218.8	473.8	361.8	347.4	628.3	520.9	382	789.3	236.3	356.1	427.8	468	623.3	606.2	373.1	235.7	574.3	656.7	1390.9	1401.6	3004.6	2779.8
Ppig	8718.3	7379.3	4518	4115.4	5581.8	5766.3	4343.4	5116	5043	5814.7	4541.6	4896.7	4514.7	5106.5	5438.3	3835.3	5062.8	5304	4427.6	4454.2	845	900.5	647.5	625.1
Msantd2	357	278.1	343.1	389	303.1	317.1	202.8	305.5	774.3	451.8	220.6	283.6	340.8	242.8	336.4	373.4	344.1	343.4	373.3	229.6	171.1	177.7	197.9	145.6
Cox10	466.2	371.7	350.1	508.6	518.4	631.5	532.4	465.1	457	477.6	732.1	941.2	665.6	569.3	637.9	545.4	357.4	442.4	615.9	601.5	427.3	462	487.1	528.7
Klhl23	886.1	968.9	725.7	1021.5	964.5	762	792.2	983.1	697.3	771.6	1064.2	603	804.5	899.4	732.6	771.1	522.1	408.9	608.7	433.5	136.9	108.1	587.8	777.1
Gm9774	80.8	122.2	152.5	140.2	171.6	153.8	80.9	165.5	76	238.1	210.9	190.6	142.9	243.5	206.8	317.8	132.1	177.5	140.3	278.3	11.1	11.7	8.1	6.5
Papd4	261.4	204.9	249.2	277.1	391.1	226.5	464.5	212.5	442.6	328	142.8	117.2	174	374.9	182.1	297.5	236.2	282.3	243.7	279.6	397.1	402.5	595.2	647.7
Armc5	657.2	592.7	447.6	443.4	583.4	564.3	556.4	497.4	764	498.1	1037.3	497.5	270.5	366.8	607.3	590	279.9	560.2	284.2	474.5	956.4	913.8	699.2	760.3
Nfrkb	190	363.7	205.4	177.1	310.3	85.1	42	128.3	254.7	136.1	299.1	311.4	301.7	167.3	120.9	133.6	362.2	187.7	198.6	262.9	846.6	826.8	340.9	326.8
Slc35f2	256.2	305.9	308.5	234.7	200.2	251.2	261.7	494.5	311.1	186.4	116.7	287.2	317.6	530.4	409.3	289.4	191.4	391.4	322.2	363	239.5	245.9	6	0
Zfp451	1812.1	2101.7	1791	1811.6	2199.3	1801.3	2060.8	1922	1977.8	1667	1594.4	1295.5	2023.1	1479.6	1906.5	1358	2575.6	1845.1	1876.2	1144	739.2	778.3	793.1	879.4
Chchd7	1011	821.8	749.7	1216	929.5	860.8	996.9	773.5	1003.3	481.7	599.8	488.5	598.5	374.9	480.6	430.1	511.2	768.3	456.6	486.1	350.1	310.1	568.3	517.7
Slc35e2	673	327.8	426.4	228.2	611.3	416	685.3	342.7	270.1	289.9	204.9	76	367.9	167.3	736.9	226.7	552.4	139.7	247.3	193.7	230.8	222.4	115.4	93.8
Tbc1d22b	84	98.1	93.9	77.2	76.5	82.4	59.9	113.6	58.5	104.8	181.7	163.7	91.8	195.9	145.6	310.7	67.8	139.7	145.1	160.3	335.8	322.6	301.3	263.4
Kdm5b	886.1	1333.3	844.3	1037.8	1179	1249.4	888.1	847	1005.3	981.1	956.5	732.8	1318.4	1004.3	972.9	969.5	1272.1	1200.5	1210.3	922.1	781.4	780.7	902.5	949.3
0610010F05Rik	201.6	466.1	425.7	332.5	436.1	557.4	401.6	471.9	627.4	745.7	630.4	980.6	649.6	753.4	498.1	543.4	471.3	520.9	520.8	456.6	532.3	493.3	840.7	601.1
Abhd14a	265.6	180	278.8	254.3	262.4	271.8	212.8	244.8	327.6	240.9	257.3	465.2	478	330.1	235.9	313.7	405.8	295.4	322.2	347.6	423.3	384.5	721.3	588.8
Fbxo38	759.1	450	1287.6	977	734.3	339.1	1245.7	1203.4	1007.4	1019.2	974.4	1014.6	994.4	749.7	1104	919.9	610.6	849.8	945.2	829.8	1137.9	1058.6	997.7	863.8
Zfand4	189	71	50.8	71.7	34.3	74.1	167.8	100.9	113	246.3	115.2	91.3	217.1	171.7	145.6	73.9	187.8	229.9	97.5	37.2	52.5	43.8	92.6	105.5
Bag2	426.3	447.1	536.5	395.6	662.8	366.6	761.2	689.3	463.1	951.2	436	229.9	266.6	458.5	787.9	628.4	296.8	344.9	475.6	445	261	357	711.9	846.4
Sgsm1	720.2	579.6	374.9	516.2	190.2	189.5	257.7	193.9	0	0	31.4	45.6	229.8	170.9	61.2	263.1	484.6	232.8	399.5	366.8	74	70.5	2	0
Ammecr1	421	573.7	638.2	677	1105.4	759.2	610.4	888.1	1059.7	933.5	854	1484.3	1015.9	932.4	836	818.7	484.6	475.8	627.8	740	222.8	195.8	265	276.9
Lyn	574.3	708.4	845	368.4	772.2	924	1144.8	892	1359.6	1201.6	971.4	1333.1	640	743.9	570.9	782.2	982.5	938.6	921.4	1006.8	2072.8	2051.5	1389.6	1495.4
Rabif	102.9	179.3	278.1	270.6	97.2	278.7	239.7	151.8	87.3	299.4	166	136	231.4	228.9	327.7	232.7	378	168.8	167.6	300.1	622.2	543.4	824.6	841.2
Adrbk2	1045.7	1142.3	862.7	1132.4	826.5	944.6	883.1	993.8	1136.8	1077.8	1135.2	754.2	965.7	988.9	935	1597.9	896.5	852.7	889.3	409.1	187	210.6	243.6	177.3
Trem1	0	0	5.6	0	0	0	0	0	0	0	0	0	0	13.9	13.1	0	27.9	0	0	0	93.1	123.7	418	374
Nxt2	119.7	63.7	79.1	76.1	0	27.5	153.8	81.3	67.8	51.7	31.4	53.7	103.7	18.3	59.7	70.8	178.1	23.3	77.3	69.3	188.6	190.3	293.2	183.8
Sestd1	307.6	465.4	379.8	407.5	348.2	645.3	456.5	541.5	430.3	325.2	481.6	170	975.2	600.8	588.4	829.8	468.8	566.1	462.5	429.6	122.5	133.9	159	298.9
Pelo	484	316.1	516.7	459.7	746.4	329.5	401.6	704	559.7	711.7	839.8	861.6	589	895.7	651	988.7	569.4	554.4	875.1	847.8	172.7	182.4	297.2	253
Itga1	0	19.8	0	0	2.9	0	0	10.8	0	0	0	0	0	0	5.8	20.2	0	4.4	0	18	26.3	15.7	385.8	463.3
Mkl1	632	221.7	467.3	327.1	287.4	329.5	382.6	336.8	367.6	351.1	505.5	286.3	453.3	418.9	317.5	586.9	351.3	349.2	323.4	539.9	895.2	992.1	804.5	596.6
Gm5617	107.1	49	84.7	120.6	0	92	80.9	49	82.2	95.3	34.4	35.8	97.4	43.3	62.6	83	158.7	80	192.6	128.3	117	137	124.8	119.7
Ttc19	313.9	232	314.1	259.7	88.7	142.8	245.7	275.1	147.9	198.7	125.6	244.3	168.4	96.8	260.7	120.4	147.8	231.4	134.4	214.2	253	213	191.2	212.2
Ehbp1	150.1	327.8	247.1	286.9	72.2	428.4	173.8	207.6	163.3	197.3	329.8	101.1	98.2	142.3	101.9	78.9	138.1	203.7	152.2	30.8	11.9	9.4	0	7.1
Tmem183a	811.6	574.5	651.6	491.2	695.7	549.2	584.4	645.3	576.1	947.1	757.6	790.9	769.3	650	648.1	759	684.5	646.1	636.1	828.5	1087.7	1115.8	1233.3	1217.1
Setd1a	255.1	305.9	232.3	264.1	394.7	230.7	639.3	407.3	350.2	277.6	483.1	427.7	407.8	327.2	301.5	342	315	333.2	437.5	236	83.5	99.4	58.4	44
S100a13	518.6	354.2	563.3	441.2	391.1	502.5	590.4	378.9	388.2	447.7	299.9	494.8	204.3	349.9	326.2	244.9	233.8	407.4	305.6	289.9	299.2	314	387.8	377.9
Pbrm1	3655.7	4406.8	3329.9	3517.7	5649	4692.7	4558.2	5382.3	5736.2	5368.4	3958.3	3547.5	5339.9	5810	5266.4	3949.7	6074.4	6641.3	4673.7	4562	3327.6	3314.4	1884.8	1835.1
Hps4	54.6	160.3	129.2	180.4	245.2	219.7	262.7	265.3	224.9	179.6	143.6	161.9	125.3	179	230.1	171	213.2	244.5	187.9	165.4	366	429.9	289.9	476.9
Specc1	135.4	299.3	183.5	232.6	120.8	488.8	142.8	223.2	209.5	181	128.6	421.4	245.8	264.1	282.5	189.2	140.5	203.7	196.2	252.7	175.9	177	241.6	287.9
Ubash3a	0	24.9	0	1.1	76.5	31.6	1	59.7	251.6	83	87.5	171.8	95.8	256	103.4	110.3	134.5	126.6	92.7	246.2	566.5	507.4	984.3	1067
Arl15	86.1	344.7	486.4	204.3	200.2	715.3	898	498.4	337.8	277.6	287.2	74.3	123.7	187.1	649.6	272.2	334.4	286.7	443.5	77	149.6	150.3	326.1	254.9
Ikbke	522.8	446.4	586.6	566.2	185.9	303.4	625.3	426.9	41.1	196	193.7	367.7	230.6	206.1	439.8	285.4	371.9	293.9	336.5	343.7	180.6	201.2	901.1	853.5
Arel1	406.3	466.1	674.2	597.7	684.9	683.7	691.3	891	295.7	679	916.1	892	549.9	639.7	633.5	565.7	495.5	618.4	656.3	447.6	646.1	665.6	844.8	894.9
Gnl3	1874.1	3323	2465.1	1995.2	3633.5	3485.9	2073.8	3232.1	3768.7	3378.9	3858.9	3536.8	4055	3130.2	3122.6	3826.2	2733.1	2622.2	3774.9	3116.5	1025.7	1068	1344	1426.1
Lgalsl	190	253.2	175.8	100	254.5	140	35	167.4	194.1	104.8	90.5	100.2	385.5	91	132.5	95.1	139.3	519.5	58.3	147.5	74.8	49.3	126.8	144.3
Snx18	650.9	772	804.1	886.8	953.1	459.9	622.3	767.6	845.1	970.3	928.1	965.4	520.3	665.4	607.3	667.9	929.2	673.7	668.2	733.6	2476.2	2446.1	1881.4	1652
Rbm45	158.5	141.2	413	201	405.4	278.7	363.6	355.4	213.6	310.3	423.3	513.6	196.3	408.6	217	355.2	59.4	353.6	356.7	230.9	124.1	106.5	77.2	58.2
Smim12	464.1	186.6	675.6	591.2	631.3	450.3	495.5	445.5	346.1	428.7	598.3	551.1	354.3	222.3	404.9	464.5	416.7	260.5	451.8	171.9	422.5	431.4	709.2	600.5
Tsen2	171.1	349.8	96	233.6	388.2	122.2	139.9	144.9	57.5	147	113.7	214.7	197.9	14.7	138.4	140.7	195	339.1	318.6	138.5	264.2	328.1	468.3	498.9
Gatad2b	1017.3	1860.2	1562.9	1793.1	1338.4	1952.3	1887	2141.4	1955.2	1940.5	2174.7	1932.6	2312.8	2065.8	2123.5	1645.4	1780.9	1984.8	2110.4	1437.7	443.2	402.5	211.4	276.3
Rbm7	499.7	537.1	735.6	730.3	665.6	792.2	487.5	581.6	547.3	936.2	556.4	763.2	482	647.8	824.3	770.1	739	833.8	637.3	657.9	1356.7	1262.2	1743.9	1823.4
Dennd4b	503.9	521.8	718.6	758.5	762.2	584.9	597.4	637.4	361.5	453.2	832.3	703.2	403	366.8	598.6	923.9	328.3	503.5	633.7	697.7	1194.3	1337.4	712.6	621.2
Atf4	1256.7	1233.8	946	794.4	1013.1	748.2	571.4	810.7	829.7	1144.4	1037.3	1212.3	730.2	627.9	694.7	971.5	794.7	829.4	873.9	1254.3	2313.9	2243.3	1086.3	1076.1
Zmym6	490.3	499.8	296.5	394.5	303.1	207.3	102.9	191.9	87.3	77.6	156.3	85.9	179.6	71.2	59.7	144.7	333.2	189.2	121.3	225.7	107.4	108.8	87.2	128.8
Agps	899.8	590.6	1077.3	991.1	621.3	803.2	1229.7	960.5	974.5	1085.9	649.1	793.6	797.3	1184.7	1009.3	711.4	856.5	630.1	690.8	961.9	1273.9	1257.5	6746.7	7445.8
Nfkbil1	33.6	8.8	43.8	7.6	48.6	11	4	7.8	31.8	28.6	26.2	81.4	19.2	19.8	13.1	41.5	46	49.5	65.4	29.5	241.1	233.3	230.1	186.4
Fbrs	631	624.9	482.9	572.7	292.4	459.9	342.6	390.7	391.2	304.8	383.6	119.9	300.9	398.3	209.7	241.9	272.6	667.9	401.9	407.8	276.9	260	109.4	126.2
Dhx29	340.2	376.9	343.8	193.4	409	510.7	294.7	369.1	342	310.3	467.4	620	207.5	306.6	311.7	444.2	355	340.5	286.5	475.8	561.8	614.7	733.4	869
Zfp532	423.1	298.6	574.6	396.7	286	450.3	261.7	407.3	73.9	93.9	120.4	212	279.3	139.4	211.2	167	64.2	177.5	149.8	79.5	14.3	14.9	0	11
Fam63b	1121.3	1366.2	981.2	908.5	1027.4	1337.2	968	1063.3	708.6	990.7	754.6	849.1	918.6	921.4	1037	540.4	1144.8	771.2	618.3	956.8	572.1	606.8	318	377.2
Zmym4	771.7	946.9	876.8	1222.6	968.1	1260.4	991.9	1136.8	732.2	1115.9	1153.2	812.4	959.3	992.5	971.4	984.6	982.5	897.8	1091.5	618.2	596	562.2	455.6	445.8
Mios	326.5	228.3	194.8	181.5	264.5	297.9	308.7	300.6	381	204.1	468.9	438.4	293.7	355.1	320.4	211.5	432.5	209.5	212.8	253.9	580.1	492.5	610.6	681.4
Reln	0	0	9.9	0	0	0	0	24.5	0	0	0	0	0	0	17.5	0	0	0	0	26.9	125.7	158.2	0	0
C1galt1	692.9	524	669.9	460.8	572.7	849.8	950	745.1	1471.5	914.5	703	396.4	413.4	421.1	517	338	434.9	539.9	359.1	777.2	1414.8	1216.8	465	520.2
Dctpp1	361.2	484.4	643.1	679.2	630.6	1385.3	916	722.6	1425.3	1428.9	1480.7	2092.7	1057.4	1079.8	971.4	1232.6	592.4	627.2	763.3	1457	1092.5	1077.4	1130.6	1000.4
Zfp410	152.2	172	321.9	366.2	434.7	670	277.7	241.8	374.8	251.8	255	60.8	164.4	330.1	215.6	202.4	374.3	125.1	248.5	205.2	749.6	808.8	645.5	791.4
Tbc1d8b	40.9	87.1	36	42.4	6.4	104.3	15	57.8	180.7	23.1	35.1	63.5	241.8	46.2	0	88	55.7	52.4	127.2	55.1	59.7	49.3	159	144.3
Fcmr	0	0	0.7	32.6	0	0	0	59.7	0	8.2	19.4	0	0	0	0	0	0	43.7	0	43.6	849.8	996	0	3.9
Abcb4	172.2	286.9	223.8	152.1	293.1	329.5	121.9	213.5	711.6	402.8	577.3	513.6	240.2	245.8	142.7	174.1	58.2	48	152.2	293.7	190.2	150.3	29.5	18.8
Leo1	408.4	653.5	386.9	231.5	760	339.1	429.5	260.5	362.5	296.7	299.9	588.7	355.9	341.1	270.9	363.3	660.3	518	441.1	474.5	536.3	506.6	560.3	520.9
Clspn	529.1	573	725	703.1	1840.3	1286.4	1126.8	1784	2539.5	2097	2525.5	2596.4	2033.5	1644.7	1637	2045.2	1880.2	1593.4	1858.3	1399.2	676.3	481.5	148.3	190.2
Tbc1d10b	708.7	734	1097	892.2	994.5	1044.8	1360.6	1328.7	1433.5	1183.9	1633.3	1877.1	1108.5	1085.7	1047.2	1068.6	1049.1	995.3	1280.5	1219.7	1733.8	1999	1515.7	1660.4
Prdm10	55.6	54.2	9.2	69.5	5	33	0	54.8	53.4	0	52.3	2.7	44.7	27.9	20.4	46.5	24.2	53.8	57.1	60.3	119.4	112.8	37.6	32.4
D330045A20Rik	17.8	0	69.9	93.5	50	61.8	85.9	33.3	113	74.8	188.5	14.3	186.7	165.8	116.5	18.2	7.3	33.5	17.8	20.5	9.5	6.3	17.4	29.1
Ago4	469.3	663.7	532.3	273.9	594.9	218.3	536.4	433.8	209.5	262.6	230.3	76.9	284.9	245.8	387.4	269.2	363.4	312.9	266.3	216.7	183.8	172.3	47	65.4
Cd2bp2	886.1	689.3	618.4	530.3	745	672.7	948	483.7	1155.2	811	921.3	1348.3	1310.4	911.1	688.9	602.1	869.8	459.8	840.6	849	1051.9	1189.4	733.4	775.8
Sdhaf3	175.3	125.1	27.5	54.3	90.1	131.8	276.7	53.9	62.6	175.5	145.8	51	16	283.9	69.9	91.1	89.6	91.7	107	80.8	88.3	61.1	129.5	86.1
Usp22	1445.7	1243.3	1529.8	1736.6	1720.2	1666.7	1579.3	1645.9	1360.6	1479.2	1322.2	1095.1	1925.7	2288.8	2234.1	1622.2	2168.5	2281.7	2571.7	1876.3	2541.5	2612.9	1343.3	1497.3
Elmsan1	130.2	424.4	203.3	303.2	198.8	192.2	113.9	173.3	374.8	163.3	296.1	195	118.9	146	222.8	237.8	170.8	145.5	247.3	192.4	596.8	654.6	348.2	312.5
Dmtf1	1379.6	1397	1227.6	1329.1	779.3	1020.1	1133.8	1247.4	957.1	808.3	1139.7	943.9	1594.5	1181.8	1178.2	1286.2	1147.3	1949.9	1310.2	1031.2	599.2	553.6	314	275
Mum1l1	123.9	54.9	141.9	43.5	97.2	26.1	0	28.4	0	0	19.4	0	0	0	11.7	10.1	0	40.7	0	2.6	11.1	2.3	17.4	22.6
Ubap2l	3506.6	4376.8	2767.3	3769.8	4520.1	4120.2	3004.8	4124.1	3882.7	3943.6	5270.8	4484.2	4485.9	4491.7	3664.4	3689.6	3961.5	3109.7	4504.9	2794.6	4589.6	4347.2	4286.9	3997
Sun2	1534.9	1596.8	1734.5	1331.2	1708.1	1751.9	1879	1391.4	2091.8	1154	975.9	1404.7	2490.8	2516.2	1980.7	2198	2036.5	2367.5	2369.6	2671.5	454.3	484.7	493.8	526.7
Gtpbp1	886.1	423.7	542.2	666.2	760	641.2	827.1	872.4	1128.5	1292.8	1867.4	1511.2	926.6	734.3	1134.6	1919.7	656.6	627.2	1216.3	938.8	2281.3	2093	1537.2	1910.2
Shfm1	3093	2268.5	2930.3	2515.7	3858.7	3871.7	3502.3	2728.9	4582	3505.5	2429	1398.4	3424.5	4292.2	4344.5	2307.3	3819.8	3169.3	2173.4	3457.7	1537.3	1515.9	2893.3	2575.3
Asxl1	1771.2	1446.7	1308.8	1110.6	1479.3	1151.9	1385.5	1261.1	1999.3	1581.3	1471.8	1392.2	1276.1	1882.4	1460.8	1386.4	1811.2	1450.8	1743	1294.1	1352.7	1249.7	628	557.1
Sin3a	827.3	1098.4	831.6	996.5	1365.6	1349.6	1228.7	1174	1160.4	1095.5	1274.3	1467.3	925	1673.3	921.9	902.7	1593.1	1229.6	1260.3	1126.1	899.9	914.5	526.7	665.8
Adprhl2	369.6	395.2	352.3	437.9	338.2	240.3	360.6	292.8	359.4	555.2	335.8	518	353.5	281	300	356.2	302.9	285.2	445.9	302.7	836.3	822.2	1010.5	921.4
Dhrs7b	166.9	122.2	187.1	213	64.3	123.6	162.8	168.4	205.4	156.5	165.3	344.5	64.6	195.1	122.3	137.6	128.4	149.9	221.1	296.3	403.4	440	458.9	404.4
Mier2	422.1	556.2	571.8	411.9	284.6	280.1	337.6	349.6	357.4	406.9	364.2	289	302.5	303.7	286.9	371.4	405.8	376.9	409	455.3	436.8	472.9	432.1	322.2
Ube2q1	1369.1	1142.3	1619.4	1343.2	1593.7	1382.5	1508.4	1350.2	1116.2	1514.6	1957.1	1492.4	1619.3	1292.6	1826.4	1830.6	1373.8	1607.9	1617	1453.1	802.9	859.7	627.4	648.4
4632404H12Rik	571.1	561.3	586.6	541.2	419	472.3	217.8	471	371.7	432.7	391.9	381.1	462.9	471	552	492.8	380.4	99	545.7	400.1	54.1	51.7	79.2	119.7
Ipo11	691.9	943.3	914.9	774.8	1291.2	1335.9	797.2	894	698.3	764.8	706.7	681.8	841.2	824.5	541.8	775.2	840.8	694.1	672.9	568.2	1315.3	1282.6	884.3	1004.9
Sh2b3	794.8	797.6	558.4	602	364.6	616.4	551.4	413.2	165.3	254.5	308.9	314	437.3	305.2	444.2	460.4	732.9	1239.8	671.8	938.8	1662.2	1709.3	793.1	617.3
Fam199x	523.9	747.2	688.3	551	773.6	719.4	796.2	760.8	642.8	608.3	551.2	586.9	514	639	847.6	391.6	637.2	590.8	637.3	266.8	187	227.1	244.9	189.6
Kdm7a	1119.2	818.9	898.7	990	705	659	539.4	603.1	312.2	268.1	162.3	112.7	403	489.3	447.1	451.3	613	1124.8	627.8	582.3	288	300.7	239.5	205.1
Atxn2	691.9	824.7	824.5	1186.7	1003.8	973.4	709.2	1126	1112.1	1204.3	635.7	679.1	685.5	940.5	974.3	754.9	1056.4	1366.4	974.9	598.9	771	783.8	442.2	555.2
Hirip3	608.9	522.5	408	389	1027.4	961.1	619.3	732.4	1144	895.4	1114.3	1575.6	521.9	669.8	879.7	713.4	1124.3	506.4	1009.4	834.9	679.5	601.3	318	346.8
Stk40	149.1	136.1	267.5	90.2	188	269.1	260.7	172.3	246.5	58.5	87.5	121.7	222.7	137.2	132.5	31.4	48.5	85.9	71.3	64.1	757.5	794	385.1	425.1
Pbxip1	1331.3	1070.6	935.4	835.7	722.1	804.5	753.2	651.1	452.9	447.7	442	842.8	1159.6	957.3	485	837.9	1035.8	787.2	986.8	843.9	1302.6	1223	312.7	387.6
Oscp1	68.2	61.5	12.7	15.2	0	5.5	1	65.6	33.9	70.8	38.1	0	99	86.6	36.4	12.1	96.9	14.6	23.8	69.3	72.4	75.2	200.6	181.8
Maff	195.3	88.5	79.8	43.5	156.6	63.2	114.9	63.6	0	0	0	0	0	52.8	20.4	0	1.2	0	0	3.8	23.9	32.1	47	73.8
Safb2	1350.2	1574.8	1176.8	1412.7	1427.8	1394.9	1078.9	1289.5	1397.6	1023.3	1315.5	1972.8	1296.9	1525.9	1259.8	1624.2	1527.7	1059.3	1670.5	1453.1	1186.4	1074.3	782.4	631.5
Shc1	721.3	573.7	710.9	541.2	810.1	626.1	680.3	766.7	420	571.5	621.5	566.3	391.9	570.7	557.8	640.6	428.9	448.2	456.6	702.8	1433.1	1312.3	1473.5	1368.6
Zfyve1	27.3	21.2	17.6	113	3.6	59	4	53.9	8.2	39.5	22.4	7.2	0	3.7	13.1	44.5	8.5	8.7	22.6	43.6	194.2	186.4	126.1	112.6
Pla2g6	94.5	124.4	119.3	110.8	52.2	153.8	219.8	176.2	86.3	137.4	118.9	187.9	103.7	154.8	142.7	127.5	116.3	100.4	187.9	109	137.7	209.1	161	161.8
Flad1	48.3	72.4	8.5	86.9	17.9	1.4	37	59.7	46.2	24.5	77	3.6	64.6	41.1	8.7	9.1	15.7	0	15.5	59	459.1	451.8	746.1	866.4
Itpr3	315	295.6	228.7	201	343.9	131.8	363.6	244.8	205.4	130.6	223.6	272	278.5	364.6	326.2	336	316.2	90.2	199.7	309.1	712.2	869.9	82.5	77.6
Acad12	163.8	240	137	132.6	113	124.9	59.9	71.5	52.4	59.9	23.2	19.7	0.8	18.3	55.3	28.3	103	66.9	88	48.7	18.3	28.2	69.1	60.2
Alkbh5	1603.2	1570.4	2101.6	1974.6	1053.2	1455.3	2251.6	1763.4	869.8	2031.7	1366.3	1079.9	1843.5	1145.9	1851.1	1547.3	1056.4	1750.5	952.3	1065.8	1224.6	1159.6	1467.4	1441.7
Arrdc4	474.5	588.4	528.7	345.6	327.5	448.9	234.8	144.9	103.7	104.8	157	107.4	180.4	90.2	183.5	69.8	113.9	212.5	72.5	65.4	101.8	117.5	204.6	106.8
Wdr55	175.3	161.7	204.7	189.1	242.4	495.6	452.5	253.6	617.2	212.3	225.8	155.7	138.9	214.2	364.1	246.9	390.1	165.9	302	257.8	374.8	334.3	561.6	605
Immp1l	477.7	418.6	622.6	591.2	576.3	654.9	805.1	399.5	467.2	553.9	480.9	527	333.6	474.6	543.2	669.9	494.3	614.1	593.3	563	160.7	145.6	214	184.4
Rgs8	0	0	0	0	0	0	0	0	0	0	0	0	0	0	0	11.1	56.9	0	48.7	33.3	93.9	83	0	18.1
Ypel3	1264.1	810.1	1013.7	1057.4	698.5	505.2	624.3	596.3	398.4	270.8	480.1	937.6	901.8	550.2	656.8	672.9	674.8	858.5	926.2	850.3	1332	1423.5	255.6	234.2
Zc3h12a	101.8	62.2	70.6	63	57.2	67.3	39	69.5	22.6	76.2	59.8	63.5	114.1	121.8	43.7	95.1	161.1	55.3	126	68	119.4	106.5	5.4	7.1
Selk	1452	1612.1	1583.4	1105.2	1253.4	1614.6	1254.7	1124	1202.5	1023.3	934.1	654	1536.3	1153.2	1437.5	868.3	1090.3	1132.1	1102.2	1387.7	715.3	703.1	877	819.8
Npl	193.2	75.4	141.2	34.8	163	383	301.7	44.1	699.3	201.4	6	0.9	177.2	270.7	141.3	18.2	176.9	215.4	13.1	91.1	222.8	185.6	736.7	715
Mapk6	583.7	583.2	584.5	762.9	779.3	796.3	579.4	926.3	680.8	909	964.7	473.3	784.5	564.1	782.1	786.3	443.4	765.4	936.9	836.2	1020.9	923.9	1186.3	1153.7
Obfc1	65.1	22	40.9	28.3	37.2	4.1	64.9	39.2	37	46.3	56.8	212.9	4.8	18.3	94.7	39.5	21.8	197.9	95.1	75.7	357.3	281.9	95.3	77.6
Dhx9	2759.1	3545.5	3203.5	3106.9	4179	4986.5	3870.9	4156.4	5604.7	4292	4142.3	2647.4	4770	5358.8	4302.3	4268.4	4436.4	4263.6	3987.7	3302.5	1153.8	947.4	423.4	538.4
Sipa1l1	330.7	325.6	373.4	296.7	490.5	567	766.2	490.5	587.4	675	384.4	437.5	375.9	586.9	544.7	415.9	397.4	161.5	153.4	360.4	783.8	673.4	349.6	326.8
Commd10	165.9	244.4	348	757.4	427.6	234.8	333.6	344.7	578.1	230	448.7	68.9	316.8	152.6	297.1	265.1	273.8	285.2	404.2	171.9	492.5	498.8	583.8	462
Shcbp1l	98.7	104.6	117.9	138	44.3	138.7	41	114.6	37	68	124.1	0	0	49.9	27.7	59.7	59.4	30.6	34.5	73.1	22.3	12.5	13.4	0.6
Atpaf2	350.7	144.2	236.5	201	464	361.1	403.6	245.8	575.1	325.2	240.1	294.4	408.6	310.3	262.2	266.1	161.1	144.1	324.6	312.9	714.5	685.9	839.4	696.2
Wbp5	1958	2066.6	2350.1	2426.6	3005	2799.4	3116.7	2609.4	3107.4	3429.2	2020.7	2049.8	3048.6	2712.8	3243.4	1909.6	2550.2	3651	2532.5	2329.1	853.8	864.4	925.9	748
Naa25	602.6	936	1162	584.7	846.5	807.3	863.1	857.7	1024.8	1012.4	836.8	824	873.9	1143.7	1252.5	721.5	1379.9	861.4	879.8	858	720.9	627.2	1244	1474
Map3k9	160.6	92.2	92.5	179.3	33.6	39.8	63.9	28.4	66.7	0	2.2	6.3	0	47.7	13.1	9.1	6.1	39.3	46.4	78.2	63.7	57.9	14.1	39.5
Trafd1	1097.1	952.8	1478.2	1124.7	771.5	838.9	1216.7	780.4	458	783.8	943	902.8	833.2	834.8	837.4	835.9	1252.7	1050.6	1152.1	1031.2	724.9	682	679.7	603.7
Wdr74	406.3	139.8	139.1	97.8	133.7	173	149.8	196.8	232.1	300.7	229.6	296.1	159.6	270.7	342.3	192.3	201.1	167.3	223.5	336	723.3	779.9	1293	1288.3
Dpm3	646.7	705.4	842.2	972.6	875.8	902	753.2	698.1	804.1	1053.3	1044.7	1711.6	1168.4	1160.5	604.4	769.1	977.7	849.8	982.1	859.3	301.6	309.3	414.7	362.4
B630005N14Rik	1404.8	926.4	1029.3	657.5	880.1	1212.3	795.2	631.5	676.7	596	646.9	373.1	696.7	919.2	757.3	713.4	879.5	698.5	639.7	468.1	287.2	308.5	338.8	285.4
Gm15800	405.3	353.5	585.2	537.9	223.8	428.4	662.3	436.7	276.2	613.7	622.2	672.8	241.8	377.8	375.8	375.4	302.9	240.1	600.4	341.2	444.8	467.5	174.5	236.2
Id1	59.8	64.4	21.9	34.8	120.1	30.2	100.9	16.6	4.1	2.7	0	0	12	55	29.1	15.2	0	21.8	0	15.4	14.3	23.5	101.3	163.1
Krtcap2	1595.8	1805.3	2302.8	2013.7	2254.3	1955.1	3540.2	2523.2	2209.9	2429	2652.6	3200.3	1818.8	2243.3	3143	2813.2	2110.4	2837.5	2722.7	2769	1466.5	1394.5	2450.4	2258.3
Bex2	106	196.9	117.2	128.2	2.9	24.7	46	88.1	38	20.4	0	17.9	35.1	59.4	29.1	34.4	73.9	39.3	38	30.8	3.2	8.6	7.4	6.5
Tmem108	0	0	0	0	0	0	0	2	0	2.7	0	102	11.2	0	18.9	0	61.8	13.1	38	96.2	478.2	512.9	10.7	7.1
Apobr	38.8	108.3	50.8	55.4	57.9	149.6	24	50.9	4.1	65.3	67.3	127.9	56.7	96.8	123.8	110.3	271.4	52.4	99.9	135.9	105.8	96.3	40.3	33
Trim46	91.3	90.7	80.5	121.7	15.7	45.3	9	35.2	21.6	35.4	40.4	0.9	51.9	49.9	14.6	27.3	29.1	18.9	51.1	39.8	44.6	53.2	114.7	77.6
Hebp1	222.6	146.4	151.1	120.6	238.1	98.9	115.9	52.9	64.7	198.7	68.1	96.6	4	6.6	32	117.4	59.4	27.6	66.6	85.9	9.5	9.4	7.4	7.1
Smg7	1369.1	1126.2	1615.2	1269.3	1251.9	826.5	1341.6	1496.1	1364.7	1389.4	1747	1936.1	834	1078.4	1543.8	2034	896.5	1367.8	1670.5	1518.5	991.4	1126	475.1	476.9
Exog	178.5	194.7	266.8	83.7	293.9	140	252.7	305.5	127.3	238.1	358.2	246	119.7	145.2	284	292.5	104.2	454	342.4	180.8	301.6	295.2	667.6	643.8
Rnf214	621.5	588.4	566.9	665.1	597.7	650.8	537.4	648.2	421	548.4	608	872.3	430.2	560.5	538.9	495.9	774.1	669.4	777.6	601.5	356.5	311.6	238.9	187
Aqp11	88.2	101	125.7	200	87.2	233.4	127.9	161.6	294.7	198.7	133.9	114.5	27.9	92.4	81.6	179.1	35.1	155.7	64.2	80.8	13.5	8.6	50.3	45.9
Krba1	278.2	304.4	349.4	384.7	84.4	81	240.7	173.3	2.1	121.1	97.2	35.8	123.7	165.8	138.4	136.6	106.6	299.8	224.7	141.1	201.3	163.6	49	45.3
Flt3	66.1	54.9	88.9	86.9	168.7	273.2	241.7	294.7	95.5	391.9	41.1	32.2	978.4	544.3	920.5	354.2	5054.3	8661.1	3625.1	4227.2	7482	7324.2	170.4	99.6
Fgf11	115.5	136.8	72	84.8	86.5	46.7	65.9	52.9	12.3	16.3	0.7	68.9	45.5	13.2	8.7	38.5	42.4	0	0	2.6	3.2	0	8.7	8.4
Alkbh6	235.2	193.9	346.6	222.8	421.8	93.4	138.9	243.8	66.7	172.8	146.6	40.3	131.7	164.3	346.6	146.7	167.2	324.5	325.8	266.8	308.7	302.2	366.4	353.9
Serpinb6b	105	177.8	371.3	359.7	219.5	395.4	227.8	178.2	192	153.8	320.1	260.4	149.2	249.4	152.9	106.3	216.9	224.1	211.6	198.8	31.8	46.2	21.5	12.9
Zc3h6	481.9	388.6	367.8	301	318.2	391.3	223.8	252.6	99.6	110.2	235.6	211.1	292.9	102.7	87.4	81	376.8	196.4	233	120.6	58.9	57.2	8.7	9.1
Trp53rkb	169	172	242.8	245.6	58.6	174.4	374.6	96.9	85.2	126.6	147.3	246	228.2	147.5	116.5	214.5	264.1	37.8	123.7	179.6	54.9	55.6	105.3	76.4
Gm9776	200.5	68.8	76.9	107.6	238.8	111.2	146.8	69.5	122.2	23.1	79.3	0.9	17.6	66	85.9	70.8	134.5	122.2	96.3	103.9	27.8	32.9	30.2	39.5
Aida	350.7	594.2	542.9	714	795.8	899.3	521.4	733.4	535	722.6	457.7	272	598.5	540.7	997.6	518.1	699	1091.4	612.3	428.4	143.2	151.9	99.3	91.2
Foxo4	102.9	106.8	107.3	101.1	15.7	82.4	47.9	39.2	69.8	44.9	127.9	78.7	32.7	82.9	42.2	63.8	136.9	49.5	65.4	48.7	8.8	7.8	3.4	18.1
Sbk1	68.2	22.7	107.3	70.6	77.2	46.7	23	99.9	180.7	114.3	82.3	34	73.4	112.2	125.3	28.3	33.9	173.2	107	146.2	1318.5	1279.4	102.7	11.6
Borcs5	186.9	256.1	143.3	154.3	231.7	70	326.7	155.7	210.5	115.7	101.7	238.9	122.1	173.9	179.1	100.2	86	74.2	254.4	164.2	298.4	368	310.7	376.6
Nhlrc3	446.2	137.6	253.4	271.7	118	394	235.8	190.9	153	153.8	299.1	80.5	399.8	107.1	150	176.1	130.8	243	151	160.3	213.2	231	157	164.4
Gng2	835.7	925	803.4	485.8	993.1	907.5	1003.9	821.5	683.9	736.2	553.4	499.2	789.3	903.8	757.3	762	1376.2	1002.6	903.6	1040.1	1218.2	1196.4	669	733.1
Klhl6	1189.5	1067.7	871.8	859.6	1083.9	1151.9	583.4	688.3	1134.7	632.8	895.9	1054	800.5	724.8	958.3	961.4	1266	750.9	934.5	950.4	2905.9	2982.5	1835.1	1952.9
Tmem194b	137.5	226.9	218.1	146.7	376.1	240.3	230.8	287.9	326.5	196	115.9	223.7	142.1	136.4	254.9	250	482.2	333.2	360.3	347.6	616.7	553.6	343.5	256.2
Ptgir	0	11	0	0	0	0	0	4.9	5.1	25.9	35.9	0	0	13.2	0	20.2	19.4	24.7	0	43.6	29.4	17.2	149.6	95.1
Edem3	351.7	386.4	390.4	766.1	303.1	448.9	358.6	322.1	390.2	514.4	493.6	443.8	731.8	546.5	518.5	311.7	391.3	780	688.4	591.2	903.1	838.6	679.7	830.2
Zfp513	201.6	235.6	189.9	143.4	83.7	167.5	35	161.6	37	99.3	160.8	162.8	178.8	77.8	62.6	141.7	117.5	229.9	231.8	201.4	255.4	319.5	193.2	137.8
Tmem18	277.2	352	258.4	259.7	410.4	442.1	415.6	259.5	352.2	249	299.1	151.2	338.4	272.2	205.4	277.3	355	366.7	240.2	165.4	297.6	312.4	375.1	463.9
Spice1	307.6	188.1	235.8	97.8	119.4	276	330.6	141	214.6	341.6	284.2	384.7	185.2	355.8	266.5	184.2	221.7	266.3	313.9	284.7	210.1	205.1	238.2	195.4
Dpy19l1	589	657.1	532.3	767.2	843.7	734.5	1154.8	841.1	1213.8	1529.6	1256.4	1108.5	1026.3	981.5	967.1	860.2	854.1	816.3	802.5	1032.4	1486.4	1530.8	2424.9	2587
Il17re	250.9	151.5	373.4	323.8	439	281.5	407.6	338.8	325.5	166	131.6	221.9	471.7	392.5	218.5	288.4	699	1044.8	848.9	581	98.7	69.7	8.1	0
Zfp866	388.5	262.7	589.5	469.5	451.1	240.3	471.5	524.8	501.1	711.7	409.1	686.2	418.2	350.7	393.2	676	408.3	545.7	571.9	347.6	226	190.3	286.5	242
Tuba1c	1081.4	880.3	592.3	718.3	1295.5	1408.6	1208.7	903.7	1548.5	1051.9	1296.8	2130.3	1185.9	1449.6	687.4	1138.4	1478	1132.1	852.5	1128.6	597.6	627.2	448.9	446.5
Lrrn4	216.3	182.9	93.9	147.8	256	130.4	126.9	34.3	0	32.7	6.7	10.7	9.6	33	29.1	18.2	86	157.2	16.6	87.2	149.6	150.3	0	0
Mob1a	3248.4	3542.6	3483.8	2420.1	4348.5	3870.3	4207.5	3046.1	3723.5	3245.5	1788.8	981.5	3383.8	3142.7	3692	1878.2	4108.1	4026.4	2363.6	3021.6	3113.6	2810.2	3697.8	3822.9
Tmem186	196.3	215.1	310.6	229.3	251	152.4	389.6	215.4	185.9	265.4	373.9	347.1	253	231.1	257.8	310.7	288.3	449.6	441.1	292.4	701	660.9	448.2	541
Ppp2r3a	411.6	459.6	480	589	394	623.3	464.5	396.5	371.7	315.7	347.7	432.1	579.4	381.5	352.5	350.1	476.1	593.7	637.3	397.6	74	92.4	71.1	42.7
Arl11	22	0	1.4	8.7	115.1	46.7	1	63.6	54.4	153.8	78.5	114.5	203.5	284.6	182.1	158.9	128.4	436.5	313.9	188.5	310.3	283.4	794.4	693
Pyurf	126	275.2	203.3	177.1	183	135.9	165.8	169.4	137.6	129.3	143.6	130.6	47.1	174.6	180.6	276.3	302.9	91.7	197.4	192.4	116.2	140.2	279.8	223.2
Simc1	225.7	259.8	91.1	170.6	150.1	326.8	203.8	161.6	0	103.4	103.2	105.6	104.5	123.2	203.9	99.2	84.8	186.3	205.7	66.7	215.6	162.1	77.2	94.5
Rfesd	37.8	151.5	137	98.9	173	96.1	61.9	146.9	46.2	125.2	74.8	144	156.4	188.5	150	96.1	128.4	34.9	51.1	80.8	117.8	111.2	98.6	148.2
Gm1840	0	0	0	2.2	0	4.1	1	0	9.2	2.7	0	0	0	1.5	1.5	0	1.2	0	1.2	0	15.1	15.7	74.5	71.2
Zmpste24	435.7	557.6	465.9	403.2	705	722.2	491.5	557.1	485.7	526.6	883.9	752.4	440.5	471.7	454.4	882.4	542.7	496.2	619.4	593.8	1207.1	1110.3	2125.7	2254.4
Upf2	1968.5	2354.9	1633.5	2269.1	1583.7	2601.7	2010.9	1642	1988.1	1020.6	1592.9	1589	1582.6	1363.7	1111.2	1368.2	1652.5	1564.3	1485	833.6	353.3	320.2	137.6	199.3
Fam129c	29.4	22.7	60	83.7	32.9	70	12	133.2	29.8	156.5	58.3	102.9	103.7	1.5	136.9	62.7	1.2	40.7	102.2	306.5	655.7	640.5	12.1	13.6
Exoc3l	47.2	45.4	140.5	57.6	82.9	12.4	98.9	36.2	0	19.1	0.7	36.7	15.2	0	40.8	31.4	29.1	0	22.6	1.3	71.6	51.7	128.8	37.5
Tmem64	621.5	484.4	505.4	346.7	636.3	520.3	729.2	568.9	925.2	473.6	452.4	322.1	170	386.6	463.1	233.8	170.8	273.6	291.3	248.8	703.4	674.9	245.6	341
Pigv	290.8	152.2	312	196.7	481.2	162	343.6	165.5	323.5	217.7	377.7	103.8	88.6	226.7	99	326.9	214.4	446.7	365	261.6	526.8	559.8	279.1	283.4
Uevld	81.9	137.6	69.9	118.5	198	196.3	217.8	119.5	146.8	125.2	103.2	80.5	113.3	69	40.8	75.9	117.5	128.1	134.4	116.7	144	114.3	98.6	133.9
Pyhin1	0	0	43.8	19.6	0	0	22	94	173.5	19.1	0.7	90.4	0.8	104.2	59.7	50.6	179.3	330.3	57.1	333.5	726.5	677.3	1641.2	1877.2
Trim56	3669.4	4241.4	2023.9	2498.4	2736.9	2693.7	1702.2	1873.1	2322.8	1279.2	2559.9	2634.9	2599.3	1882.4	1597.7	1937.9	2077.7	1555.6	1959.4	1363.3	208.5	219.2	88.6	83.5
Tmem11	1006.8	860.6	665.7	661.8	1036.7	685.1	615.3	667.8	595.6	689.9	644.6	823.1	736.6	487.1	646.7	877.4	411.9	541.3	596.9	884.9	432.9	417.3	579.7	535.8
Mei4	25.2	24.9	4.9	0	50.8	0	11	21.5	0	112.9	0	0	16.8	71.9	0	0	129.6	29.1	29.7	12.8	188.6	189.5	38.9	40.1
Zfp784	147	212.9	126.4	186.9	32.9	41.2	119.9	69.5	83.2	28.6	65.1	23.3	122.9	38.9	5.8	40.5	104.2	125.1	48.7	47.5	0	0	0	0
B3galnt1	23.1	6.6	16.2	32.6	0	0	0	0	0	12.2	0	0	4.8	26.4	30.6	0	0	1.5	10.7	0	192.6	169.1	21.5	14.2
Fbrsl1	634.1	437.6	569	459.7	399.7	432.5	515.5	620.8	330.7	481.7	410.6	541.3	366.3	537.7	393.2	466.5	459.2	573.3	537.4	397.6	531.5	546.5	278.5	331.9
Filip1l	133.3	155.9	58.6	121.7	45	94.7	107.9	5.9	192	44.9	119.7	24.2	39.9	23.5	24.8	21.3	122.4	66.9	146.2	111.6	271.3	320.2	46.3	71.8
Hexim2	32.5	0	26.1	0	0	0	33	11.7	0	28.6	0	25.1	0	0	21.8	23.3	4.8	13.1	11.9	50	43.8	55.6	101.3	74.4
Gprasp1	1405.8	1934.1	1236.1	1765.9	915.9	919.9	838.1	961.5	837.9	733.5	848.8	922.4	648.8	449.7	589.9	790.3	696.6	1015.7	1028.4	628.4	455.9	364.1	142.9	189.6
2510009E07Rik	184.8	200.5	266.1	221.7	201.6	59	250.7	130.2	7.2	0	127.9	75.2	71.8	34.5	56.8	15.2	0	0	34.5	15.4	33.4	57.2	49	42.7
Usp48	2725.5	2807.9	2684.7	3285.1	2655.4	2737.6	1820.1	2973.6	3365.1	2840	3654.7	3450.9	3581.7	3109.7	2276.4	3400.2	2843.3	2728.4	2722.7	2567.6	1153	1063.3	1057.5	1048.3
Otud1	341.2	188.8	317.7	222.8	218.1	162	283.7	171.3	203.3	121.1	77	170	122.9	66	90.3	194.3	276.2	245.9	115.3	156.5	460.7	458.8	266.4	218.7
Chd3os	92.4	122.2	149.7	90.2	154.4	282.8	257.7	193.9	102.7	436.8	280.4	141.4	163.6	96.1	316	302.6	387.7	500.6	411.4	277	274.5	259.2	147.6	128.1
Hilpda	1065.6	912.5	866.9	803.1	760.7	645.3	600.4	645.3	514.5	756.6	525	565.5	791.7	837	769	1009.9	717.2	726.1	972.6	723.3	427.3	373.5	130.8	163.1
Eif3j2	468.3	450	224.5	409.7	469	259.5	172.8	358.4	423.1	409.6	459.2	365	284.9	328.6	407.8	447.3	283.5	315.8	554	611.8	7.2	3.9	15.4	9.1
E130012A19Rik	80.8	61.5	57.9	40.2	27.9	9.6	40	83.2	14.4	243.6	145.1	146.7	251.4	109.3	302.9	137.6	82.4	148.4	141.5	301.4	380.3	375.8	590.5	561
Pgp	87.1	256.9	188.5	272.8	255.2	282.8	238.7	223.2	382	423.2	458.4	302.4	166	291.2	470.4	254	318.6	347.8	156.9	247.5	989.1	1055.5	2409.5	2203.9
Zbtb37	479.8	542.3	564.7	668.3	425.4	362.5	168.8	549.3	210.5	292.6	410.6	382	185.2	313.2	485	463.5	393.7	243	382.8	306.5	41.4	37.6	14.1	12.9
Gm6863	402.1	532	235.1	194.5	330.3	495.6	262.7	272.2	475.4	394.6	244.5	187	558.6	520.1	301.5	227.7	527	551.5	240.2	436.1	10.3	18	12.7	16.8
Gimap5	1649.4	1915.1	1352.6	1566	557.7	737.3	975	1173	445.7	477.6	395.6	345.4	704.7	336.7	365.6	510	534.3	564.6	600.4	513	397.9	362.5	6	0
Hscb	744.4	575.9	495.6	561.8	401.8	608.2	355.6	377.9	1018.7	514.4	567.6	497.5	245.8	761.5	380.1	484.7	411.9	131	317.4	500.2	164.7	174.6	337.5	291.8
Rai2	144.9	1.5	22.6	0	0	15.1	0	0	102.7	49	0	0	0	0	4.4	0	14.5	33.5	0	16.7	98.7	94.7	0	0
Setx	966.9	1572.6	1701.3	1532.3	1806.7	1850.7	2317.5	1768.3	2006.5	1842.5	2143.3	1699.9	1711.9	1458.4	2122	2105.9	1777.2	1644.3	2119.9	1409.5	852.2	853.5	477.7	546.8
Zc2hc1a	227.8	430.3	365	234.7	336.8	234.8	221.8	265.3	80.1	152.4	80.8	159.3	229.8	134.2	250.5	71.8	80	85.9	122.5	121.8	58.1	60.3	74.5	47.2
Mdga1	137.5	88.5	39.5	52.2	299.6	171.6	231.8	163.5	386.1	321.2	534	396.4	806.8	489.3	365.6	608.2	84.8	46.6	99.9	77	34.2	39.9	140.2	117.1
Pars2	52.5	69.5	74.8	58.7	139.4	93.4	198.8	73.4	78	166	104	82.3	102.2	24.2	118	57.7	52.1	138.2	73.7	105.2	206.1	184.8	307.3	364.9
Pxylp1	823.1	829.8	776.5	874.8	675.7	399.5	604.4	750	594.6	579.7	635.7	703.2	477.2	1053.4	728.2	975.5	689.3	817.8	807.3	783.6	829.1	830.8	3375	3720.7
Zfp3	76.6	93.7	79.1	19.6	7.9	0	52.9	86.2	0	53.1	70.3	25.9	0	51.4	20.4	11.1	7.3	46.6	165.3	56.4	101.1	92.4	22.1	34.3
0610009L18Rik	228.9	75.4	197.7	335.8	118	104.3	95.9	114.6	16.4	112.9	73.3	59.1	140.5	161.4	56.8	167	220.5	78.6	137.9	71.8	36.6	39.2	11.4	23.3
Tmem221	7.3	52.7	28.9	0	20.7	0	0	45	0	0	0	0	0	0	20.4	0	0	0	0	37.2	506.1	537.9	12.7	14.9
Dpy19l3	933.4	799.1	729.2	668.3	496.9	667.2	703.3	627.6	334.8	559.3	412.1	395.5	498.8	568.5	601.5	482.7	381.6	374	380.5	410.4	393.9	362.5	341.5	409.6
Fem1a	733.9	521.8	525.2	559.7	644.2	683.7	530.4	663.9	684.9	458.6	759.1	687.1	458.9	618.4	678.7	817.7	324.7	486	533.8	569.4	885.6	769.7	1101.7	1338.8
Pde12	420	417.8	393.2	298.8	171.6	319.9	165.8	605.1	403.6	296.7	691.8	500.1	511.6	691	517	343.1	378	199.4	436.3	472	825.1	843.3	1262.1	1108.4
Rpl7	36037.4	30649.4	37730.1	34723.8	28616.9	31633.8	36986.8	28672	32908.6	31717.8	35316.1	48194.9	33525.9	31694.5	28797.8	30751.3	33840.2	31722.3	34101.3	36086.5	1700.4	1713.2	2322.3	2165.7
Ptpn11	1537	1671.4	1782.5	1855	1774.6	2438.3	2240.6	2395.9	2807.5	2465.8	2589	2755.7	1662.4	2021	1730.2	1640.4	1568.9	1973.2	1878.5	2098.2	771.8	581	485.8	689.8
B430306N03Rik	63	17.6	2.1	42.4	0	0	104.9	3.9	0	138.8	46.4	0	10.4	29.3	0	54.6	107.8	139.7	30.9	106.4	144.8	149.6	210.7	198.7
Gm12481	67.2	85.6	213.2	161.9	203.8	232	170.8	220.3	186.9	303.5	202.7	77.8	211.5	242.1	246.1	110.3	127.2	81.5	89.2	157.8	0	0	0	0
1700048O20Rik	28.3	73.9	105.2	26.1	53.6	111.2	117.9	71.5	321.4	8.2	32.2	33.1	44.7	58.7	35	60.7	36.3	91.7	78.5	62.8	276.9	233.3	11.4	4.5
Oaz1-ps	11.5	13.9	27.5	6.5	134.4	45.3	132.9	12.7	103.7	29.9	15.7	25.9	43.1	100.5	75.7	5.1	117.5	27.6	3.6	73.1	129.7	135.5	165.7	137.8
Rtn4r	0	4.4	0	0	0	0	0	1	15.4	2.7	2.2	5.4	5.6	2.9	2.9	1	2.4	13.1	0	3.8	11.1	13.3	127.5	119.7
Adamtsl5	156.4	92.2	71.3	239.1	140.9	107.1	38	14.7	87.3	29.9	66.6	0	0	46.2	33.5	11.1	0	0	0	1.3	0	0.8	6	0
Lysmd4	254.1	270	263.3	173.9	210.2	112.6	85.9	78.3	79.1	163.3	130.9	140.5	280.9	405.7	74.3	291.4	175.7	142.6	112.9	138.5	101.8	99.4	220.1	224.5
2900005J15Rik	485	371.7	273.9	397.7	396.1	101.6	176.8	261.4	104.7	42.2	225.1	153.9	220.3	147.5	110.7	54.6	134.5	296.9	294.9	179.6	14.3	11.7	10.7	0
Taf10	529.1	422.2	771.6	541.2	707.1	782.6	477.5	652.1	834.9	1002.9	676	1176.5	399	886.2	686	647.7	676	538.4	778.8	1181.2	564.2	553.6	1064.8	874.8
Zmym1	70.3	420.8	184.2	345.6	322.5	244.4	245.7	233	433.3	313	296.1	424.1	239.4	167.3	235.9	509	457.9	234.3	278.2	282.2	176.6	196.5	215.4	193.5
Kbtbd7	257.2	416.4	334.6	152.1	559.1	418.7	517.5	283.9	157.1	81.6	60.6	147.6	377.5	341.8	282.5	187.2	373.1	433.6	130.8	179.6	147.2	199.7	388.5	380.5
Slc36a4	121.8	187.3	122.1	119.5	128	260.9	162.8	102.8	108.8	99.3	126.4	52.8	97.4	24.2	99	81	127.2	135.3	98.7	14.1	327	292.8	469.7	784.2
S1pr2	180.6	185.9	233.7	388	168	118.1	332.6	220.3	279.3	236.8	403.8	511.8	322.4	412.3	288.4	225.7	145.4	171.7	34.5	71.8	74.8	52.5	470.4	607
Trp53bp1	1732.3	1713.1	1670.2	1805	1228.3	959.7	1157.8	1604.8	911.9	1434.3	1343.1	1408.3	1624.9	997.7	1449.1	1957.1	1423.5	1292.2	1827.4	1322.3	841.9	754	334.1	239.4
Ccdc60	157.5	115.6	117.2	159.7	5.7	87.9	52.9	59.7	0	20.4	17.9	0	6.4	19.1	0	17.2	0	0	9.5	1.3	0	0	0	0
Ccdc84	89.2	111.2	102.4	110.8	103	124.9	111.9	107.7	82.2	149.7	127.1	32.2	389.5	164.3	155.8	94.1	106.6	101.9	105.8	159	78	83.8	62.4	86.1
Klhl15	196.3	245.1	50.1	105.4	176.6	347.4	202.8	139	49.3	84.4	20.2	52.8	362.3	172.4	81.6	27.3	187.8	225.5	77.3	184.7	123.3	112.8	172.4	158.5
Gimap7	0	19.8	0	18.5	39.3	0	0	11.7	33.9	9.5	13.5	0	79.8	0	64.1	79.9	103	180.4	231.8	144.9	261.8	264.7	8.7	0
A530064D06Rik	0	0	0	0	0	0	0	6.9	0	0	0	0	0	0	0	0	0	0	0	1.3	81.2	83.8	5.4	14.2
Wdfy3	996.3	1052.3	1492.3	1963.7	914.5	1090.1	1271.7	1451.1	935.5	1755.4	1842.7	1423.5	648	365.3	971.4	1090.9	649.4	470	681.3	586.1	187	252.9	187.9	283.4
Ccrl2	112.3	141.2	131.3	14.1	125.1	153.8	45	153.7	113	54.4	120.4	114.5	223.5	132.8	35	156.9	27.9	132.4	57.1	35.9	57.3	68.1	45	60.8
Thrap3	4049.4	5687.4	6829.2	6235.6	5394.5	6257.8	6091.5	7788	5957	7162	8477.5	7248	5691	5879.7	6428.6	7785	5541.3	6805.7	7868.4	4869.8	1990.8	1898	960.2	1027.5
Orai3	457.8	546.6	713	503.1	1016.7	627.4	1182.7	452.4	715.7	447.7	655.1	280	580.2	550.9	828.7	379.5	465.2	713	443.5	454	1277.9	1231.7	1705	1588.6
Cep164	156.4	276.6	109.4	151.1	183	30.2	91.9	99.9	90.4	50.4	20.9	42.9	352.7	101.2	152.9	309.7	270.2	243	340	359.1	767.1	751.7	181.8	183.8
Pura	7353.4	8278	8925.1	9727.2	6287.5	6492.6	6342.3	6895.1	5058.4	5633.8	4830.3	3745.2	3963.2	4410.3	4947.5	4244.1	4868.9	6623.8	5173.1	3344.8	403.4	411.9	253.6	202.5
2900052L18Rik	409.5	414.2	189.9	280.4	330.3	104.3	57.9	145.9	332.7	149.7	219.9	85	122.1	304.4	138.4	156.9	146.6	36.4	214	121.8	9.5	5.5	2	3.9
Mgat2	776.9	1236	1221.3	1275.8	991.7	908.9	1300.6	1597.9	1559.8	1437	968.5	1321.5	1204.3	1389.4	1192.8	1189	1204.2	1066.6	1303.1	1172.2	2462.7	2461.8	8125.5	7824.4
Adgrd1	488.2	344.7	442.6	451	103.7	135.9	471.5	237.9	45.2	27.2	157	203.1	104.5	87.3	100.5	155.8	166	122.2	214	96.2	4	7.8	19.5	8.4
Mrpl50	884	597.1	942.4	508.6	1015.3	829.3	944	725.5	1040.2	1122.7	672.3	742.6	600.1	969.1	846.2	875.3	816.5	653.4	588.5	929.8	482.2	509	1143.3	942.1
Rell2	93.4	30.7	115.1	89.1	88.7	37.1	248.7	114.6	44.2	85.7	65.1	85.9	104.5	12.5	27.7	110.3	29.1	23.3	71.3	38.5	13.5	18.8	14.8	10.4
Slc35g1	170.1	200.5	275.3	155.4	190.9	104.3	309.7	287.9	333.7	250.4	125.6	75.2	213.1	88	179.1	112.3	161.1	84.4	174.8	250.1	193.4	136.2	550.2	451
Irf2bp1	1560.1	1618	1557.3	1469.2	1517.9	1544.6	1349.6	1448.1	904.7	1563.6	1567.5	1843.1	1622.5	1489.2	1351.6	1243.7	1187.2	1108.8	1674	1105.5	1367.8	1364	1176.2	1346.6
Ccdc141	94.5	173.4	112.9	56.5	22.2	63.2	62.9	49.9	0	2.7	9	23.3	66.2	0.7	20.4	24.3	3.6	0	0	16.7	5.6	4.7	0	0
Als2cl	383.2	332.2	322.6	341.2	329.6	237.5	297.7	246.7	136.6	156.5	130.1	222.8	138.1	30.1	104.9	171	241.1	513.7	165.3	363	39	40.7	26.8	0
A830010M20Rik	123.9	80.5	106.6	161.9	66.5	163.4	39	110.6	113	92.5	100.2	54.6	107.7	62.4	62.6	77.9	126	0	140.3	53.9	31	54.8	1.3	14.9
Cep68	870.4	802.8	504.7	474.9	1075.3	799	347.6	694.2	584.3	532.1	640.2	672.8	969.6	473.2	665.6	745.8	965.5	1222.3	714.6	831.1	1265.2	1292	721.3	952.5
Zrsr1	393.7	677.6	534.4	671.6	322.5	384.4	165.8	161.6	246.5	152.4	136.1	110	234.6	465.1	123.8	271.2	288.3	263.4	250.9	171.9	16.7	22.7	5.4	3.2
Eml6	260.4	125.9	54.4	105.4	101.5	22	91.9	72.5	142.7	112.9	93.5	9.8	0.8	118.8	51	69.8	92.1	141.1	48.7	91.1	28.6	24.3	7.4	16.2
S100a1	649.9	616.2	819.6	1204.1	970.2	720.8	637.3	756.9	517.6	763.4	1247.4	1192.6	348.8	348.5	495.2	608.2	209.6	203.7	283	255.2	58.9	60.3	562.3	535.8
C130050O18Rik	0	35.1	100.9	1.1	17.2	0	0	0	0	0	0	0	70.2	0	24.8	0	80	0	1.2	18	24.7	25.8	78.5	93.2
Rsbn1	1591.6	1369.9	2071.2	1640.9	1081	893.8	1400.5	1090.8	984.8	1094.1	956.5	827.6	1353.5	1583.8	937.9	1114.2	827.4	1302.4	1295.9	988.8	350.1	326.5	664.9	689.8
Fam109a	47.2	68.1	58.6	66.3	29.3	19.2	6	45	80.1	0	10.5	18.8	123.7	0	65.5	35.4	43.6	20.4	88	18	95.5	114.3	98	170.8
1810024B03Rik	221.5	198.3	434.1	238	162.3	120.8	180.8	199.7	223.9	132	477.1	55.5	296.9	89.5	208.3	259.1	255.6	270.7	253.2	127	33.4	20.4	18.8	17.5
Arf6	1719.7	1570.4	1754.2	1857.2	1382.8	1452.6	1821.1	2023.9	2324.9	2410	2006.5	2202.8	2414.1	1849.4	2261.8	1979.4	2071.6	2130.3	2338.7	2134.1	3478	3141.4	3195.9	3347.9
1810030O07Rik	898.7	892.8	914.9	1325.8	870.8	716.7	882.1	1050.6	882.1	831.5	1075.4	1147.9	1138.8	900.8	1122.9	1228.5	718.4	707.2	1247.2	1100.4	845.8	848	1282.2	1569.8
Nkrf	191.1	79	168	170.6	165.9	96.1	208.8	134.1	483.7	215	119.7	39.4	222.7	354.3	87.4	150.8	146.6	193.5	167.6	278.3	25.5	28.2	22.8	44.6
A830080D01Rik	554.3	674	342.4	723.8	1087.5	760.6	380.6	587.5	712.7	563.4	533.2	281.8	738.2	1095.2	1026.8	599.1	1129.1	555.9	467.3	379.6	335.8	279.5	316	256.2
Lsm8	1786.9	1771.7	2007	1498.6	2614.7	2375.2	3124.7	2327.4	2999.5	3568	1427.6	1347.4	2620.8	2441.4	2925.9	1873.1	2355.1	2382.1	2128.2	2126.4	921.4	996	990.4	977.1
Tnip3	487.1	785.2	672.8	837.9	650.6	523.1	79.9	272.2	221.8	255.8	77.8	57.3	154.8	30.1	87.4	118.4	631.2	644.6	348.4	214.2	22.3	13.3	0	5.2
Foxo1	506	501.3	482.9	439	263.8	304.8	329.7	258.5	325.5	342.9	233.3	348.9	197.9	93.9	270.9	243.9	197.5	320.1	154.6	320.6	1797.5	1764.1	138.2	80.2
Gpr146	189	216.6	255.5	235.8	74.4	124.9	253.7	255.6	131.4	164.7	389.6	286.3	170	156.3	138.4	162.9	327.1	104.8	153.4	256.5	463.1	538.7	218.7	177.9
S1pr4	722.3	886.2	769.5	1021.5	348.9	598.6	761.2	548.3	484.7	462.7	738.1	587.8	342.4	477.6	396.1	628.4	460.4	622.8	482.7	475.8	428.1	374.3	105.3	89.3
Cdc25c	30.4	4.4	32.5	0	128.7	60.4	96.9	60.7	193.1	53.1	246	90.4	0.8	118.8	24.8	42.5	103	45.1	44	143.6	381.1	454.9	179.8	180.5
Nkx2-3	1119.2	803.5	740.5	749.8	358.2	346	602.4	368.2	90.4	167.4	116.7	195.9	97.4	99	167.5	268.2	237.4	472.9	590.9	224.4	13.5	14.1	0	0
Grsf1	680.3	959.4	1124.6	1186.7	838	870.4	1094.8	1129.9	924.2	862.8	1199.5	1200.7	857.1	842.2	927.7	1410.7	571.8	934.2	1238.9	1663.4	1148.2	1150.2	1696.2	1940.6
Dnajc21	643.6	927.2	725	705.3	994.5	893.8	468.5	969.3	1170.7	1288.7	1130	1208.7	1243.4	645.6	1073.4	753.9	946.2	985.1	939.3	995.2	893.6	867.6	287.8	295.1
Nxpe4	0	25.6	40.2	0	21.4	0	44	0	0	0	0	0	0	0	2.9	0	0	123.7	5.9	2.6	37.4	44.6	67.8	64.7
Nhlrc1	71.4	166.1	104.5	101.1	82.9	26.1	112.9	98.9	1	115.7	79.3	180.7	73.4	107.8	52.4	66.8	162.3	10.2	71.3	92.3	43.8	56.4	137.6	124.2
Pced1b	47.2	104.6	81.2	56.5	37.9	112.6	66.9	49.9	28.8	12.2	54.6	51.9	138.1	115.9	30.6	52.6	32.7	75.7	71.3	62.8	78	81.4	69.8	38.8
Osbpl1a	1330.2	1308.4	1757.8	2086.5	1338.4	1743.6	1416.5	1565.6	1925.4	1736.4	1560.7	2255.5	1112.5	1236.1	1626.8	1922.7	1710.6	1495.9	1663.3	1305.6	368.4	407.2	200	276.3
Ctla2a	5288.3	7293	6679.5	9233.8	8999.4	9396.4	9781.6	9731.6	7181	8754.1	13118.6	20257	12153.7	5708.7	8687.5	13366.9	6972.1	6856.7	11681.4	5028.8	163.9	165.2	35.6	36.9
Gm4895	201.6	97.3	54.4	35.9	20	27.5	29	21.5	52.4	25.9	79.3	103.8	73.4	38.9	42.2	57.7	24.2	30.6	19	39.8	0.8	1.6	1.3	7.1
Ubr3	992.1	1137.9	861.2	706.4	802.9	1077.8	566.4	782.3	742.4	719.9	808.4	790.9	918.6	755.6	633.5	704.3	583.9	660.6	747.8	447.6	519.6	603.7	263.7	254.3
Trp53i13	69.3	122.2	178.6	173.9	180.2	92	162.8	125.3	48.3	130.6	134.6	32.2	31.1	89.5	134	143.7	61.8	99	124.8	221.9	592	647.5	151	181.2
Alkbh2	53.5	192.5	81.9	114.1	27.2	52.2	13	85.2	52.4	78.9	37.4	37.6	90.2	107.8	53.9	84	112.7	94.6	35.7	41	79.6	72.8	98.6	107.4
Phlpp1	63	178.6	270.4	515.1	57.9	159.3	97.9	145.9	256.7	219.1	162.3	125.3	118.1	83.6	192.2	211.5	258	248.8	183.1	261.6	212.5	297.5	20.8	11
Marveld1	730.7	676.9	650.2	614	542.7	370.7	299.7	564	349.1	164.7	305.1	361.5	600.9	228.9	332.1	388.6	244.7	346.3	204.5	429.6	165.5	169.9	828	662
Slc25a53	226.8	133.2	290.1	167.4	80.8	362.5	225.8	190	207.4	112.9	73.3	179.8	205.1	127.6	221.4	151.8	245.9	176.1	329.3	192.4	639.7	580.2	59.7	67.3
Lacc1	129.1	170.5	151.1	73.9	256	61.8	197.8	133.2	77	191.9	58.3	26.8	140.5	128.4	151.5	122.4	213.2	259	48.7	161.6	214	207.5	179.2	161.8
Slc16a13	176.4	110.5	193.4	60.9	30	104.3	139.9	66.6	12.3	85.7	133.1	154.8	5.6	73.4	29.1	101.2	81.2	84.4	34.5	98.8	197.3	201.2	301.3	174.7
Dsg2	97.6	129.5	157.4	299.9	82.2	38.4	115.9	136.1	0	27.2	0	0	25.5	0	0	0	52.1	37.8	0	20.5	0	0	7.4	18.8
Sptssa	2726.6	2332.9	2311.2	1964.8	2713.3	2909.2	2324.5	1668.4	3199.8	2102.5	1011.8	647.8	2531.5	2695.2	1921	1108.1	3364.3	3301.7	1922.5	2631.7	2081.6	2140.7	3358.2	2944.8
Camsap3	76.6	105.4	168	108.7	120.1	96.1	38	109.7	0	21.8	27.7	0	30.3	51.4	144.2	35.4	23	2.9	48.7	43.6	27.8	28.2	3.4	14.2
N6amt1	755.9	632.3	577.5	386.9	234.5	377.6	621.3	446.5	234.1	488.5	302.1	238.9	449.3	358.7	569.5	308.6	431.3	291	373.3	475.8	204.5	233.3	141.6	137.8
Dock5	472.5	357.1	200.5	306.5	456.9	343.2	577.4	529.7	421	425.9	448.7	424.1	425.4	581.7	369.9	551.5	239.9	388.5	351.9	455.3	97.9	79.9	235.5	362.4
Zfp507	487.1	752.3	473.7	296.7	329.6	617.8	394.6	294.7	710.6	231.3	439	227.3	252.2	267.8	441.3	450.3	336.8	334.7	337.7	207.8	261	202.8	204.6	155.9
Rin3	127	199	127.8	195.6	258.8	262.2	104.9	227.2	302.9	108.9	299.9	340.9	205.1	291.2	101.9	331.9	181.7	68.4	212.8	205.2	1142.6	1251.2	2539	2335.9
Shisa2	0	0	7.1	0	0	0	0	10.8	1	0	0	0	0	0	24.8	8.1	0	0	13.1	15.4	48.5	31.3	57	119.1
Fam160a2	359.1	387.8	588.7	803.1	239.5	562.9	294.7	401.4	439.5	137.4	190	291.7	102.2	207.6	256.3	297.5	351.3	379.8	411.4	237.3	267.4	273.3	539.5	506.7
Fam46c	79.8	155.1	153.9	146.7	32.2	15.1	0	62.7	71.9	59.9	6.7	76	0	0	61.2	9.1	0	74.2	15.5	120.6	322.3	375.1	69.8	151.4
Ascc1	166.9	380.5	435.6	407.5	448.3	326.8	429.5	310.4	333.7	443.6	409.8	535	328.8	418.9	355.4	699.3	151.4	394.3	456.6	404	474.2	440	532.8	495
Zfand3	811.6	1089.6	855.6	664	622.7	763.4	660.3	747.1	248.5	771.6	498.8	512.7	721.5	462.2	503.9	527.2	403.4	475.8	371	602.8	125.7	122.1	80.5	40.8
2510039O18Rik	1094	524.7	840.1	871.5	637.8	621.9	763.2	843	1042.3	968.9	1142	716.7	687.9	731.4	872.4	1321.6	909.8	1047.7	909.5	1124.8	1900.1	1914.4	2781.9	2691.2
Zfp758	42	43.2	173	59.8	55.1	135.9	207.8	63.6	18.5	61.2	77.8	172.7	63	91	88.8	137.6	81.2	103.3	86.8	102.6	121.7	126.8	191.9	100.3
Bod1	700.3	733.2	1022.9	794.4	707.8	418.7	808.1	890	613.1	738.9	834.6	1074.5	596.2	647	978.7	822.7	734.2	928.4	966.6	593.8	314.3	311.6	271.1	273.1
Rps2	11279	11693.2	12898.1	11312.7	14085.7	14846.9	15936.1	12330.3	17089.4	15226.1	14022	15875.6	14546.3	16174	15639	11616.2	16252	15641.4	14171	18259.4	1505.5	1511.2	2468.5	2326.9
Tceal3	81.9	76.1	122.8	77.2	0.7	48.1	77.9	22.5	0	2.7	48.6	0.9	0	0	0	0	0	0	29.7	0	0.8	0	0	0
9930012K11Rik	154.3	259.8	196.2	98.9	282.4	156.5	512.5	231.1	115	17.7	222.1	130.6	129.3	110.8	183.5	87	196.3	110.6	166.5	159	95.5	95.5	95.3	43.4
Acp1	1057.2	832.8	1687.9	1527.9	844.4	1327.6	1805.1	1183.8	1391.4	1432.9	1792.6	1978.2	974.4	1075.4	1960.3	1478.5	1091.5	1522.1	1537.3	1671.1	264.2	249.8	352.9	345.5
Tlr7	0	0	0	0	0	0	0	0	0	0	0	0	0	28.6	0	16.2	287.1	75.7	159.3	234.7	755.9	725.1	26.8	9.1
Smim7	787.4	951.3	825.9	681.4	962.4	661.8	561.4	482.7	1195.3	534.8	622.2	817.8	545.1	738.7	643.7	645.6	695.4	592.2	661.1	713.1	1175.3	1248.1	1234.6	1192.6
Swi5	894.5	704	858.4	1076.9	1287.7	1053	798.2	819.5	1114.2	1128.1	1649.7	1572.9	924.2	1443.7	849.1	2097.8	972.8	688.3	1229.4	1221	1904.9	1984.1	2302.8	2111.4
Rnf208	210	122.2	264.7	204.3	137.3	6.9	153.8	110.6	11.3	39.5	26.2	30.4	86.2	23.5	32	88	0	16	10.7	44.9	0.8	1.6	1.3	6.5
Cnrip1	547	681.3	559.8	687.9	259.5	512.1	429.5	248.7	114	183.7	296.9	183.4	289.7	305.9	438.4	446.3	576.7	631.5	539.8	492.5	137.7	112.8	7.4	9.7
Csrnp2	11.5	25.6	19.1	29.3	29.3	27.5	33	41.1	21.6	24.5	25.4	7.2	122.9	2.2	8.7	39.5	26.7	36.4	17.8	12.8	99.5	115.1	93.9	93.2
Tmem201	330.7	392.2	381.2	455.3	591.3	564.3	325.7	630.6	660.3	439.5	459.9	140.5	636.1	541.4	403.4	441.2	484.6	259	437.5	468.1	852.2	805.7	618	718.9
Palb2	244.6	114.9	101.7	88	165.2	352.8	158.8	178.2	331.7	148.3	298.4	249.6	243.4	298.6	257.8	124.5	203.5	196.4	288.9	146.2	156	179.3	258.3	217.4
Ccnjl	59.8	125.9	130.6	148.9	85.8	153.8	124.9	119.5	53.4	68	23.2	42.9	35.9	33.7	53.9	26.3	40	40.7	35.7	57.7	46.9	47	16.8	15.5
Gemin7	287.7	289.1	280.3	288	71.5	403.6	186.8	294.7	221.8	174.2	417.3	289	135.7	190	131.1	335	281.1	139.7	322.2	241.1	687.5	671	711.9	624.4
Slc38a6	72.4	66.6	154.6	75	164.4	71.4	142.8	68.5	0	145.6	124.1	93	63.8	142.3	53.9	145.7	72.7	253.2	111.8	75.7	23.1	23.5	8.1	13.6
Gskip	305.5	380.5	435.6	269.5	424	278.7	285.7	397.5	187.9	299.4	418.8	322.1	405.4	283.9	349.5	230.7	311.3	359.4	229.5	183.4	265.8	300.7	505.2	399.2
9930104L06Rik	192.1	199.8	121.4	92.4	213.8	233.4	288.7	142	47.2	197.3	216.9	21.5	53.5	80.7	138.4	92.1	52.1	195	166.5	41	142.4	115.9	40.9	69.2
Serpinb1a	285.6	224.7	379.1	204.3	714.3	913	939	896.9	1187.1	1162.1	1100.1	1482.5	2006.3	2803.8	2145.3	2519.8	2361.2	2182.7	2400.5	2624.1	1606.5	1644.3	8519.4	8366
Trmt10c	633.1	387.1	362.9	436.9	584.1	363.8	477.5	337.8	430.3	349.7	221.4	391.9	374.3	254.6	441.3	267.2	407.1	410.4	229.5	357.8	442.4	406.4	785.7	723.4
D1Ertd622e	256.2	178.6	268.3	42.4	124.4	112.6	345.6	264.4	292.7	298	133.9	214.7	249	451.9	378.7	116.4	109	245.9	324.6	309.1	596.8	581	802.5	1226.2
Scml4	306.6	363.7	246.4	322.8	119.4	193.6	273.7	268.3	78	130.6	193.7	97.5	138.9	154.1	139.8	138.6	157.5	305.6	190.2	107.7	165.5	80.6	0	1.9
Hjurp	1095	1304.8	1865.1	2160.4	2822.7	3393.9	2826	3020.6	4245.1	3708.2	5878.8	3854.4	2849.9	2972.5	2880.8	4013.4	3884	3857.6	4407.4	2566.3	4337.4	4291.6	2509.5	2391.6
Zfp36	583.7	875.2	572.5	321.7	432.6	281.5	390.6	400.5	159.2	336.1	31.4	34.9	762.2	231.8	224.3	142.7	369.5	419.1	130.8	433.5	14850.2	15212.2	247.6	315.8
Setd2	1396.4	2481.5	2056.4	2258.2	2009.1	2237.9	1634.3	1615.6	2305.4	1616.6	2046.8	1826.1	2525.9	2151.6	1674.9	1769.9	2610.7	2159.4	2163.9	1736.5	1017.7	1033.6	424.7	366.9
Isca1	952.2	984.3	1328.6	1094.3	935.2	947.3	1284.6	895.9	950.9	1013.8	1186.1	833.9	761.4	802.5	629.2	501.9	447	468.6	619.4	634.9	244.3	256	411.3	441.9
Zfp354c	51.4	256.9	132.7	198.9	115.1	177.1	65.9	142	180.7	46.3	57.6	255.9	96.6	89.5	21.8	77.9	129.6	39.3	42.8	132.1	46.2	61.1	89.2	12.3
Shb	179.5	87.8	174.4	265.2	219.5	118.1	118.9	131.2	252.6	54.4	29.2	59.1	31.1	5.1	35	81	69.1	68.4	136.7	46.2	66	89.3	18.8	7.1
Tlr1	0	0	0	0	0	0	0	3.9	31.8	0	0	0.9	0	0	0	0	0	0	35.7	9	46.9	35.2	127.5	80.2
Lsm11	287.7	460.3	358.6	369.5	555.5	477.8	216.8	654.1	520.6	684.5	649.9	639.7	355.9	465.1	300	396.7	426.4	809.1	399.5	496.3	166.3	234.9	402.6	284.1
Lemd2	327.6	420	487.1	495.5	253.1	258.1	425.5	481.7	266	313	274.5	722.9	274.5	204.7	263.6	351.1	292	382.7	617.1	488.6	981.1	1047.7	854.8	806.9
Ankrd50	326.5	168.3	423.6	322.8	81.5	146.9	263.7	251.6	222.8	257.2	98.7	256.8	177.2	192.9	231.6	205.4	290.8	55.3	233	284.7	229.2	235.7	18.1	80.9
Gimap1os	285.6	356.4	211.1	241.3	125.8	232	68.9	352.5	76	38.1	78.5	24.2	276.1	141.6	49.5	116.4	100.6	0	26.2	114.1	24.7	26.6	0	0
Zfp444	333.9	327.1	217.4	204.3	197.3	116.7	273.7	109.7	156.1	104.8	203.4	257.7	204.3	2.9	195.2	202.4	250.8	253.2	291.3	203.9	726.5	739.9	662.3	682
Coa4	98.7	83.4	73.4	95.6	18.6	57.7	149.8	90.1	106.8	95.3	109.9	263.9	15.2	29.3	147.1	196.3	44.8	87.3	96.3	84.6	92.3	101	126.8	135.9
Uqcrq	846.2	862.8	1007.4	855.2	1288.4	1351	1601.3	1316.9	1632.7	1537.7	2120.9	2459.5	1372.7	1614.6	1577.3	1948	1322.9	1129.2	1224.6	2091.8	1089.3	1037.5	1542.6	1470.1
4930503L19Rik	152.2	202	99.5	129.3	165.2	168.9	103.9	85.2	170.5	117	120.4	272	104.5	118.1	206.8	144.7	156.3	192.1	136.7	134.7	169.5	191.8	110	117.1
H1fx	334.9	338.1	783.6	768.3	862.3	668.6	688.3	1029.1	894.4	1102.3	1806.8	2101.7	584.2	724	512.7	915.8	334.4	442.4	482.7	378.3	77.2	65.8	40.9	36.2
Zfp367	705.5	565.7	1068.8	781.3	1314.1	1309.8	1661.2	1496.1	1094.7	1628.9	1275.8	1050.4	1359.1	1464.2	1380.7	1626.2	1187.2	1651.6	1260.3	1419.8	1004.2	963.1	804.5	671
Cfap43	484	224.7	218.1	204.3	217.4	197.7	224.8	165.5	149.9	176.9	391.1	419.6	175.6	203.9	199.5	199.4	387.7	269.2	211.6	159	1375	1374.2	842.1	929.8
Pwwp2a	490.3	1048.6	471.6	504.2	647.8	764.7	565.4	864.6	919.1	930.8	462.9	483.1	833.2	660.2	651	562.6	1063.7	606.8	825.1	472	508.5	509.7	425.4	330.7
Napepld	72.4	114.2	117.2	27.2	92.9	27.5	31	59.7	24.6	38.1	44.1	46.5	0	32.3	20.4	30.4	115.1	0	69	69.3	36.6	36.8	130.8	165
Sft2d3	283.5	329.3	401	487.9	431.8	302	177.8	493.5	407.7	357.9	429.3	276.5	431	699.8	407.8	496.9	522.1	248.8	363.8	407.8	257	213	167.1	232.9
Tst	35.7	57.1	38.1	5.4	29.3	8.2	15	25.5	3.1	28.6	10.5	7.2	22.3	49.2	18.9	36.4	9.7	37.8	46.4	39.8	66.8	44.6	120.8	145.6
1110034G24Rik	9.4	53.4	56.5	57.6	12.2	122.2	11	25.5	32.9	98	58.3	25.1	137.3	107.1	58.3	53.6	84.8	129.5	45.2	61.6	68.4	71.3	84.5	69.9
Fzd5	200.5	246.6	95.3	83.7	118	94.7	44	79.3	10.3	32.7	23.9	17.9	106.1	122.5	53.9	58.7	33.9	149.9	115.3	84.6	7.2	17.2	0	3.2
Prrt3	0	0	0	0	0	0	0	0	0	0	0	0	0	0	0	0	0	0	0	0	89.1	99.4	0	2.6
Cetn4	55.6	103.2	88.9	125	76.5	54.9	143.8	59.7	0	8.2	38.1	0	35.1	120.3	17.5	16.2	92.1	36.4	34.5	55.1	9.5	7	6.7	3.9
Prkce	885.1	1005.5	1628.6	1698.5	971.7	995.4	1496.4	1547	1142.9	1056	1331.9	1404.7	802.9	622.1	853.5	849	812.9	1068.1	1301.9	695.1	233.9	227.9	16.1	13.6
Megf8	266.7	250.3	297.9	470.5	327.5	203.2	202.8	233	355.3	308.9	376.9	212	226.7	194.4	119.4	260.1	164.8	285.2	130.8	137.2	33.4	30.5	47.6	64.1
Lrfn4	47.2	39.5	39.5	43.5	239.5	96.1	15	93	49.3	102.1	25.4	116.3	82.2	250.2	58.3	59.7	72.7	21.8	72.5	53.9	124.9	114.3	149	166.9
E130308A19Rik	375.9	557.6	437.7	886.8	465.4	196.3	291.7	622.7	450.8	504.9	141.3	223.7	394.2	323.5	442.8	284.4	592.4	548.6	330.5	256.5	385.9	343.7	285.2	201.9
Rnf216	812.6	1457	1030	1429	1258.4	958.3	709.2	936.1	678.8	838.3	1319.2	840.1	769.3	999.9	859.3	830.8	861.4	1330	1280.5	1249.2	1055.9	1109.5	825.3	737
S1pr1	552.2	656.4	422.9	338	393.2	377.6	431.5	340.7	415.9	549.8	560.9	347.1	609.7	327.2	240.3	339	227.8	18.9	130.8	175.7	584	498	22.8	36.2
Suv420h1	1028.9	1214	1155.6	830.2	998.1	527.2	899	659	803	428.7	585.6	369.5	1008.8	772.5	702	547.5	576.7	905.1	602.8	504	701	671.8	415.3	358.5
Slc25a26	97.6	74.6	76.9	41.3	145.9	16.5	167.8	128.3	9.2	102.1	58.3	0	28.7	124.7	39.3	40.5	49.7	37.8	66.6	26.9	77.2	91.6	131.5	128.8
Dmd	121.8	27.8	102.4	176	78.6	127.7	247.7	69.5	23.6	107.5	40.4	241.6	47.9	53.6	14.6	0	40	0	39.2	33.3	16.7	21.1	8.1	7.8
Ccdc73	253	101.7	462.4	323.8	68.6	130.4	74.9	225.2	220.8	291.2	305.1	387.4	2.4	16.9	150	51.6	87.2	154.2	271.1	52.6	8.8	10.2	11.4	14.2
Saysd1	223.6	264.9	245	251	406.1	255.4	14	153.7	230	202.8	138.4	64.4	89.4	130.6	64.1	92.1	119.9	72.8	218.8	179.6	160.7	167.6	117.4	120.4
Rpl18a	15678	12167.4	15781.2	16934.3	13309.3	12824.6	13961.2	13456.3	12659.5	14612.4	17566.8	20114.7	13117.8	13148	13621.9	17210.3	15356.7	16389.4	19442.8	23429.2	1137.1	1168.2	1382.2	1219.1
Pigw	105	192.5	155.3	154.3	185.2	159.3	141.8	203.7	158.1	126.6	156.3	202.2	168.4	108.6	212.6	148.8	220.5	100.4	206.9	111.6	42.2	49.3	100	104.8
Bola3	339.1	403.2	479.3	499.9	379.7	465.4	546.4	587.5	625.4	609.6	480.9	705	490	330.1	598.6	431.1	529.4	793.1	505.3	675.9	389.9	374.3	571.7	516.4
AI467606	1331.3	1539.7	1584.1	1573.6	1226.2	1204.1	1408.5	1119.2	1249.7	1009.7	1113.5	1594.4	1586.6	1145.9	968.5	1046.4	1224.8	1559.9	1305.5	1077.3	1922.4	1957.5	1368.1	1273.4
Borcs6	156.4	130.3	72	103.2	146.6	11	51.9	62.7	52.4	58.5	121.9	46.5	88.6	38.1	48.1	87	77.5	80	168.8	59	58.9	67.3	79.2	102.2
Cirbp	1730.2	1085.2	1063.8	779.2	527.7	1405.9	791.2	519.9	562.7	466.8	471.9	739.9	676	584.7	434	459.4	901.3	576.2	417.3	781.1	2625.8	2691.2	388.5	394.7
Dpy19l4	295	490.3	570.4	291.2	263.1	300.7	374.6	295.7	436.4	528	569.1	311.4	506	471	425.3	470.6	548.8	599.5	432.8	238.6	159.9	127.6	201.3	145.6
Vcpip1	1090.8	1327.5	1198	1188.9	1001	1245.3	941	1044.7	1021.8	993.4	1192.8	1310.7	1506.7	1161.3	1115.6	1022.1	1227.2	1209.2	1079.6	742.6	763.9	733.7	889.7	960.3
Nudt18	234.1	161	201.2	61.9	123	105.7	160.8	113.6	177.7	129.3	70.3	188.8	79	103.4	4.4	34.4	40	168.8	39.2	39.8	320.7	374.3	498.5	403.1
Hs6st1	178.5	226.9	194.1	63	18.6	105.7	131.9	174.3	127.3	194.6	98	64.4	209.9	79.2	104.9	151.8	206	142.6	129.6	252.7	712.9	617.8	294.6	239.4
1110012L19Rik	114.4	120	117.2	104.3	72.9	92	84.9	56.8	143.8	36.7	39.6	226.4	0.8	108.6	13.1	180.1	60.6	179	99.9	96.2	107.4	115.9	189.2	163.7
Med26	150.1	108.3	292.3	232.6	75.8	87.9	281.7	189	390.2	171.5	177.2	153	170.8	225.2	168.9	128.5	76.3	144.1	202.1	157.8	452	539.5	434.1	465.9
Zfp688	156.4	109.8	180.7	143.4	215.9	124.9	336.6	118.5	167.4	148.3	295.4	186.1	179.6	27.9	187.9	90.1	71.5	132.4	154.6	262.9	184.6	200.4	128.2	113.9
Zfp574	100.8	311.7	341	208.6	135.8	207.3	176.8	261.4	179.7	182.3	272.2	286.3	128.5	241.3	176.2	152.8	229	171.7	210.4	338.6	857.8	897.3	925.9	754.5
Morn2	30.4	28.5	20.5	145.6	7.9	86.5	49.9	16.6	64.7	23.1	21.7	113.6	31.9	66.8	24.8	49.6	155.1	48	73.7	179.6	78.8	85.3	65.1	42.1
Cenph	304.5	311	425	559.7	1081	1117.6	1143.8	1165.2	1920.3	1758.2	2764	2199.2	1351.1	1449.6	1910.8	1546.3	1530.1	1509	1853.6	1731.4	493.3	494.1	412	430.3
Tmem86b	96.6	28.5	87.5	48.9	82.2	85.1	113.9	105.7	98.6	147	134.6	39.4	122.1	135.7	122.3	231.7	208.4	195	101.1	87.2	91.5	87.7	44.3	37.5
Dcaf12l1	616.3	987.2	657.2	612.9	678.5	513.5	348.6	468	304	303.5	252	70.7	283.3	104.9	324.8	154.8	394.9	535.5	243.7	210.3	36.6	46.2	0	0
Rtn4rl1	0	0	1.4	0	0	0	0	0	0	31.3	0	0	27.1	0	8.7	0	0	0	0	3.8	782.2	728.2	23.5	0
Insig1	349.6	428.1	142.6	207.6	287.4	396.8	331.6	277.1	169.4	250.4	42.6	154.8	79.8	96.1	163.1	116.4	224.1	206.6	102.2	139.8	710.6	672.6	464.3	463.3
Preb	1027.8	579.6	633.9	681.4	842.2	466.8	415.6	561	698.3	419.1	781.5	846.4	657.6	583.2	527.2	754.9	748.7	624.3	636.1	902.9	1102.8	1111.1	1923	1893.3
Lhfpl2	217.3	160.3	158.1	172.8	556.3	616.4	334.6	413.2	906.7	743	564.6	857.1	789.3	169.5	305.8	421	242.3	104.8	233	211.6	60.5	51.7	428.8	288.6
Fahd1	333.9	430.3	409.4	231.5	225.9	282.8	247.7	296.7	369.7	372.9	303.6	475.1	262.6	186.3	467.5	384.5	233.8	221.2	274.6	350.1	97.9	107.3	199.3	142.4
Cenpe	444.1	297.8	391.1	629.2	1444.3	1187.6	999.9	1159.3	2301.3	1728.2	2861.2	2951.6	850.7	2128.9	1166.6	1525	2168.5	2302	2205.5	1250.5	1046.3	1154.9	253	223.9
Sh2d5	89.2	214.4	123.5	155.4	545.5	249.9	333.6	448.4	641.8	581.1	390.4	721.1	1142	660.2	731.1	917.8	1691.2	1586.1	1839.3	1689.1	1342.3	1424.3	889	850.3
Tnfrsf26	170.1	167.6	249.9	314.1	182.3	237.5	227.8	220.3	59.6	91.2	26.9	339.1	359.1	153.3	160.2	420	392.5	590.8	613.5	323.2	146.4	159.7	352.9	315.8
Wdr81	157.5	255.4	161	159.7	231.7	196.3	137.9	63.6	216.7	172.8	44.9	65.3	174	88.8	145.6	176.1	143	160.1	263.9	157.8	756.7	779.9	233.5	265.3
Cxcr4	464.1	308.8	625.5	680.3	559.1	583.5	438.5	414.2	479.6	465.4	450.9	628.1	578.6	987.4	873.9	770.1	851.7	909.5	990.4	1201.7	403.4	365.7	491.8	459.4
Epcam	0	21.2	13.4	5.4	0	1.4	0	12.7	0	0	0	0	0	0.7	0	4	0	69.8	1.2	7.7	100.3	74.4	0	0
Trim39	384.3	280.3	391.8	391.2	166.6	278.7	322.7	289.8	180.7	249	338.8	452.7	185.9	347.7	333.5	501.9	345.3	288.1	411.4	289.9	202.1	185.6	117.4	87.4
Akr1e1	410.5	338.1	503.3	482.5	306.7	613.7	367.6	471.9	201.3	495.3	280.4	527	452.5	162.1	386	676	351.3	245.9	258	473.3	253	283.4	490.5	414.8
2410002F23Rik	1031	1033.3	670.6	764	1212.6	676.9	1036.9	845	584.3	541.6	795.7	662.1	1014.3	614.7	806.9	906.7	940.1	496.2	1041.5	811.8	683.5	725.1	420.7	403.8
1190002N15Rik	386.4	395.2	586.6	509.7	603.4	543.7	583.4	666.8	899.6	856	584.8	733.7	599.3	300	559.3	578.8	445.8	359.4	449.4	529.7	607.1	646.8	566.3	480.8
Hnrnph2	341.2	338.1	396	316.2	330.3	406.4	854.1	496.4	710.6	258.6	314.1	51.9	543.5	656.6	461.7	219.6	453.1	340.5	451.8	184.7	1455.3	1440.7	1579.5	1488.9
Tmem60	442	583.2	556.3	529.2	863	440.7	448.5	709.9	350.2	681.8	646.9	373.1	983.2	537	773.4	466.5	462.8	842.5	589.7	472	240.3	248.2	365	244.6
Cox19	176.4	243.7	288	296.7	252.4	81	341.6	283.9	207.4	434.1	206.4	233.5	391.9	176.8	174.8	204.4	170.8	181.9	323.4	210.3	337.4	324.2	447.5	408.9
Gprin3	1	7.3	1.4	16.3	0	0	52.9	40.1	0	0	17.9	0	31.9	26.4	1.5	19.2	54.5	117.9	78.5	20.5	109	135.5	12.1	30.4
2810002D19Rik	135.4	44.6	112.2	178.2	116.5	156.5	189.8	85.2	0	73.5	93.5	3.6	35.9	89.5	36.4	28.3	70.3	113.5	63	139.8	82	79.1	73.1	120.4
Zfp956	203.7	200.5	221.7	77.2	107.2	101.6	58.9	136.1	116	122.5	205.7	165.5	111.7	146	294.2	268.2	244.7	283.8	126	156.5	176.6	209.8	120.8	122.3
Trrap	599.5	889.1	516	340.1	534.1	545.1	464.5	483.7	402.5	498.1	225.8	257.7	604.1	449.7	463.1	399.7	756	462.7	473.2	577.1	822.8	871.5	614.6	576.5
Sys1	703.4	690.8	534.4	691.2	527.7	494.3	720.2	586.5	408.7	391.9	482.4	949.3	822.8	979.3	538.9	569.7	872.3	660.6	724.1	858	740	812	713.2	656.8
Gpr150	4.2	5.1	4.2	51.1	62.9	24.7	36	32.3	0	4.1	0	33.1	0	0	14.6	1	9.7	0	8.3	23.1	19.9	24.3	67.8	89.9
Zfp560	217.3	174.2	244.3	258.6	152.3	372.1	571.4	321.2	442.6	171.5	229.6	195	403.8	347	288.4	175.1	388.9	273.6	351.9	179.6	144.8	146.4	107.4	107.4
Ddx28	291.9	253.9	297.9	215.2	308.2	389.9	181.8	228.1	213.6	338.8	472.6	690.7	340	391.7	263.6	289.4	331.9	250.3	294.9	269.3	319.1	251.3	649.5	621.2
St7l	256.2	443.5	263.3	397.7	249.5	277.3	117.9	299.6	125.3	213.6	347	246	423.8	121	390.3	216.6	184.1	253.2	337.7	150.1	332.6	271.7	294.6	295.7
Glb1	425.2	413.5	585.9	267.3	393.2	190.8	559.4	561	302.9	605.6	444.2	659.4	453.3	562.7	490.8	530.3	304.1	619.9	424.5	740	1169.7	1100.1	2031.7	1915.3
Zfp553	418.9	277.3	408.7	461.9	234.5	416	93.9	412.2	293.7	394.6	409.1	535	442.1	485.6	320.4	319.8	367.1	356.5	487.5	425.8	487.8	493.3	322.1	340.4
Esf1	1900.3	1999.2	1347.6	1629	1404.2	1198.6	561.4	1332.6	1668.7	1594.9	1512.9	1280.3	1380.7	1754.7	1473.9	1603.9	1662.1	1327.1	1290	1553.1	398.6	394.6	310.7	311.9
Mtus1	180.6	207.1	201.9	165.2	95.8	93.4	97.9	111.6	113	44.9	26.9	104.7	63	504.7	185	137.6	14.5	34.9	0	178.3	50.9	38.4	2235	2299
Zfp629	213.1	245.9	259.1	291.2	368.2	167.5	143.8	235	262.9	277.6	304.4	395.5	313.6	386.6	196.6	362.3	193.8	132.4	284.2	211.6	291.2	305.4	312.7	178.6
Plekha7	13.6	35.9	91.1	29.3	48.6	116.7	49.9	93	0	27.2	26.9	4.5	74.2	10.3	23.3	27.3	0	20.4	30.9	84.6	301.6	288.9	8.1	0
Mfsd5	212.1	132.5	161	204.3	271	131.8	51.9	195.8	443.6	149.7	323.1	551.1	35.1	301.5	214.1	212.5	161.1	273.6	196.2	227	1133.9	1185.5	1672.7	1905.6
Smtnl2	0	11	25.4	20.6	0	70	0	36.2	0	42.2	0	0	0	0	0	0	3.6	0	11.9	0	332.6	273.3	24.2	19.4
Spred2	577.4	491	308.5	229.3	478.3	324	627.3	283.9	332.7	453.2	145.1	90.4	257	341.1	342.3	188.2	199.9	280.8	174.8	243.7	185.4	174.6	168.4	104.8
Pqlc3	434.7	350.5	466.6	431.4	155.9	483.3	167.8	218.3	282.4	289.9	115.2	23.3	267.4	134.2	289.8	331.9	545.2	678.1	557.6	532.2	1219	1140.1	632.7	651.6
Wdr89	5689.3	4787.3	4373.3	4568.5	5945	4669.3	2506.3	4320.9	4470	5123.5	5611.8	7928	5604	5180.6	4315.4	6901.5	4381.9	5763.9	5733.1	9721.6	23.9	21.1	49	44
Thtpa	218.4	352.7	264	177.1	196.6	473.7	449.5	371.1	273.2	247.7	328.3	178	185.9	104.9	58.3	94.1	204.7	165.9	281.8	173.1	231.5	251.3	296.6	257.5
Gm4997	1086.6	653.5	686.2	818.3	1146.1	543.7	415.6	527.8	670.6	613.7	1169.6	1294.6	817.2	793.7	627.7	1756.8	671.2	464.2	1211.5	1389	8.8	7	8.1	1.9
Adrb2	0	0	0	0	0	0	0	0	1	23.1	0.7	0	0	0	4.4	0	0	0	0	1.3	453.6	468.2	33.5	104.8
Mms22l	583.7	653.5	525.2	584.7	684.2	789.4	894.1	1042.8	869.8	1333.6	1527.8	1747.4	701.5	980.8	1012.2	1537.2	656.6	1130.7	1154.5	994	904.7	928.6	925.3	1103.9
Tssc4	568	464	580.3	745.5	579.1	232	598.4	671.7	356.3	578.3	1292.3	1039.6	393.4	352.9	544.7	1194.1	460.4	417.6	878.6	374.5	755.1	706.3	1160.8	976.4
Zfp764	82.9	142	108	103.2	0.7	71.4	170.8	41.1	44.2	65.3	86	96.6	192.3	39.6	94.7	155.8	106.6	104.8	185.5	179.6	138.5	134.7	151.6	188.9
Basp1	1099.2	1050.1	1222	1326.9	921.6	840.2	1141.8	789.2	399.5	451.8	310.4	267.5	1004.8	650.7	1270	780.2	1331.4	1976.1	1097.4	1546.7	204.5	205.9	31.5	23.9
B230219D22Rik	1838.4	1700.7	1759.9	2335.3	1925.4	2052.5	2288.6	2270.6	1780.6	2124.2	3386.2	2889.9	2013.5	2025.4	2186.1	2743.4	2248.5	1916.4	2426.6	1968.7	811.6	772	1124.6	1104.5
Ccdc149	446.2	266.4	197	136.9	213.1	177.1	122.9	96	27.7	23.1	2.2	0.9	0	91	123.8	101.2	61.8	187.7	20.2	127	27.8	16.4	31.5	106.8
Whamm	369.6	458.1	235.8	446.6	323.2	459.9	303.7	249.7	432.3	219.1	213.1	309.6	608.1	156.3	195.2	159.9	424	206.6	173.6	273.2	192.6	198.1	172.4	182.5
Gm9800	2598.5	3373.5	1399.9	2147.3	3901.6	3020.5	1186.7	2413.6	4760.6	3174.8	4514.7	4585.3	4211.4	5050	2869.1	5771.2	4242.6	3144.6	4695.1	6306.2	1892.2	1899.6	1611.7	1530.3
Zfp36l2	3042.6	3099.8	1896.8	1783.3	2950.7	2497.4	1596.3	1851.5	2003.5	1242.4	1050	1131.8	2201.9	2070.2	1641.4	1579.7	2929.4	1981.9	1164	2200.8	4467.1	4551.6	2057.2	2143.7
Zswim3	139.6	84.9	199.8	79.3	123.7	83.7	2	152.7	213.6	72.1	109.9	36.7	107.7	33.7	115.1	128.5	75.1	48	108.2	109	98.7	83	191.9	154
Ptprcap	1812.1	1581.4	1992.1	1989.8	1745.3	1716.2	1430.5	1294.4	919.1	1009.7	1063.4	1441.4	1372.7	1160.5	977.3	1124.3	1309.6	1522.1	1760.8	1482.6	6803.3	6763.6	882.3	781.7
Serpinb9	418.9	468.3	297.2	321.7	243.8	373.4	134.9	322.1	234.1	163.3	117.4	276.5	233	150.4	288.4	159.9	117.5	164.4	281.8	69.3	131.3	142.5	89.9	98.4
Lyrm2	170.1	145.6	213.9	232.6	101.5	168.9	237.7	117.5	291.6	110.2	224.4	204.9	150	179	129.6	151.8	402.2	147	198.6	161.6	154.4	175.4	116.1	135.9
Cradd	76.6	151.5	96	89.1	54.3	127.7	16	57.8	40	49	65.8	107.4	106.9	35.9	29.1	30.4	1.2	24.7	57.1	143.6	125.7	149.6	124.8	124.2
4933415A04Rik	207.9	163.2	107.3	67.4	70.8	111.2	101.9	99.9	70.9	107.5	142.8	131.5	126.1	39.6	65.5	64.8	75.1	42.2	54.7	96.2	4	1.6	0	0
Paip2b	323.4	182.9	187.1	207.6	399	201.8	316.7	187	267	253.1	161.5	113.6	279.3	283.9	150	87	393.7	344.9	124.8	101.3	375.6	308.5	104	112.6
6330416G13Rik	145.9	49.8	86.1	104.3	173	108.5	142.8	105.7	59.6	73.5	106.2	32.2	140.5	205.4	158.7	158.9	140.5	168.8	196.2	257.8	887.2	958.4	420.7	283.4
4933440M02Rik	0	0	0	0	0	0	0	0	0	0	0	0	0	0	0	0	0	0	0	6.4	0	0	108	73.8
Clec14a	133.3	82	173.7	73.9	7.1	46.7	91.9	83.2	0	4.1	0	0.9	0	0.7	24.8	0	0	0	14.3	7.7	0	0	0	0
Ifit2	326.5	297.1	252.7	128.2	463.3	411.9	347.6	185.1	331.7	457.2	287.9	274.7	375.1	162.1	166	266.1	302.9	195	191.4	137.2	264.2	323.4	310.7	306.7
Mrps12	539.6	462.5	798.4	614	436.1	302	699.3	831.3	469.3	964.8	925.8	1241	681.5	483.4	649.6	689.1	522.1	685.4	557.6	1094	533.1	514.4	876.3	823.1
Sdpr	1010	1020.1	1229.7	1060.6	832.2	762	671.3	539.5	1048.5	783.8	965.5	1031.6	2.4	12.5	36.4	0	0	10.2	14.3	85.9	6.4	5.5	0	21.4
Wnk1	5897.2	7238.1	5343.9	7252.7	6243.2	5738.9	4061.7	5772	5110.8	5867.8	6075.5	6436.5	6668.6	6553.8	4982.4	5299.6	6863	6118.9	6881.6	4759.5	1294.6	1307.6	425.4	491.1
Ing1	928.1	1199.4	1533.3	1769.2	1077.5	1470.4	1471.4	1412.9	1467.4	1257.4	1439.6	1953.1	1309.6	955.9	1503	1628.2	1346	2027	1901.1	1458.2	1082.2	1064.1	637.4	625.1
Slc25a51	2470.4	2324.2	2019.7	2033.2	2340.8	2014.1	1766.1	2074.8	2226.3	1918.7	2126.1	1856.5	1877.1	1869.2	1838	2633.1	2595	1848	2696.5	2107.2	864.9	923.9	679	720.2
C2cd2	418.9	243	276	341.2	358.2	156.5	466.5	318.2	270.1	234.1	371.7	427.7	148.4	155.5	190.8	281.3	187.8	176.1	230.7	406.6	266.6	236.5	495.9	503.4
Tmem104	79.8	64.4	114.4	96.7	77.2	79.6	59.9	82.2	0	78.9	130.1	129.7	61.5	82.9	43.7	61.7	24.2	72.8	83.2	44.9	291.2	291.3	422.7	542.2
Eif4g1	4347.6	6425.8	4611.2	4913	6423.3	5416.2	3810	5913	5481.5	5092.2	5627.5	7267.7	6086	5272.3	5397.5	5209.5	5089.4	5746.4	5114.8	4653	5004.2	5083.2	3527.3	4006
Polr2k	385.3	264.2	266.8	195.6	75.8	476.4	282.7	171.3	278.3	122.5	132.4	82.3	158	483.4	209.7	181.1	598.5	295.4	337.7	130.8	12.7	8.6	9.4	15.5
Gapt	45.1	0	47.3	2.2	40	1.4	127.9	53.9	7.2	72.1	3.7	25.1	10.4	49.9	64.1	5.1	52.1	81.5	79.7	119.3	1129.1	1205.8	790.4	867.7
Zfp830	395.8	660.1	362.9	249.9	181.6	652.1	280.7	361.3	587.4	314.3	242.3	248.7	715.1	350.7	252	385.6	361	519.5	283	310.4	307.9	323.4	437.5	513.1
Pofut1	582.7	721.5	768.1	1037.8	567.7	429.7	598.4	621.8	474.4	511.7	584.8	572.6	420.6	618.4	477.7	543.4	482.2	394.3	760.9	430.9	466.3	470.6	783	680.1
Stard5	88.2	192.5	132	85.9	166.6	97.5	201.8	127.3	87.3	156.5	112.9	152.1	123.7	66.8	32	162.9	36.3	93.1	241.4	134.7	382.7	383.7	419.4	474.3
Fam26f	446.2	184.4	287.3	251	145.1	225.2	423.6	115.5	138.6	190.5	80	28.6	36.7	78.5	203.9	108.3	48.5	240.1	85.6	248.8	154.4	142.5	54.3	87.4
Snx12	332.8	390	483.6	523.8	559.1	417.4	480.5	490.5	612	626	351.5	523.4	688.7	959.5	505.4	623.4	688.1	391.4	467.3	620.7	666.8	693.7	709.2	784.2
Otulin	703.4	726.7	845	766.1	514.1	575.3	845.1	648.2	704.4	755.3	1114.3	1169.4	521.9	649.2	735.5	979.6	616.6	1443.5	1112.9	1136.3	1052.7	1103.2	1262.1	1202.9
Eid2	480.8	527.6	733.5	428.2	393.2	238.9	468.5	438.7	93.4	134.7	273.7	115.4	413.4	77.8	75.7	159.9	150.2	195	248.5	83.4	81.2	96.3	53	96.4
Ppp1r15b	1356.5	989.4	999.6	853.1	935.9	974.8	1248.7	1303.2	1313.4	1335	489.8	230.8	1080.6	878.1	1154.9	379.5	897.7	1033.2	298.4	931.1	1747.4	1706.9	1806.3	1855.8
Lrrc8d	755.9	657.1	551.3	277.1	478.3	727.7	952	723.6	323.5	408.2	344	472.4	611.3	446.8	607.3	622.4	410.7	477.3	662.2	383.5	963.6	880.9	955.5	1140.8
Clec9a	29.4	19	35.3	0	76.5	0	52.9	13.7	0	66.7	16.5	0	0	0	35	0	2.4	0	0	21.8	116.2	108.1	5.4	7.1
4931422A03Rik	126	187.3	137	46.7	0.7	115.3	9	44.1	8.2	35.4	0	0	12	27.1	40.8	39.5	38.8	16	14.3	28.2	8	9.4	2	1.3
BC030336	312.9	319.8	373.4	354.3	504.1	384.4	387.6	605.1	316.3	311.6	296.9	212	191.5	294.2	359.7	279.3	356.2	526.8	368.6	292.4	75.6	60.3	79.8	49.8
Cep295	310.8	820.3	432	697.7	771.5	771.6	627.3	798	887.2	491.3	1088.1	918.9	701.5	804	878.2	914.8	958.3	686.8	774	595.1	449.6	392.3	193.9	195.4
9930021J03Rik	728.6	954.2	767.4	842.2	745	859.5	662.3	659.9	1068	704.9	987.2	1045.9	595.4	504	815.6	894.6	806.8	929.8	883.4	1070.9	258.6	253.7	89.2	86.1
Patl1	495.5	665.2	691.8	693.3	686.4	752.4	787.2	791.1	598.7	699.5	379.9	491.2	578.6	550.2	675.8	773.1	700.2	1031.7	638.5	763.1	300.8	347.7	252.3	252.4
Fut10	190	215.9	228.7	155.4	228.8	167.5	222.8	187	232.1	157.9	142.8	316.7	27.1	80	129.6	124.5	121.1	66.9	33.3	44.9	59.7	92.4	169.8	124.2
Tmem229b	410.5	307.4	289.4	281.5	354.6	262.2	297.7	281	204.4	366.1	197.4	411.6	463.7	740.9	495.2	436.2	741.4	516.6	743.1	710.5	7190	7112	3647.4	3200.4
E2f8	133.3	102.5	258.4	220.6	868	650.8	509.5	570.8	1665.6	1564.9	979.7	414.2	592.2	1153.2	875.3	703.3	840.8	509.3	362.6	745.1	1146.6	1204.3	809.2	673
Zfp84	399	946.2	355.1	395.6	552	451.7	113.9	484.7	527.8	303.5	396.4	663.9	484.4	415.2	454.4	421	447	672.3	386.4	380.9	363.6	286.6	307.3	430.9
Scaf8	1353.3	1084.5	922.7	1078	1277.7	1443	538.4	1069.2	812.3	1235.6	1181.6	875.9	1005.6	482	1144.7	1031.2	943.7	1376.6	827.5	1124.8	980.3	967	854.8	884.5
Pik3r6	0	0	0	0	0	0	7	0	0	0	18.7	35.8	0	4.4	2.9	5.1	0	0	13.1	112.9	175.9	217.7	308.6	339.7
Plaur	39.9	104.6	8.5	0	0	20.6	50.9	18.6	22.6	23.1	15	0	16.8	52.8	43.7	23.3	9.7	40.7	60.6	37.2	341.4	328.1	345.6	273.7
Scand1	224.7	285.4	305.7	352.1	262.4	196.3	409.6	249.7	174.6	570.2	282.7	644.2	361.5	475.4	170.4	370.4	237.4	240.1	366.2	569.4	448.8	440	728	641.2
Vps13a	569	1148.2	568.3	1036.7	1455.7	935	592.4	974.2	1103.9	977.1	1471	821.3	1384.6	1550.1	1133.1	1342.9	1613.7	931.3	1395.8	656.7	268.9	305.4	206	210.9
Pilra	0	0	40.2	0	63.6	6.9	0	5.9	0	9.5	37.4	33.1	0	1.5	0	0	0	30.6	0	34.6	42.2	43.1	63.7	86.7
Usp27x	457.8	204.9	336.7	210.8	78.6	219.7	157.8	69.5	149.9	78.9	94.2	153	48.7	50.6	90.3	223.6	21.8	17.5	64.2	100	11.9	5.5	2.7	0.6
Ankle1	89.2	0.7	65.7	33.7	361.8	173	224.8	274.2	385.1	368.8	428.5	248.7	121.3	233.3	234.5	201.4	328.3	245.9	195	215.5	210.1	187.1	47.6	78.9
Zfp62	350.7	773.5	215.3	330.4	500.5	778.5	394.6	322.1	1123.4	451.8	372.4	270.2	886.7	687.4	611.7	309.7	1026.1	829.4	638.5	646.4	778.2	763.4	668.3	654.2
Stxbp6	98.7	36.6	67.8	220.6	92.9	22	0	68.5	0	4.1	18.7	72.5	73.4	50.6	36.4	39.5	0	10.2	1.2	46.2	22.3	12.5	262.4	308.7
Ermp1	393.7	590.6	472.3	394.5	394.7	454.4	662.3	698.1	750.7	491.3	573.6	486.7	732.6	729.2	675.8	551.5	758.4	812	876.3	570.7	1186.4	1077.4	2301.5	2553.3
Slc25a23	773.8	430.3	452.5	328.2	469.7	427	489.5	336.8	170.5	307.5	281.2	376.7	263.4	386.6	316	398.7	425.2	429.3	394.7	430.9	200.5	199.7	71.8	89.3
Rpl37a	39802.3	30279.1	42982.2	40188.9	24921.2	28429.3	35684.2	27166.1	29153.3	29748.7	35631.7	60843.3	25620.3	23943.4	30328.5	27318.7	28046.9	29853.9	32857.7	33785.7	1655.1	1577.7	1840.5	1772.3
Gm11223	77.7	35.9	12	23.9	144.4	201.8	26	18.6	108.8	51.7	118.9	117.2	55.9	141.6	128.2	208.5	136.9	145.5	92.7	252.7	43.8	36.8	24.8	23.3
Zfp322a	1278.8	1323.1	1140.1	984.6	1293.4	1109.3	1183.7	1145.6	810.2	1680.6	998.4	1037.9	1026.3	1280.8	1171	1412.7	1379.9	1680.7	1161.6	887.5	291.2	284.2	721.3	767.4
Rpl27a	15900.6	10679	13182.6	14146.8	11939.4	9375.8	9644.8	9076.6	10342.8	12314	14324.2	18587.4	11240	11190.1	11118.3	16950.2	10623.4	12748.6	15154.3	18796.7	166.3	193.4	165.7	155.3
Jrk	121.8	126.6	87.5	88	72.9	67.3	66.9	78.3	198.2	73.5	58.3	86.8	183.6	22.7	93.2	177.1	70.3	40.7	36.9	127	175.9	144.9	220.1	282.1
Rbp1	1380.6	1076.5	1014.4	793.3	528.4	679.6	1031.9	734.4	326.5	563.4	331.3	670.1	363.1	165.8	413.6	364.3	505.2	334.7	204.5	179.6	36.6	32.9	7.4	6.5
Yod1	815.8	820.3	1035.6	1148.7	883.7	508	844.1	1043.8	1238.4	1105	854	665.7	515.6	471.7	753	730.6	949.8	1005.5	422.1	377.1	178.2	157.4	133.5	80.9
Kcnk6	71.4	88.5	90.4	60.9	30	0	80.9	73.4	3.1	21.8	46.4	76	83	0	33.5	51.6	0	55.3	41.6	91.1	75.6	46.2	257.7	272.4
Lrrc75a	114.4	226.9	115.1	77.2	389.7	178.5	28	106.7	164.3	247.7	68.1	73.4	421.4	151.1	123.8	234.8	213.2	165.9	196.2	307.8	300	373.5	139.6	121.6
Ngfrap1	1067.7	1510.4	1550.2	1932.2	1337	1537.7	1475.4	1433.5	1344.2	1567.7	1270.6	2442.5	1371.1	1310.9	1535.1	1536.1	1485.3	1549.7	1525.4	1418.5	940.5	988.9	821.3	883.9
Hnrnpa1	3489.8	3642.8	2593.6	2300.6	3291.8	3606.7	3398.4	2742.6	5084.1	2588.3	4122.9	4960.2	3889	3802.9	3527.5	2522.8	4866.5	3038.4	3321.9	2257.3	158.3	184.8	175.8	185.1
Cmtr2	292.9	288.3	429.9	432.5	392.5	296.6	351.6	301.6	246.5	549.8	401.6	244.3	303.3	331.6	423.8	188.2	336.8	315.8	351.9	250.1	196.5	214.5	482.4	366.9
Ppm1e	0	0	25.4	0	3.6	13.7	32	42.1	23.6	77.6	56.8	57.3	24.7	8.8	49.5	39.5	19.4	91.7	55.9	78.2	175.9	158.9	21.5	25.9
Tmem150b	0	2.9	0.7	0	0	0	0	27.4	0	0	0.7	0	45.5	30.1	0	46.5	63	0	19	26.9	26.3	25.8	83.9	78.9
Scn4b	0	0	0	0	0	0	0	0	0	0	0	0	0	0	0	3	21.8	0	0	3.8	701	700.8	0	0
Cox17	1050.9	944.7	1037.7	1019.3	1214	1140.9	1010.9	779.4	1376	1198.9	753.8	463.5	1150.8	1164.2	1080.7	704.3	945	817.8	590.9	867	75.6	92.4	73.8	70.5
Golph3l	514.4	399.6	489.2	568.4	417.5	240.3	316.7	265.3	586.4	451.8	407.6	445.6	648	449	499.6	382.5	518.5	451.1	495.8	350.1	716.1	606.8	1155.4	1028.2
Fam43a	845.2	698.1	852.1	586.8	275.3	383	268.7	280	61.6	148.3	164.5	62.6	360.7	335.2	257.8	230.7	380.4	52.4	429.2	182.1	1192.8	1134.6	497.2	649.7
Zfp319	168	215.9	175.8	214.1	155.9	149.6	64.9	147.8	68.8	111.6	81.5	78.7	62.2	178.3	53.9	102.2	169.6	261.9	191.4	121.8	555.4	535.6	351.6	333.2
Unc119b	317.1	212.9	307.8	229.3	282.4	215.6	90.9	321.2	336.8	340.2	381.4	315.8	644.8	383.7	302.9	304.6	315	547.1	341.2	496.3	1159.3	1135.4	756.9	848.3
4930430F08Rik	164.8	134.6	107.3	169.5	148	118.1	92.9	77.4	54.4	64	92	42.9	149.2	157.7	61.2	60.7	123.6	34.9	55.9	55.1	57.3	55.6	128.8	92.5
Zfp518b	155.4	150	226.6	235.8	148.7	219.7	239.7	199.7	137.6	99.3	201.9	249.6	28.7	196.6	205.4	424	141.7	430.7	293.7	255.2	74.8	92.4	61.7	65.4
Lyrm4	142.8	190.3	156	416.2	379.7	156.5	225.8	235	231	310.3	329.8	414.2	232.2	268.5	211.2	300.6	93.3	154.2	190.2	339.9	140	138.6	138.9	100.9
Prr12	447.3	212.9	490.6	512.9	353.9	348.7	343.6	521.9	279.3	351.1	718.7	635.2	371.1	550.2	457.3	665.9	268.9	443.8	405.4	482.2	101.1	79.9	53.7	62.1
Ticrr	1	12.4	20.5	102.2	58.6	127.7	178.8	201.7	445.7	511.7	138.4	191.5	127.7	267.8	288.4	201.4	287.1	307	307.9	365.5	886.4	810.4	425.4	395.4
Bdh1	37.8	81.2	197.7	157.6	34.3	100.2	223.8	137.1	48.3	43.5	152.6	137.8	57.5	13.9	81.6	109.3	121.1	56.8	77.3	143.6	390.7	408.7	16.8	48.5
Tcaim	37.8	52.7	67.8	131.5	220.9	145.5	91.9	102.8	14.4	6.8	42.6	45.6	104.5	76.3	56.8	102.2	67.8	88.8	22.6	55.1	64.5	53.2	32.2	88.6
B3gntl1	219.4	256.1	198.4	45.6	76.5	104.3	193.8	154.7	198.2	73.5	143.6	185.2	308.9	35.9	110.7	133.6	170.8	23.3	103.4	189.8	97.9	108.1	73.8	104.8
Zfp316	326.5	690.1	506.2	319.5	216.6	223.8	321.7	286.9	449.8	220.5	289.4	230.8	510	187.8	110.7	315.7	370.7	318.7	349.5	318.1	98.7	122.1	42.9	120.4
Cxxc5	1145.4	1669.2	1360.3	1427.9	1567.2	1775.2	1870	1487.3	998.1	1079.1	852.5	561.9	1818	1357.9	1434.6	1116.2	1455	2076.5	1451.7	1163.3	2818.4	2933.9	324.8	298.3
Mtfr1l	1117.1	914.7	1632.8	1527.9	825.8	852.6	1158.8	1116.2	784.5	914.5	939.3	1151.5	939.3	602.3	745.7	800.5	479.7	528.2	998.7	999.1	1270.7	1145.5	2110.2	2129.5
Tmem251	267.7	306.6	355.1	257.6	278.1	270.5	58.9	230.1	489.8	345.6	124.1	133.3	219.5	400.5	62.6	133.6	76.3	94.6	140.3	312.9	384.3	385.2	433.5	430.3
C87436	227.8	257.6	123.5	209.7	242.4	318.5	105.9	224.2	136.6	69.4	148.1	76.9	289.7	162.9	72.8	77.9	187.8	148.4	117.7	191.1	364.4	411.9	466.3	346.2
Tifa	554.3	515.9	423.6	284.7	338.9	339.1	557.4	406.3	114	196	317.1	293.5	419.8	262.6	119.4	153.8	448.2	192.1	268.7	357.8	2835.9	2746	1227.2	1360.1
Chtf8	1631.5	1202.3	1000.3	1154.1	1495.7	948.7	665.3	1016.3	1384.2	1200.2	1773.9	2181.3	1354.3	1365.9	1220.5	1948	1255.1	801.8	1501.6	1168.4	924.6	1140.1	1193.7	1127.8
Csnk2a2	555.4	363.7	357.2	514	286	601.3	383.6	407.3	780.4	362	270	274.7	398.2	715.2	485	481.7	510	276.5	372.1	424.5	299.2	292.1	308	316.4
Hmga1	617.3	464	357.9	504.2	632	300.7	395.6	386.8	509.3	551.1	415.1	328.4	481.2	571.5	624.8	662.8	585.1	407.4	626.6	872.1	1275.5	1360.9	1680.1	1675.3
Bst2	70.3	30.7	97.4	28.3	95.8	11	21	49	73.9	13.6	77	54.6	23.1	97.6	46.6	43.5	61.8	42.2	88	59	5196.7	5162.3	763.6	669.7
Rpl14-ps1	74.5	101.7	55.1	75	85.1	78.3	111.9	50.9	146.8	84.4	23.9	27.7	75	121.8	85.9	36.4	109	45.1	47.6	37.2	53.3	48.5	67.1	71.2
Cdc42se1	1258.8	1069.1	1079.4	956.3	1367.7	1050.3	1210.7	892	1725.2	1201.6	720.2	902.8	1075	843.6	1138.9	879.4	1424.7	999.7	1260.3	1404.4	3279.1	3300.4	2846.3	2525.5
Kctd11	14.7	13.9	53.7	51.1	1.4	134.5	1	5.9	62.6	0	47.1	74.3	0	0.7	0	36.4	6.1	0	27.3	16.7	75.6	63.4	71.1	67.9
Ccdc66	404.2	435.4	259.8	167.4	275.3	267.7	298.7	401.4	191	202.8	130.9	296.1	94.2	264.8	222.8	253	233.8	91.7	189	286	142.4	103.4	134.9	127.5
Mrps7	494.5	520.3	353.7	436.9	375.4	333.6	309.7	452.4	282.4	404.2	420.3	567.2	461.3	319.1	502.5	451.3	536.7	483.1	454.2	649	899.1	936.5	1572.8	1485.7
Rhoj	133.3	199	306.4	193.4	53.6	8.2	47.9	59.7	1	1.4	3.7	91.3	0	30.8	17.5	0	17	0	0	10.3	4.8	10.2	100	53.1
Epm2aip1	859.9	975.5	1490.2	1242.1	473.3	915.7	847.1	1152.4	696.2	854.6	883.9	871.4	484.4	1035.8	782.1	1190.1	972.8	490.4	877.4	734.9	365.2	263.1	214.7	198.7
2410016O06Rik	509.2	441.3	355.1	266.2	560.5	534.1	403.6	496.4	682.9	389.2	409.8	530.6	684.7	802.5	540.3	693.2	422.8	606.8	507.7	501.5	591.2	563.8	1243.3	1179.6
Zfp787	290.8	276.6	223.8	196.7	204.5	322.6	239.7	237	422.1	206.8	265.5	485.8	144.4	352.9	268	309.7	276.2	443.8	212.8	286	424.9	441.6	488.5	463.3
Ppp1r3b	16.8	59.3	51.5	91.3	67.9	16.5	2	18.6	2.1	31.3	4.5	35.8	45.5	78.5	11.7	28.3	43.6	5.8	21.4	57.7	184.6	183.2	289.2	247.2
Cldn12	531.2	686.4	492	437.9	340.3	394	392.6	244.8	133.5	170.1	154.1	51	195.5	137.9	227.2	188.2	209.6	165.9	152.2	132.1	18.3	19.6	114.1	82.8
Mpeg1	9.4	82.7	157.4	54.3	136.6	0	234.8	163.5	76	193.2	57.6	195.9	99	163.6	272.4	126.5	485.8	670.8	316.3	1215.8	8307.9	8663.9	1488.2	1767.1
3110062M04Rik	422.1	589.1	377.7	351	512.6	414.6	403.6	367.2	388.2	292.6	640.2	345.4	238.6	111.5	163.1	356.2	362.2	135.3	221.1	201.4	50.9	47.8	33.5	26.5
Atp10d	530.2	522.5	460.3	496.6	246.7	289.7	280.7	266.3	235.2	189.2	265.5	186.1	324	256	173.3	360.3	405.8	285.2	324.6	193.7	168.7	190.3	71.8	34.3
Slc39a3	106	133.9	242.1	192.3	111.5	249.9	288.7	143	52.4	344.3	174.2	133.3	160.4	40.3	214.1	123.5	208.4	164.4	214	107.7	381.9	345.3	324.1	232.9
Brox	985.8	1119.6	708.1	705.3	1145.4	847.1	822.1	731.4	721.9	601.5	806.2	700.6	640.8	862.7	541.8	708.4	762	438	791.8	628.4	393.1	317.1	301.3	331.3
Ckap4	811.6	986.4	962.9	778.1	735.7	376.2	725.2	994.8	638.7	711.7	803.9	792.7	976.8	1588.2	1288.9	1204.2	1589.5	1818.9	2034.3	2118.7	798.9	821.4	4837.7	4668
Hectd3	368.5	177.1	340.3	194.5	67.9	247.1	177.8	194.8	118.1	262.6	261.7	213.8	55.1	96.1	179.1	67.8	69.1	106.2	132	186	528.3	499.6	672.3	559.1
Pramef8	78.7	191.7	157.4	142.4	445.4	295.2	268.7	92	197.2	96.6	18.7	104.7	83.8	175.3	129.6	27.3	323.5	203.7	143.9	42.3	311.9	332.8	483.8	392.1
Fbl	1742.8	1407.2	1214.2	1419.2	2344.4	1140.9	1142.8	1457	1916.2	1601.7	2252.5	2533.8	1778.1	1919.8	1644.3	2648.3	1593.1	1353.3	1980.8	2226.5	541.9	500.3	543.5	485.3
Mbtps2	312.9	471.3	647.3	476	323.2	553.3	511.5	419.1	601.8	606.9	373.2	182.5	697.5	345.5	619	496.9	607	481.7	479.1	482.2	111.4	101	118.1	59.5
Atxn1	947	1226.5	1031.4	1256.2	696.4	1050.3	1348.6	1208.3	1032	854.6	686.5	414.2	838.8	1146.6	907.4	1192.1	909.8	833.8	640.8	433.5	9.5	19.6	25.5	30.4
Irgm1	413.7	290.5	180	97.8	190.9	142.8	191.8	161.6	90.4	119.8	105.4	38.5	88.6	61.6	125.3	112.3	143	227	88	223.2	1041.6	1051.6	974.9	970.6
Zfp740	1173.8	653.5	1099.8	885.7	622.7	977.5	1030.9	1033	845.1	959.4	824.9	846.4	1163.6	1165.7	949.6	693.2	1050.4	983.7	1041.5	901.6	1916.8	1952.8	930	997.8
Ltb4r1	0	2.9	0	0	0	0	0	0	0	8.2	0	0	27.9	8.8	13.1	21.3	0	0	0	16.7	190.2	174.6	2531.6	1995.6
Tefm	186.9	174.9	168.7	189.1	191.6	92	102.9	198.8	323.5	189.2	82.3	86.8	14.4	47.7	115.1	217.6	167.2	224.1	186.7	175.7	156.8	146.4	253	190.2
Myct1	1815.3	1959	1632.8	1299.7	868	1550	1210.7	1056.5	471.3	730.8	511.5	291.7	1152.4	858.3	639.4	701.3	381.6	596.6	302	382.2	3.2	2.3	24.8	36.2
Adck2	147	239.3	151.1	203.2	151.6	109.8	109.9	100.9	84.2	104.8	138.4	156.6	109.3	184.9	126.7	154.8	178.1	109.1	80.8	170.6	357.3	379.8	347.6	351.4
Nqo2	79.8	280.3	280.3	148.9	269.5	100.2	165.8	231.1	441.6	225.9	196.7	242.5	116.5	169.5	174.8	297.5	162.3	196.4	197.4	130.8	189.4	164.4	555.6	718.2
Zbtb21	127	210.8	141.2	136.9	113	359.7	237.7	115.5	84.2	50.4	228.8	122.6	76.6	122.5	235.9	86	52.1	177.5	103.4	209.1	232.3	263.9	261.7	225.8
Tshz1	1596.9	1110.9	1415.4	1915.9	1638.7	1827.4	1687.2	1718.4	871.8	2000.4	1084.4	1134.5	1497.2	1071.8	1878.8	1027.1	1601.6	1727.3	1037.9	1339	552.2	593.5	321.4	386.3
Tapt1	1223.1	1206	1487.4	1743.1	1437.8	1176.6	1305.6	1364.9	780.4	926.7	1138.2	1345.6	1509.9	1502.4	1447.7	1822.5	2751.3	3098	3085.3	1911	3219.4	3173.5	929.3	983.5
Mars2	290.8	240	320.5	94.5	186.6	251.2	379.6	292.8	319.4	487.2	395.6	364.1	718.3	347	470.4	214.5	241.1	382.7	242.5	241.1	305.5	335.9	512	476.9
Spsb4	6.3	0	17.6	44.6	69.4	89.2	112.9	69.5	18.5	61.2	112.2	195.9	14.4	66	150	81	6.1	104.8	39.2	92.3	49.3	50.1	93.9	86.7
Zfp41	105	133.2	134.8	301	399	237.5	164.8	249.7	203.3	318.4	380.7	669.2	193.1	170.9	302.9	230.7	201.1	206.6	222.3	236	444.8	359.4	410	214.2
Mipol1	74.5	112	146.1	108.7	180.2	94.7	140.9	93	209.5	40.8	127.9	92.2	182	245	139.8	56.7	84.8	93.1	134.4	103.9	45.4	45.4	30.9	9.1
Spata2	287.7	147.1	336.7	238	203.8	266.3	334.6	215.4	237.2	323.9	392.6	390.1	320.8	203.2	337.9	460.4	133.3	282.3	424.5	429.6	770.2	726.6	713.2	727.3
Zfp445	285.6	204.2	127.8	102.2	152.3	156.5	136.9	181.1	181.8	121.1	108.4	101.1	132.5	136.4	173.3	106.3	113.9	250.3	171.2	47.5	307.9	285.8	285.8	296.4
Nipa1	65.1	17.6	86.1	72.8	254.5	244.4	72.9	122.4	41.1	178.3	74	43.8	0	93.2	13.1	4	29.1	0	33.3	16.7	20.7	29	89.2	40.8
D030056L22Rik	524.9	568.6	841.5	509.7	850.8	580.8	1209.7	756.9	775.3	835.5	869	1099.6	374.3	665.4	739.9	906.7	620.3	771.2	892.9	809.3	397.1	394.6	443.5	448.4
Tmem164	1342.8	1124	1849.5	1124.7	1468.6	1610.5	1682.2	1665.5	1425.3	1725.5	1689.4	1585.4	1245	1126.8	1583.1	1501.7	772.9	1322.7	1376.8	1041.4	1323.3	1461.1	1835.1	2080.3
Dusp28	121.8	171.2	291.6	177.1	113.7	146.9	219.8	65.6	70.9	209.6	244.5	120.8	99.8	0	78.6	157.9	107.8	37.8	74.9	16.7	159.1	162.9	145.6	148.8
Ngrn	1348.1	1058.9	981.2	832.4	1006	1333.1	526.4	637.4	999.2	817.8	563.1	461.7	1043.9	869.3	763.2	631.5	960.7	459.8	569.5	527.1	331	385.2	476.4	397.3
Tmem198b	329.7	253.2	297.9	246.7	224.5	278.7	115.9	163.5	0	191.9	154.8	134.2	209.9	86.6	103.4	94.1	192.6	39.3	180.7	137.2	91.5	65	101.3	72.5
Rnf31	88.2	41.7	103.8	88	52.9	9.6	202.8	75.4	81.1	72.1	69.5	16.1	87	46.9	99	54.6	8.5	0	48.7	82.1	629.4	703.1	325.4	409.6
Fam221a	60.9	94.4	149	115.2	134.4	159.3	198.8	137.1	103.7	99.3	91.2	20.6	126.1	148.2	141.3	95.1	61.8	154.2	118.9	74.4	77.2	81.4	57.7	63.4
Ticam1	110.2	93.7	43.1	39.1	88.7	96.1	8	45	130.4	32.7	54.6	147.6	178	41.1	49.5	95.1	47.2	10.2	46.4	41	113.8	83.8	222.1	202.5
Cltc	2627.9	2209.3	3161.9	3415.5	1997.6	1869.9	2981.8	3276.2	2663.7	3479.6	3941.9	4344.7	2082.2	2165.5	3440.1	3823.2	1700.9	2996.2	2912.9	3651.4	5492.7	5557	5922.7	5559.6
Cd24a	3076.2	3503.1	4371.1	4469.7	1997.6	2649.8	3893.9	3433.8	1363.7	2352.8	1572	1979.1	3325.5	2844.8	3763.4	3730.1	3615.1	4489.1	4688	5035.2	5077.4	4990.1	3472.3	3591.2
Zfp654	357	357.8	255.5	320.6	302.4	273.2	513.5	425.9	898.5	281.7	222.1	271.1	375.1	345.5	302.9	286.4	437.3	229.9	244.9	253.9	286.5	244.3	524.7	462.7
Tet1	846.2	1176	708.1	956.3	1086.8	744.1	391.6	764.7	1206.6	838.3	755.3	568.1	1360.7	1050.5	831.6	778.2	1801.5	957.5	946.4	759.3	462.3	480	104.7	102.9
Khnyn	204.7	60	223.1	154.3	108	204.6	142.8	60.7	65.7	118.4	113.7	110	241.8	220.8	131.1	234.8	119.9	305.6	117.7	66.7	751.1	662.4	186.5	300.9
Neurl3	1987.4	2152.9	1319.4	1254.1	980.2	1268.6	786.2	637.4	697.3	244.9	441.2	507.3	830	784.2	585.5	582.9	879.5	422	570.7	433.5	215.6	208.3	508.6	502.8
Samd14	52.5	24.9	57.2	0	83.7	107.1	46	31.3	345	283	251.3	265.7	0	15.4	14.6	15.2	6.1	0	63	2.6	12.7	8.6	0.7	9.7
Rab2a	2594.3	2438.3	2206.7	2183.2	2257.9	2343.6	2213.7	2360.7	2055.8	2374.6	2381.1	2211.7	2809.2	2907.2	2279.3	2449.9	1902	2179.8	1734.7	2440.7	1871.5	1890.9	3148.9	3076.8
Dync2h1	482.9	479.3	368.5	509.7	940.2	1081.9	285.7	508.2	721.9	526.6	519	415.1	583.4	581.7	399.1	565.7	691.8	442.4	702.7	274.5	158.3	187.1	38.2	65.4
Ythdf3	1841.5	1088.2	1042.7	746.6	1289.1	1213.7	1083.9	919.4	849.2	860	582.6	603.9	1341.5	1248.6	836	725.6	1373.8	1171.4	801.3	655.4	907.9	777.5	1465.4	1939.9
Rpl9	12813.9	11783.2	13513.7	13623.1	10834.7	13203.5	14330.8	10296.6	11922.2	13233.9	9731.7	8444.2	11650.2	12137.9	12178.6	10666	13858.1	12664.2	11614.8	13080.5	62.1	68.9	22.1	23.3
Fam185a	301.3	409.8	237.2	241.3	277.4	193.6	360.6	213.5	323.5	387.8	133.1	233.5	301.7	353.6	247.6	266.1	308.9	240.1	347.2	268	156	167.6	242.2	303.5
Mageh1	366.4	248.1	478.6	519.4	342.5	137.3	142.8	293.7	86.3	337.5	107.7	76.9	166	156.3	97.6	74.9	70.3	104.8	142.7	150.1	35.8	36.8	3.4	3.2
Taf9b	605.8	197.6	384	343.4	215.9	170.2	245.7	218.3	231	228.6	161.5	124.4	161.2	74.1	262.2	186.2	126	128.1	86.8	162.9	133.7	148	93.9	81.5
C2cd3	621.5	578.1	700.3	462.9	464	621.9	550.4	584.5	1199.4	534.8	892.9	643.3	691.1	884.7	538.9	923.9	1112.1	985.1	885.8	736.2	1036	1018.7	347.6	347.5
Ptgs1	1306.1	1816.3	1644.1	2020.2	2430.2	2666.2	1632.3	1855.5	1215.8	1302.3	1226.5	892	757.4	582.5	549.1	625.4	335.6	378.3	260.4	209.1	70	64.2	1108.5	1294.8
Emc6	845.2	1032.5	1238.9	1008.5	943.1	783.9	1023.9	882.2	1188.1	1300.9	1500.2	2000.6	718.3	1093.8	1411.3	1336.8	908.6	1044.8	1008.2	1331.3	993	995.2	1702.3	1496.7
Zfp358	155.4	146.4	156.7	80.4	110.1	199.1	94.9	119.5	147.9	115.7	216.1	175.4	192.3	87.3	209.7	177.1	189	131	134.4	98.8	440.8	424.4	405.3	449.1
Sfn	547	235.6	137	235.8	85.1	212.8	172.8	183.1	178.7	160.6	237.8	198.6	38.3	139.4	176.2	198.3	226.5	148.4	243.7	306.5	40.6	54	7.4	7.8
Neurl4	92.4	185.1	151.1	304.3	137.3	193.6	238.7	151.8	304	186.4	135.4	70.7	64.6	208.3	145.6	226.7	290.8	206.6	248.5	143.6	178.2	220.8	93.3	114.5
Zfp286	72.4	104.6	213.9	88	53.6	175.7	96.9	28.4	48.3	69.4	140.6	161.9	51.1	74.8	59.7	14.2	69.1	43.7	103.4	48.7	75.6	92.4	80.5	106.8
Lancl3	44.1	259.1	80.5	221.7	46.5	109.8	34	63.6	0	0	6.7	0	0	11.7	0	0	26.7	69.8	2.4	0	0	2.3	0	0
Gm973	411.6	470.5	161	404.3	47.2	135.9	57.9	65.6	69.8	0	8.2	5.4	150.8	21.3	7.3	85	10.9	0	7.1	2.6	4.8	0	0	0
Abhd17b	1434.1	1316.5	955.1	1207.3	1018.8	885.5	1393.5	1086.8	917	1469.7	614	786.4	1561.8	1239	2295.3	1457.2	2060.7	2986	1985.5	2216.2	1816.6	1652.1	1426.5	1576.3
Zfp768	451.5	570.1	424.3	321.7	404	195	270.7	249.7	226.9	170.1	290.9	264.8	460.5	439.4	230.1	263.1	436.1	129.5	300.8	130.8	138.5	112.8	214	207.7
B4gat1	120.7	188.1	83.3	100	40	57.7	103.9	137.1	99.6	29.9	29.9	80.5	94.2	179.7	74.3	123.5	118.7	302.7	82	160.3	355.7	355.5	601.9	506
Atmin	412.6	581.8	722.9	735.7	383.9	354.2	714.2	684.4	482.6	416.4	562.4	401.7	477.2	501.8	495.2	563.7	294.4	513.7	504.1	525.8	561.8	539.5	502.6	527.4
Odf3b	61.9	157.3	227.3	240.2	216.6	245.8	124.9	212.5	119.1	104.8	81.5	341.8	5.6	5.9	30.6	197.3	47.2	72.8	60.6	128.3	21.5	12.5	28.9	16.8
Tgif1	348.6	398.8	572.5	755.3	466.2	737.3	1225.7	758.8	577.1	749.8	441.2	482.2	741.4	736.5	1019.5	960.3	759.6	1469.7	939.3	900.3	463.9	443.2	650.8	566.8
Ctdspl	1088.7	1219.2	905	923.7	1932.6	1040.7	1195.7	1277.8	1425.3	1149.9	946.8	1561.3	886.7	944.1	1095.2	762	665.1	657.7	1077.2	908	90.7	90.8	470.4	500.2
Zbtb44	652	935.2	792.1	1107.4	961.6	737.3	588.4	926.3	973.5	939	314.8	474.2	990.4	998.4	671.4	747.8	913.5	723.2	532.6	497.6	639.7	667.9	880.3	827
Rexo1	628.9	579.6	705.9	521.6	485.5	558.8	544.4	747.1	699.3	729.4	650.6	752.4	379.9	809.9	722.4	727.6	443.4	672.3	489.8	699	1121.9	1204.3	698.5	599.2
AI837181	280.3	323.4	305	356.4	402.5	204.6	292.7	197.8	222.8	280.3	453.9	341.8	360.7	324.2	269.4	445.3	250.8	219.7	349.5	455.3	273.7	296.8	278.5	216.1
Xxylt1	12.6	16.8	43.8	36.9	0	5.5	7	15.7	96.5	23.1	23.9	0.9	0	28.6	23.3	0	7.3	42.2	28.5	39.8	807.6	795.5	781.7	823.1
Arl4a	740.2	1049.4	825.9	960.7	461.9	922.6	474.5	690.3	667.5	892.7	970.7	1122	585.8	985.9	652.5	695.2	470.1	411.8	562.4	401.4	358.1	317.1	167.1	251.1
Gphn	219.4	327.8	252	163	244.5	311.7	282.7	142	302.9	420.5	286.4	128.8	376.7	163.6	375.8	220.6	276.2	157.2	284.2	202.6	638.2	671	175.1	128.1
Dynlrb1	1183.2	764	1174	1145.4	1299.8	1323.5	1922	1205.3	1605	1688.8	1163.6	1603.3	1065.4	1580.9	1315.1	1471.4	1469.5	1418.8	1380.4	1194	1203.1	1218.4	1392.9	1388.6
8030462N17Rik	0	22.7	0.7	8.7	0	33	22	37.2	0	0	69.5	5.4	0.8	39.6	51	16.2	50.9	37.8	5.9	12.8	99.5	89.3	55	92.5
Zfp30	219.4	159.5	57.9	66.3	175.9	203.2	94.9	99.9	154	102.1	68.8	34.9	111.7	60.9	67	220.6	111.5	94.6	74.9	14.1	16.7	5.5	3.4	0.6
Baiap3	0	0	0	0	0	0	0	0	0	0	0	98.4	0	38.1	0	0	29.1	11.6	16.6	30.8	95.5	77.5	93.9	90.6
Tspyl1	1139.1	1458.4	1275.6	1466	1026	694.7	1469.4	940	1141.9	982.5	1109.8	828.5	808.4	834.8	1146.2	1008.9	1039.4	1254.3	806.1	1191.5	1733	1848.7	1784.1	1746.4
Mis18bp1	82.9	203.4	170.8	377.1	1240.5	840.2	775.2	503.3	1852.5	1381.2	1178.6	1088.9	616.1	1035.1	613.2	845	1428.3	1129.2	807.3	691.3	737.6	680.4	457.6	342.9
Fbxo28	360.1	501.3	512.5	366.2	301.7	384.4	439.5	532.6	397.4	390.6	418	632.6	247.4	856.8	543.2	486.7	456.7	876	479.1	515.6	453.6	400.9	580.4	473
Cltb	828.4	748.6	689	812.9	460.4	807.3	535.4	487.6	293.7	541.6	574.3	620	321.6	201.7	284	420	336.8	291	315.1	363	451.2	425.2	289.9	259.5
Tmem41b	372.7	262.7	257	308.6	369.6	329.5	348.6	334.9	257.7	348.4	234.8	333.7	371.9	188.5	316	390.6	655.4	350.7	290.1	280.9	155.2	130.8	167.1	165
Lxn	118.6	229	123.5	292.3	105.1	129.1	175.8	191.9	62.6	244.9	169	213.8	194.7	190.7	113.6	134.6	168.4	69.8	78.5	169.3	429.7	479.2	373.7	326.8
Tyw3	148	94.4	187.1	166.3	233.8	189.5	23	163.5	59.6	171.5	122.6	134.2	98.2	98.3	113.6	127.5	231.4	161.5	154.6	89.8	100.3	74.4	125.5	107.4
Nxpe5	114.4	68.1	69.2	94.5	60.8	46.7	0	9.8	0	35.4	53.8	0	0	54.3	67	33.4	20.6	23.3	82	79.5	51.7	39.2	99.3	52.4
Zfp235	330.7	76.8	68.5	138	38.6	124.9	84.9	103.8	185.9	87.1	58.3	82.3	0.8	0	134	136.6	27.9	116.4	102.2	37.2	120.2	120.6	130.2	130.1
Frat2	1008.9	508.6	484.3	397.7	541.2	569.8	412.6	570.8	1232.3	836.9	535.5	408.9	1087.8	947.1	828.7	733.7	892.9	601	513.6	810.6	510.8	561.4	1458.7	1367.9
A430005L14Rik	264.6	188.1	206.8	116.3	246	184	153.8	181.1	344	295.3	255	140.5	326.4	460	167.5	298.5	224.1	283.8	178.3	227	475	531.7	925.3	896.2
BC029214	218.4	175.6	296.5	252.1	364.6	182.6	145.8	106.7	242.3	117	110.7	85	148.4	245	77.2	258	236.2	240.1	239	207.8	308.7	324.9	185.2	163.7
Fgfbp3	269.8	287.6	185.7	327.1	305.3	188.1	144.8	311.4	62.6	159.2	115.9	94.8	128.5	50.6	218.5	239.8	107.8	387.1	139.1	157.8	39.8	39.2	47.6	37.5
2810006K23Rik	275.1	412.7	353.7	404.3	286	145.5	234.8	270.2	405.6	258.6	356	151.2	213.9	364.6	383	366.3	241.1	307	445.9	304	230.8	260.7	340.9	337.8
Fbxo30	231	207.8	194.1	297.8	228.8	241.6	299.7	234	211.5	244.9	314.8	172.7	154.8	218.6	294.2	177.1	43.6	222.6	145.1	124.4	133.7	147.2	310	260.1
Cd3eap	754.9	800.6	573.9	489	825.8	639.8	465.5	561	602.8	530.7	460.7	932.3	747.8	825.3	570.9	526.2	581.5	491.8	531.5	619.5	295.2	289.7	303.3	270.5
Msl3l2	499.7	349.8	441.9	171.7	341.8	510.7	547.4	334.9	351.2	246.3	142.1	286.3	151.6	483.4	321.9	85	499.1	161.5	171.2	102.6	122.5	130.8	279.8	300.9
Rps8	33658.4	33059.2	25355	26621.2	28701.3	28882.4	20803	26090.1	31960.8	24634.8	25490.9	37353.8	28170.1	30025.6	25357.7	27598	30446.9	28055.3	29144.6	43123.8	350.1	349.2	576.4	559.7
Rpsa-ps10	778	763.3	722.2	430.3	897.3	801.8	895.1	746.1	995.1	1258.8	314.8	207.6	836.4	773.2	1023.9	461.5	907.4	1057.9	357.9	901.6	20.7	12.5	14.8	16.8
Yipf6	368.5	718.6	506.2	512.9	695	405	434.5	632.5	568.9	401.4	762.8	556.5	457.3	497.4	377.2	387.6	610.6	561.7	393.5	342.4	420.9	476.8	487.8	492.4
Champ1	1046.7	975.5	890.2	765	1005.3	847.1	468.5	865.6	1025.9	812.4	802.4	666.6	646.4	1180.3	870.9	644.6	1097.6	986.6	864.4	965.7	887.2	932.6	1254.7	1313.6
Ust	0	0	0	0	0	0	6	1	0	1.4	0	0	0	0	0	0	19.4	10.2	25	21.8	183	133.9	6.7	11.6
Ppp1r2	740.2	1105.7	1189.5	1224.7	1192.6	936.3	1634.3	1388.4	1243.6	1682	550.4	672.8	944.1	947.8	1315.1	682.1	1180	1378	1003.5	1099.1	445.6	399.3	440.2	585
Ubiad1	276.1	155.1	321.2	131.5	67.9	343.2	223.8	211.5	165.3	317.1	162.3	385.6	304.9	272.2	246.1	219.6	146.6	288.1	283	193.7	277.7	289.7	571	559.1
Bola2	1727.1	1874.1	1285.5	1066.1	938	1469	962	983.1	1451	1286	1367.8	1437.8	1394.2	1765	1383.6	1360.1	1364.1	953.1	1104.5	1159.4	397.9	371.1	720.6	693
Wbp1l	1333.4	745.7	668.5	965	669.2	475	403.6	484.7	523.7	363.3	542.9	408	620.9	445.3	412.2	506	483.4	408.9	521.9	564.3	1303.4	1368.7	976.9	1021.1
Samd9l	635.2	561.3	749.7	1180.2	1019.6	771.6	762.2	636.4	392.3	496.7	449.5	670.1	651.2	395.4	352.5	495.9	479.7	371.1	617.1	365.5	312.7	317.9	109.4	109.4
Rnf150	78.7	38.1	171.5	65.2	160.2	232	353.6	179.2	207.4	104.8	130.1	116.3	328	107.1	302.9	199.4	776.6	529.7	671.8	215.5	30.2	21.9	0	6.5
Zc3hav1l	303.4	272.2	341.7	172.8	484.8	319.9	613.4	495.4	518.6	703.5	297.6	129.7	529.9	849.5	801	545.4	540.3	1133.6	513.6	337.3	301.6	351.6	228.8	211.6
Fancb	46.2	65.9	62.1	7.6	9.3	74.1	234.8	68.5	20.5	118.4	171.3	152.1	95	49.9	115.1	48.6	18.2	80	51.1	41	114.6	121.4	225.4	234.9
Lrrc49	194.2	185.1	285.2	185.8	80.1	142.8	253.7	240.9	168.4	85.7	183.2	280.9	187.5	101.2	161.7	90.1	230.2	203.7	304.4	137.2	142.4	126.1	61.7	100.9
Atg16l2	494.5	390	591.6	592.3	384.7	297.9	215.8	344.7	120.1	232.7	343.3	330.1	337.6	220.1	319	236.8	327.1	304.1	518.4	474.5	318.3	358.6	149	263.4
Phf13	371.7	381.3	571.8	379.3	379.7	373.4	629.3	352.5	336.8	454.5	492.8	136.9	564.2	348.5	435.5	492.8	431.3	384.2	483.9	266.8	230.8	250.6	141.6	133.3
Slc38a9	616.3	504.9	548.5	797.6	690	591.7	721.2	511.1	503.2	402.8	580.3	512.7	489.2	659.5	400.5	583.9	867.4	909.5	731.2	434.8	257	219.2	124.8	174.7
Cd300lf	0	0	19.8	0	0	0	0	5.9	0	0	0	43.8	0	0	2.9	0	0	11.6	0	50	300.8	261.5	8.7	14.2
Akap10	253	226.1	222.4	322.8	300.3	335	168.8	291.8	293.7	353.8	240.8	86.8	537.9	259.7	346.6	293.5	355	471.5	239	186	529.9	476.8	663.6	810.8
Ccdc88b	388.5	411.3	230.1	172.8	204.5	212.8	252.7	175.3	248.5	220.5	224.4	392.8	363.9	176.1	263.6	176.1	191.4	235.7	187.9	269.3	593.6	607.6	505.2	441.3
Trim16	19.9	27.1	10.6	63	0	54.9	40	24.5	90.4	53.1	113.7	69.8	159.6	148.9	115.1	63.8	323.5	128.1	318.6	205.2	361.2	343	628	535.8
Pygo2	757	371.7	833	644.4	664.2	389.9	758.2	894	610	639.6	522.7	1081.7	808.4	555.3	649.6	789.3	622.7	819.3	733.6	769.5	1651.9	1569.9	1209.8	1328.4
Cdca4	1121.3	979.9	1538.9	1085.6	1130.4	1427.9	1730.2	1807.5	2731.5	2073.9	2288.4	2710.1	1809.2	2186.8	1998.2	2046.2	2167.3	2334.1	2171	2122.6	2146.8	2150.1	1517.8	1691.4
Diras2	0	0	0	0	0	0	8	0	30.8	46.3	134.6	133.3	0	19.8	128.2	91.1	0	0	4.8	39.8	92.3	104.9	87.2	115.8
Bri3	1040.4	668.1	766.6	650.9	589.9	847.1	678.3	643.3	343	522.6	503.3	687.1	628.9	509.1	541.8	709.4	868.6	419.1	787.1	586.1	11.9	9.4	4	6.5
Bex4	2256.2	1797.3	1371.6	1535.5	711.4	1779.3	770.2	799	671.6	404.2	471.1	216.5	105.3	326.4	192.2	93.1	126	324.5	88	307.8	4	7	2	11.6
Lonp2	621.5	772.8	569	399.9	400.4	689.2	317.7	387.7	423.1	435.5	499.6	535	391.9	349.9	297.1	350.1	483.4	368.2	441.1	386	1067	950.6	1018.5	1128.5
Gimap6	2182.7	2744.9	1398.5	1463.8	1770.3	921.2	822.1	754.9	483.7	378.3	507.8	299.7	1713.4	706.4	501	852.1	1404.1	1204.9	1178.2	1371	2230.4	2274.6	73.8	42.1
Gpr157	312.9	252.5	206.1	120.6	200.2	192.2	69.9	99.9	96.5	136.1	87.5	84.1	34.3	8.8	77.2	88	176.9	64	79.7	62.8	62.9	72.8	27.5	62.8
Usp14	854.6	1104.3	1101.3	1635.5	1375.6	1109.3	2074.8	1719.4	1414	1748.6	2086.5	2052.4	1923.3	1973.3	2210.8	2240.5	1171.5	1239.8	1392.3	1305.6	1558.8	1635.7	3793	3586.7
Cxcr5	0	0	0	0	0	0	0	0	0	8.2	0	0	0	0	0	0	0	1.5	0	0	198.9	182.4	0	0
Rell1	306.6	583.2	230.8	156.5	331	336.4	198.8	319.2	385.1	287.1	313.3	320.3	541.9	542.9	388.9	452.3	386.5	413.3	360.3	591.2	1274.7	1371	250.9	182.5
Tnrc6b	3058.3	3256.4	3066.6	3563.3	2680.4	3128.9	3268.5	2783.7	2890.7	2495.7	3111.8	2441.6	2895.4	3141.9	2605.5	2736.3	2406	3995.8	2923.6	2032.8	857	847.2	264.4	396
Sstr2	0	0	16.9	21.7	24.3	0	115.9	54.8	0	0	26.2	0	0.8	0	77.2	21.3	176.9	688.3	444.7	492.5	224.4	190.3	0	10.4
Gm8566	149.1	152.2	128.5	93.5	159.4	208.7	184.8	134.1	107.8	102.1	59.8	172.7	134.9	222.3	119.4	88	173.2	136.8	103.4	189.8	0.8	0.8	0.7	0.6
Ankrd16	743.3	499.1	811.8	1042.2	440.4	509.4	571.4	667.8	666.4	651.8	497.3	277.4	242.6	439.4	512.7	661.8	528.2	566.1	549.3	370.7	110.6	99.4	63.1	113.2
Trappc9	392.7	267.8	322.6	314.1	303.1	274.6	247.7	258.5	190	160.6	378.4	234.4	412.6	124	297.1	420	216.9	222.6	373.3	168	1140.2	1133.8	637.4	509.9
Marcksl1	510.2	331.5	377.7	359.7	725.7	847.1	1072.9	777.4	471.3	777	214.6	348	634.5	980.1	875.3	455.4	1018.9	845.4	807.3	991.4	3166.9	3388.8	551.5	601.8
Gp5	236.2	322.7	214.6	154.3	235.2	458.6	300.7	268.3	1277.4	624.6	806.9	1244.5	20	110	126.7	51.6	0	78.6	0	83.4	8.8	10.2	13.4	22.6
Kcna3	0	0	0	0	0	0	0	0	0	0	0	0	55.9	0	0	0	0	0	26.2	0	923	849.6	122.8	210.9
Ino80c	501.8	728.9	500.5	332.5	540.5	383	460.5	399.5	921.1	683.1	859.3	906.3	502	537	480.6	519.1	388.9	605.3	453	527.1	831.5	778.3	779	850.3
Prrg1	67.2	188.1	91.8	215.2	137.3	271.8	83.9	203.7	61.6	164.7	118.9	93.9	76.6	157.7	150	86	78.7	0	55.9	18	11.9	16.4	95.9	47.2
Gigyf2	1664.1	2101.7	1085.7	1488.8	1193.3	1212.3	674.3	1388.4	1416.1	1064.2	1609.4	1541.6	1552.2	1019.7	954	993.7	1473.2	1172.9	1110.5	702.8	616.7	648.3	638.1	392.8
Timm8a1	184.8	208.6	177.2	156.5	200.9	561.5	275.7	164.5	231	351.1	293.9	380.2	346.4	432.1	451.5	175.1	250.8	324.5	223.5	468.1	56.5	58.7	95.3	99
Isg20l2	722.3	881.1	827.4	578.1	750.7	1094.2	921	784.3	1050.5	1080.5	187	110	1037.5	1404.8	1037	187.2	999.5	1011.3	127.2	405.3	809.2	831.5	788.4	814
Arxes2	145.9	158.8	122.8	244.5	177.3	333.6	216.8	207.6	92.4	70.8	130.1	213.8	99.8	22.7	84.5	72.9	145.4	157.2	134.4	120.6	10.3	8.6	28.2	23.3
Zbtb33	352.8	395.2	384.7	303.2	473.3	378.9	564.4	351.5	458	284.4	382.1	318.5	342.4	449	372.8	366.3	236.2	478.7	342.4	268	28.6	39.2	38.9	46.6
Ldlrad3	514.4	451.5	334.6	552.1	286	477.8	159.8	210.5	154	488.5	237.8	127	222.7	374.1	305.8	254	199.9	282.3	323.4	306.5	389.9	419.7	696.5	879.4
Arf1	5314.5	5241.1	7321.9	6928.9	5195	5235	6163.5	6830.5	6166.5	7421.9	8148.5	9245.9	6256.8	5790.9	8220	9110.6	5300.2	6898.9	7521.3	8655.8	5075.8	5134.9	7806.8	7127.5
Taf13	443.1	327.1	379.1	490.1	561.3	280.1	224.8	349.6	297.8	394.6	388.1	306.9	458.9	193.7	377.2	407.8	218.1	324.5	341.2	343.7	198.1	205.9	189.2	168.2
4632415L05Rik	346.5	303.7	255.5	311.9	391.8	215.6	207.8	195.8	210.5	217.7	273	90.4	178	230.3	190.8	346.1	167.2	544.2	294.9	197.5	110.6	109.6	95.3	107.4
Rbm15	351.7	450	428.5	517.3	1115.4	937.7	940	608	540.1	669.5	738.1	320.3	940.9	647	718	527.2	800.8	628.6	693.2	502.8	399.4	355.5	286.5	299.6
Arid4a	4548.1	4959.3	2340.9	3720.9	2557.5	2920.2	1858	2480.2	2263.3	1729.6	2713.2	2459.5	3323.1	2402.5	2100.2	2539	3372.8	3732.5	3818.9	2188	803.7	876.2	482.4	480.8
Entpd1	81.9	67.3	64.9	38	35	1.4	82.9	75.4	24.6	0	18.7	0	139.7	157.7	64.1	70.8	252	66.9	154.6	100	376.4	382.9	169.1	122.9
Nat8l	141.7	94.4	90.4	35.9	21.4	35.7	57.9	62.7	0	35.4	70.3	53.7	106.1	79.2	163.1	97.1	127.2	23.3	192.6	156.5	70.8	71.3	119.4	141.1
Nwd1	120.7	185.9	80.5	195.6	210.9	89.2	87.9	137.1	83.2	24.5	91.2	130.6	103.7	111.5	37.9	125.5	130.8	126.6	40.4	33.3	36.6	45.4	30.2	45.9
Kmt2d	1508.7	1500.9	1466.2	1865.9	1447.8	1488.3	1098.8	1699.8	1178.9	1266.9	1568.2	1341.2	1236.2	1218.5	1469.5	1683.9	1296.3	1605	1760.8	1327.4	1430.7	1654.5	535.4	493.1
Selplg	860.9	567.9	859.8	943.3	742.1	759.2	1254.7	1030.1	701.4	1268.3	1310.2	1388.6	1233.8	1144.4	1570	1685.9	1223.6	1875.7	1977.2	2415	13851.6	14102.6	7466.6	7416.1
Mcmbp	1159.1	1169.4	1266.4	1531.2	1411.4	1850.7	2172.7	2022.9	1388.4	1937.8	2070.8	1370.7	2335.9	2185.3	2187.5	2240.5	1982	1935.4	2297	2023.8	2524.8	2403	3450.2	3435.9
Asb8	677.2	771.3	500.5	512.9	535.5	343.2	447.5	617.8	587.4	530.7	413.6	422.3	367.1	267	464.6	610.2	430.1	547.1	342.4	563	677.1	544.2	1091	857.4
Cracr2b	283.5	222.5	212.5	248.9	76.5	127.7	33	73.4	0	2.7	12	23.3	39.1	0	7.3	34.4	3.6	4.4	0	11.5	0.8	8.6	226.1	286
Amigo2	80.8	188.1	355.8	204.3	20	101.6	9	86.2	0	23.1	80	39.4	24.7	0	13.1	38.5	9.7	24.7	0	18	14.3	7.8	28.2	18.1
Mfap1b	612.1	256.1	424.3	232.6	511.9	372.1	345.6	394.6	502.1	359.3	208.6	191.5	324	327.9	313.1	145.7	182.9	205.2	318.6	275.7	179.8	137	169.8	141.1
Fbxo10	199.5	155.9	235.8	242.3	59.3	157.9	105.9	209.5	124.3	103.4	180.2	67.1	232.2	143	81.6	68.8	110.2	187.7	140.3	137.2	83.5	86.1	14.1	60.8
Rnf149	284.5	359.3	204.7	213	426.8	464.1	306.7	250.7	393.3	366.1	312.6	101.1	442.9	407.9	474.8	279.3	651.8	398.7	422.1	182.1	437.6	379	628.7	689.8
Crebrf	1880.4	2444.2	2178.5	2578.8	1327	1942.7	1563.3	1525.5	897.5	1419.3	1134.5	708.6	1604.9	1423.9	1185.5	1091.9	1274.5	1724.4	1515.9	845.2	422.5	422.8	128.8	83.5
Dip2c	193.2	103.2	228	318.4	214.5	67.3	134.9	40.1	237.2	95.3	38.1	69.8	85.4	44.7	78.6	81	209.6	264.8	108.2	102.6	83.5	83.8	16.8	10.4
Rbm33	1254.6	1279.9	1325	1432.3	1677.3	974.8	836.1	1559.8	1048.5	1205.7	1797.8	1167.6	1345.5	985.9	908.8	1267	1811.2	1555.6	1468.3	1040.1	703.4	803.4	151	225.8
Syngr2	610	480.1	837.2	583.6	544.1	637	1012.9	907.7	892.4	1125.4	900.4	1410.9	826.8	818.7	783.6	760	585.1	807.6	895.3	1026	5086.9	5212.4	5536.9	5635.3
Sacs	95.5	471.3	204.7	435.8	515.5	767.5	424.6	376	683.9	638.2	323.1	384.7	454.9	554.6	364.1	333.9	699	833.8	405.4	457.9	261.8	207.5	95.9	157.2
Zfp738	328.6	164.7	292.3	318.4	353.2	199.1	175.8	334.9	285.5	285.8	215.4	283.6	180.4	216.4	221.4	381.5	147.8	247.4	297.2	183.4	74	90.8	73.8	99
Frmd6	700.3	512.3	763.8	377.1	607	723.5	506.5	571.8	267	436.8	200.4	225.5	987.2	298.6	674.3	450.3	1000.7	1123.4	1122.4	967	533.9	586.5	66.4	70.5
Ankrd46	873.5	602.3	811.8	781.3	641.3	848.5	531.4	609	499.1	891.3	623	746.2	549.9	424	579.7	794.4	588.8	570.4	823.9	596.4	770.2	753.2	1235.9	1257.3
Pskh1	323.4	544.4	453.2	531.4	428.3	469.5	286.7	493.5	498	342.9	510.8	653.1	608.9	494.4	308.8	560.6	238.7	331.8	419.7	352.7	736.8	796.3	909.8	737
Ckap2l	243.6	92.9	303.6	215.2	1026	830.6	455.5	844	2296.1	1415.2	1652.7	2023.8	444.5	996.9	608.8	987.7	1055.2	740.7	730	774.6	1565.9	1515.9	756.9	954.4
Coa7	211	224.7	227.3	170.6	363.9	245.8	234.8	288.8	228	170.1	201.2	144	298.5	278	97.6	131.6	198.7	205.2	262.8	184.7	271.3	288.9	304.6	284.1
Pdp2	231	253.2	199.1	280.4	207.3	247.1	124.9	261.4	218.7	142.9	170.5	93	219.5	128.4	163.1	110.3	146.6	234.3	162.9	252.7	164.7	165.2	171.1	155.9
F2r	1327.1	1267.5	1714.7	1755	1931.2	2062.1	2350.5	2131.6	4063.4	4885.3	4741.3	2821	652.8	1013.8	943.8	1015	444.6	689.7	467.3	615.6	110.6	113.5	118.8	34.3
Socs4	822.1	927.2	717.2	564	807.9	1118.9	818.1	795.1	1087.5	838.3	637.2	434.8	1154.8	989.6	1058.8	638.5	980.1	857.1	733.6	691.3	168.7	204.4	168.4	187
Fam171b	208.9	178.6	57.9	313	45	85.1	77.9	49	149.9	13.6	0	108.3	0	0	0	1	26.7	0	0	5.1	14.3	18	0	12.3
B330016D10Rik	122.8	57.1	87.5	69.5	50	64.5	204.8	110.6	41.1	64	14.2	34.9	51.9	41.8	138.4	102.2	111.5	72.8	59.4	47.5	68.4	77.5	36.9	29.1
Zfp407	379	604.5	353	391.2	455.4	270.5	161.8	563	477.5	393.3	703.7	351.6	121.3	319.8	235.9	402.8	594.8	392.9	361.4	109	307.1	303.8	197.9	260.1
1810026J23Rik	274	327.8	617.7	471.6	293.9	502.5	464.5	489.6	269	465.4	350	675.5	252.2	488.6	623.3	382.5	335.6	819.3	412.6	255.2	950.9	961.5	2511.5	2144.4
Nupl2	113.4	120	229.4	160.8	50	68.6	106.9	156.7	76	107.5	107.7	85.9	261	136.4	219.9	218.6	69.1	149.9	141.5	137.2	236.3	213.8	436.8	348.8
Cyp4f16	286.6	147.1	235.8	192.3	19.3	339.1	205.8	115.5	122.2	142.9	50.1	114.5	194.7	116.6	90.3	108.3	37.6	103.3	118.9	28.2	152.8	160.5	318	275.7
Smim5	179.5	176.4	237.9	96.7	181.6	233.4	557.4	213.5	297.8	602.8	694.7	791.8	289.7	147.5	147.1	326.9	109	27.6	121.3	203.9	1394.9	1389.8	107.4	106.1
Ccdc57	85	84.9	26.8	118.5	74.4	0	16	118.5	4.1	2.7	74.8	50.1	59.1	38.9	5.8	66.8	65.4	30.6	44	83.4	98.7	100.2	80.5	93.8
Fitm2	61.9	71	127.8	161.9	61.5	45.3	41	178.2	99.6	159.2	114.4	129.7	133.3	58	101.9	113.3	20.6	158.6	88	129.5	131.3	112	217.4	232.9
8430408G22Rik	19.9	0	26.1	0	72.9	0	26	0	0	59.9	0	0	30.3	0.7	23.3	23.3	107.8	81.5	183.1	93.6	130.5	131.5	0	5.8
Nrip1	2463	2700.3	2488.4	2701.6	2582.5	3647.9	2287.6	2536.9	2615.5	2316.1	3053.4	2348.6	3142.8	2737.7	2719.1	2502.6	2581.7	1849.5	2096.1	1260.7	1264.4	1296.7	385.8	619.9
Tyw5	326.5	38.1	125	79.3	124.4	81	115.9	98.9	215.6	133.4	102.5	49.2	123.7	181.9	125.3	78.9	86	109.1	63	128.3	79.6	57.2	163.7	122.3
Mmgt2	248.8	528.3	276	269.5	311	458.6	415.6	424.9	172.5	560.7	335.8	500.1	413.4	465.1	402	546.5	560.9	599.5	625.4	396.3	437.6	409.5	344.9	448.4
Amica1	0	0	0	0	40.8	0	0	70.5	0	27.2	27.7	27.7	0	0	0	11.1	9.7	61.1	20.2	89.8	1208.7	1232.4	61.1	105.5
Phldb1	152.2	46.8	62.8	100	76.5	166.1	90.9	163.5	136.6	61.2	63.6	139.6	39.9	68.2	65.5	44.5	41.2	11.6	47.6	110.3	58.1	61.9	2.7	4.5
Tob2	935.5	862.8	721.5	750.9	1076	822.4	898	586.5	561.7	567.5	837.6	463.5	649.6	1143.7	914.6	829.8	1046.7	845.4	589.7	905.5	1429.1	1496.3	1318.5	1221
Thnsl1	232	161.7	285.9	193.4	123.7	469.5	326.7	351.5	155.1	81.6	114.4	195	29.5	165.8	62.6	142.7	116.3	234.3	299.6	225.7	179	151.1	140.9	157.2
Mlec	1225.2	1942.9	1545.3	1423.6	3140.9	2523.5	2244.6	2594.7	3777.9	2944.8	4043.6	3956.4	3848.3	4406.6	3212.9	3989.1	2942.7	3271.2	3279.1	3196.1	7381.7	7335.9	10459.9	12060.1
E130311K13Rik	48.3	189.5	160.2	102.2	154.4	60.4	58.9	100.9	9.2	51.7	77	95.7	122.1	16.1	58.3	107.3	26.7	141.1	48.7	138.5	46.9	22.7	89.9	56.3
Igf2	99.7	71	109.4	98.9	27.9	33	28	18.6	0	0	0	0	0	0	5.8	0	0	0	0	69.3	0	1.6	0	0
Myof	1831	1489.2	1865.1	1640.9	281	693.3	668.3	592.4	10.3	25.9	30.7	40.3	347.2	91	161.7	352.2	758.4	822.2	807.3	718.2	118.6	109.6	4	24.6
Ctxn1	19.9	22.7	24	39.1	55.8	33	43	103.8	44.2	47.6	29.9	174.5	124.5	80	80.1	120.4	107.8	152.8	249.7	70.5	63.7	86.1	0.7	3.2
Lemd3	528.1	496.9	418.6	584.7	499.1	554.7	314.7	410.3	590.5	466.8	379.2	416	483.6	457	348.1	440.2	806.8	567.5	585	470.7	378	356.3	299.9	267.2
Rhno1	662.5	476.4	353	524.9	624.2	705.7	542.4	633.5	687	857.3	750.8	1091.5	338.4	629.4	284	526.2	734.2	561.7	497	525.8	697.8	685.1	260.3	272.4
Tpcn2	40.9	8	4.2	9.8	23.6	23.3	12	4.9	10.3	28.6	3.7	0	8	32.3	1.5	5.1	9.7	0	4.8	5.1	126.5	135.5	75.8	163.7
Mex3d	115.5	158.8	128.5	92.4	164.4	74.1	221.8	91.1	68.8	157.9	12	21.5	57.5	49.2	234.5	19.2	111.5	128.1	21.4	92.3	187.8	161.3	73.1	111.9
Ccdc6	877.7	1081.6	1664.6	1729	1049.6	1356.5	1605.3	1397.2	687	1113.1	1578.7	1137.2	810.8	906	1258.3	1097	746.3	2011	1267.4	1192.8	221.2	185.6	165.1	177.9
Tprn	101.8	196.9	209	223.9	372.5	227.9	232.8	124.4	238.2	160.6	205.7	438.4	203.5	192.9	215.6	106.3	161.1	261.9	196.2	216.7	675.6	725.8	677.7	841.2
Tbc1d12	136.5	191	223.8	184.7	88.7	120.8	85.9	154.7	168.4	142.9	36.6	157.5	66.2	35.9	163.1	93.1	43.6	42.2	30.9	57.7	21.5	25.8	20.8	29.1
Ggnbp1	402.1	120.7	165.9	270.6	95.1	167.5	109.9	104.8	45.2	34	119.7	150.3	61.5	13.9	61.2	67.8	70.3	74.2	111.8	74.4	4	4.7	3.4	2.6
Prss50	1	29.3	19.8	54.3	0	0	4	13.7	79.1	43.5	42.6	226.4	0	10.3	68.5	47.6	0	21.8	8.3	55.1	0.8	1.6	4	0
Mcat	252	293.4	444.7	343.4	184.5	255.4	284.7	289.8	267	201.4	416.5	306	344	247.2	479.2	253	138.1	695.6	375.7	260.4	642.9	744.6	988.3	799.1
Foxo3	2434.7	2403.2	2690.3	3572	2476	1946.8	2178.7	2691.6	2093.8	2207.2	3601.6	3279.1	2152.4	1878.7	2666.7	4466.8	2444.8	2454.8	3518.1	2276.5	147.2	144.9	172.4	93.8
Rpl29	3402.7	3155.5	3716	2716.8	4184	4784.7	4565.2	3783.4	4835.6	3961.3	3695.1	4981.7	3064.6	4590	4568.8	3103.7	4890.7	4250.5	4172	5113.4	466.3	469	634.1	656.8
Hoxb3	773.8	876.7	606.4	664	467.6	740	199.8	326.1	58.5	84.4	143.6	115.4	219.5	322	250.5	159.9	285.9	193.5	306.7	80.8	0	1.6	0	1.9
Tmem53	79.8	99.5	156.7	121.7	101.5	61.8	90.9	16.6	1	57.2	26.9	0	50.3	0.7	59.7	40.5	65.4	0	30.9	48.7	10.3	20.4	106	99.6
Dcun1d3	111.3	85.6	174.4	220.6	88.7	53.5	92.9	136.1	34.9	25.9	53.1	56.4	69.4	13.2	80.1	58.7	196.3	61.1	73.7	62.8	74.8	96.3	60.4	56.3
Cyb561d1	51.4	117.8	165.9	94.5	178.7	71.4	204.8	236	159.2	197.3	283.4	337.3	126.1	89.5	72.8	136.6	167.2	65.5	149.8	192.4	235.5	277.2	76.5	146.9
Cep120	489.2	352	338.8	456.4	252.4	318.5	277.7	247.7	156.1	193.2	512.3	620	251.4	404.9	268	300.6	362.2	232.8	355.5	383.5	628.6	802.6	300.6	375.3
Slc35e4	28.3	82.7	63.5	144.5	65.1	5.5	10	55.8	0	49	74.8	0	41.5	0	80.1	32.4	15.7	0	48.7	30.8	90.7	99.4	217.4	249.1
Vps37c	135.4	145.6	171.5	143.4	153	78.3	65.9	142	357.4	191.9	145.8	31.3	215.5	281.7	110.7	129.5	418	327.4	265.1	234.7	964.4	1005.4	994.4	745.4
Slc39a9	499.7	549.6	588	418.4	757.2	768.8	558.4	728.5	566.8	768.9	729.1	518.9	707.9	609.6	447.1	774.1	808.1	638.8	639.7	495.1	919	927.1	1222.5	1288.3
Gm12185	111.3	158.8	178.6	141.3	20.7	0	5	76.4	0	104.8	0	56.4	0	67.5	11.7	37.4	13.3	106.2	58.3	59	11.1	9.4	6	0.6
Arhgap30	2189	1901.2	1094.2	1356.2	2339.4	2280.4	1879	1849.6	1512.6	1002.9	1537.6	1547.8	2758.9	2573.4	2063.7	2358.9	3610.2	3279.9	3238.7	2129	3158.9	3330.9	1297.7	1278.6
Phf3	3900.3	4113.4	3733	4277.3	2972.2	3528.4	3678.1	3646.3	3376.4	3272.8	4009.9	3089.4	3349.5	3665	3788.2	3845.4	3673.2	2993.2	3930.6	3157.6	901.5	786.1	801.8	556.5
Hexim1	1201.1	791.8	1443.6	1808.3	595.6	918.5	1025.9	1347.3	908.8	1208.4	1197.3	847.3	860.3	636	1236.5	1012	621.5	1098.6	1200.8	856.7	120.2	109.6	101.3	69.2
Cdk5r1	73.5	92.2	57.2	12	65.1	49.4	26	81.3	27.7	40.8	86	25.1	116.5	150.4	116.5	39.5	73.9	37.8	108.2	83.4	31	10.2	16.1	26.5
Zfp710	336	213.7	301.4	247.8	417.5	381.7	311.7	449.4	168.4	368.8	317.1	278.3	371.9	151.9	324.8	409.8	361	516.6	363.8	310.4	498.1	584.1	583.8	751.9
4930539E08Rik	108.1	26.3	116.5	95.6	62.9	2.7	28	20.6	60.6	44.9	43.4	0	36.7	168.7	1.5	89.1	247.1	88.8	183.1	103.9	89.1	94.7	61.7	58.2
Rnf24	205.8	232.7	171.5	261.9	210.9	101.6	116.9	154.7	98.6	83	77	2.7	244.2	140.8	116.5	74.9	227.8	61.1	223.5	146.2	42.2	42.3	34.9	62.8
Fkrp	499.7	540.8	756.1	376	521.2	450.3	351.6	508.2	249.5	465.4	445	506.4	360.7	522.3	560.7	585.9	375.6	663.5	492.2	384.8	574.5	583.3	674.3	724.1
Zfp689	25.2	40.2	80.5	43.5	138	79.6	40	60.7	63.7	44.9	140.6	14.3	22.3	39.6	80.1	71.8	66.6	23.3	55.9	71.8	132.1	140.9	139.6	110.6
Cdca2	159.6	191	169.4	271.7	777.9	830.6	332.6	414.2	939.6	725.3	686.5	1108.5	103.7	747.5	493.7	682.1	1072.2	944.4	947.6	738.7	1326.4	1310.7	762.2	853.5
Ccdc125	396.9	234.9	153.2	296.7	163	524.5	159.8	227.2	142.7	118.4	59.8	169.1	337.6	473.2	231.6	188.2	427.7	227	265.1	241.1	219.6	253.7	710.6	608.9
Tada3	271.9	271.5	336	297.8	345.3	214.2	317.7	290.8	268	205.5	424.8	176.3	315.2	223.7	327.7	252	313.8	458.4	203.3	257.8	443.2	421.3	388.5	524.1
Prex2	382.2	313.9	396.7	252.1	96.5	155.1	187.8	80.3	4.1	5.4	62.8	0	27.9	74.8	42.2	44.5	38.8	0	34.5	25.7	5.6	0	0	0
Mrgpre	102.9	72.4	137	79.3	77.9	49.4	158.8	179.2	26.7	80.3	80.8	50.1	58.3	32.3	144.2	201.4	134.5	101.9	60.6	78.2	300	250.6	26.2	68.6
C1galt1c1	378	120	200.5	205.4	250.2	190.8	251.7	304.5	106.8	147	242.3	229	126.1	80.7	321.9	331.9	252	203.7	160.5	220.6	186.2	198.9	1662.7	1635.8
Atxn7l2	69.3	105.4	94.6	94.5	160.9	103	140.9	72.5	97.6	66.7	89	14.3	68.6	77	65.5	115.4	115.1	179	104.6	211.6	281.7	323.4	136.9	122.9
Ndnf	194.2	150.7	201.9	197.8	0	0	1	32.3	0	0	0	0	0	0	67	0	46	32	0	0	1.6	1.6	0	0
Tmem121	21	0.7	7.1	1.1	0.7	6.9	0	23.5	0	28.6	15	80.5	97.4	0	49.5	17.2	66.6	72.8	64.2	64.1	467.9	486.2	2.7	0
Mterf2	273	54.9	165.2	69.5	209.5	152.4	50.9	50.9	148.9	51.7	35.1	122.6	35.9	5.9	46.6	78.9	156.3	33.5	70.1	112.9	105.8	134.7	35.6	44
Rapgef4	97.6	60	97.4	251	213.8	93.4	0	71.5	22.6	23.1	29.9	76.9	126.9	81.4	84.5	124.5	216.9	27.6	10.7	15.4	18.3	10.2	10.1	23.9
Armcx3	140.7	243.7	193.4	100	174.5	173	74.9	228.1	263.9	133.4	101.7	169.1	224.3	162.9	212.6	76.9	224.1	224.1	149.8	59	39.8	30.5	71.8	86.1
Acap2	736	1241.8	1649.1	1702.9	808.6	1280.9	1561.3	2064	1250.7	1540.4	1230.9	425	1152.4	1305.8	2050.6	1395.5	1497.4	2580	1739.4	1326.1	937.3	952.9	703.2	743.5
Bmyc	159.6	352.7	235.8	377.1	180.2	300.7	216.8	276.1	580.2	179.6	213.9	373.1	461.3	270.7	308.8	390.6	464	651.9	420.9	525.8	377.2	382.9	173.8	172.1
Zadh2	726.5	1023	1220.6	1266	945.2	782.6	1253.7	943.9	860.5	902.2	851.8	1168.5	641.6	429.1	933.6	525.2	553.6	785.8	722.9	613	290.4	258.4	488.5	676.8
Sephs2	456.7	465.4	349.4	279.3	711.4	799	597.4	540.5	843.1	434.1	332	426.8	626.5	724.8	639.4	741.8	481	564.6	489.8	818.3	1468.1	1349.9	2982.5	3282.6
Ccr2	0	13.2	185.7	12	0	0	481.5	303.5	0	250.4	18.7	404.4	123.7	314.7	285.5	55.7	155.1	266.3	86.8	643.8	459.9	489.4	2507.4	2773.3
Dcaf5	1365.9	1279.9	1066.7	1011.7	800.1	1302.9	562.4	766.7	654.1	545.7	650.6	701.4	781.3	661.7	898.6	649.7	703.9	752.3	1046.3	581	545.1	552.8	307.3	394.1
Fam110b	673	406.9	481.4	654.2	446.9	683.7	839.1	460.2	320.4	308.9	328.3	584.2	288.1	300.8	400.5	259.1	371.9	190.6	422.1	112.9	83.5	83.8	20.8	22
Gm8186	260.4	128.8	150.4	198.9	97.2	476.4	341.6	141	286.5	249	109.2	157.5	322.4	356.5	399.1	162.9	203.5	312.9	181.9	196.2	15.9	11.7	25.5	7.1
Zfp518a	719.2	465.4	798.4	687.9	695.7	771.6	842.1	691.3	806.1	992	977.4	778.4	450.9	622.1	614.6	565.7	611.8	870.2	730	642.5	413.8	288.9	437.5	493.7
Rgag4	423.1	725.2	448.3	527.1	185.9	413.3	371.6	218.3	166.4	104.8	163	179.8	209.9	297.1	176.2	310.7	353.8	282.3	335.3	119.3	45.4	42.3	9.4	2.6
Pdp1	225.7	234.2	398.1	484.7	339.6	199.1	281.7	258.5	166.4	566.1	163	269.3	162	228.9	244.7	188.2	189	326	158.1	278.3	230.8	195.8	378.4	452.9
Tigd2	674	770.6	802.6	1179.1	923	702.9	914	896.9	1041.3	830.1	1150.9	1074.5	806	889.1	540.3	808.6	1193.3	1279.1	1155.7	620.7	415.4	339	350.3	337.8
Mblac1	194.2	66.6	82.6	120.6	192.3	145.5	72.9	124.4	38	174.2	169.8	189.7	139.7	282.4	174.8	89.1	164.8	0	63	142.4	94.7	80.6	312	276.9
Iba57	148	267.8	251.3	284.7	91.5	86.5	298.7	194.8	207.4	197.3	434.5	292.6	205.1	81.4	278.2	167	284.7	167.3	332.9	218	267.4	260.7	284.5	224.5
Lix1l	112.3	211.5	166.6	127.1	57.2	92	202.8	101.8	196.1	202.8	124.1	68	284.1	135	87.4	117.4	89.6	48	48.7	87.2	0	4.7	2	0.6
Zfp219	462	674	437	364	471.9	499.7	526.4	354.4	249.5	244.9	428.5	721.1	369.5	501.8	291.3	496.9	375.6	426.4	538.6	278.3	505.3	519.1	400.6	403.1
Trappc1	496.6	414.2	623.3	781.3	758.6	637	1214.7	808.8	650	945.8	1226.5	913.5	707.9	473.2	757.3	883.4	370.7	791.6	746.7	756.7	470.3	463.5	540.1	596
Prmt6	709.7	632.3	530.2	555.3	468.3	319.9	249.7	391.7	310.1	317.1	240.8	591.4	486	222.3	352.5	361.3	513.7	596.6	492.2	455.3	280.9	262.3	399.2	355.2
Ccdc71	207.9	255.4	283.1	261.9	267.4	142.8	181.8	190	333.7	179.6	313.3	374.9	418.2	338.2	206.8	477.6	375.6	117.9	368.6	200.1	750.3	600.6	463	493.1
Fut4	168	322	110.8	170.6	183.7	100.2	317.7	140	163.3	23.1	46.4	1.8	228.2	198.8	346.6	56.7	216.9	65.5	71.3	110.3	170.3	258.4	758.2	801.1
Sorl1	80.8	270.8	112.2	259.7	65.1	179.9	321.7	296.7	82.2	239.5	171.3	153	266.6	361.7	297.1	110.3	428.9	362.3	285.3	914.4	1710.8	1662.3	1511.7	1438.4
Zfp2	99.7	173.4	209	309.7	175.2	236.1	176.8	175.3	75	76.2	103.2	21.5	98.2	138.6	56.8	192.3	104.2	39.3	161.7	180.8	46.9	29	87.9	47.2
Smcr8	151.2	172	103.8	52.2	149.4	192.2	27	171.3	3.1	73.5	91.2	33.1	30.3	81.4	65.5	77.9	117.5	165.9	93.9	91.1	421.7	328.9	266.4	405.1
Setd8	833.6	1200.1	1176.8	1149.7	1714.5	1469	1035.9	1561.7	1756	1903.8	1448.6	1571.1	1881.8	2595.4	2004	1924.7	2046.2	2112.9	1650.3	2686.9	2419.7	2284.8	2575.9	2482.8
Fam134a	666.7	829.8	567.6	727	600.6	359.7	839.1	626.6	815.3	756.6	819.6	832.1	736.6	719.6	616.1	600.1	674.8	749.4	506.5	518.1	1520.6	1540.9	1613.7	1668.1
Dcaf7	1173.8	806.4	1452.8	1654	1884.7	2023.7	1574.3	1699.8	1606.1	1902.4	1559.3	1188.2	1917.8	2035	1995.3	1466.3	1507.1	1364.9	1910.6	1465.9	3570.3	3532.9	2524.9	2138.6
Ogfr	614.2	615.4	936.8	795.5	569.1	726.3	641.3	493.5	674.7	613.7	514.5	732.8	557	407.1	410.7	964.4	654.2	420.5	614.7	891.4	1433.1	1544.9	1000.4	1116.8
Tmem241	78.7	65.1	71.3	26.1	233.1	19.2	87.9	123.4	1	84.4	46.4	43.8	216.3	96.8	91.8	66.8	126	7.3	60.6	80.8	256.2	256	247.6	263.4
Zfp260	666.7	650.6	714.4	546.6	750	836.1	592.4	631.5	605.9	374.2	552.7	486.7	672.8	579.5	575.3	678	625.1	771.2	996.3	614.3	548.2	519.9	567.6	722.8
Chchd10	190	123.7	221	217.3	266	234.8	195.8	131.2	79.1	191.9	216.1	34.9	84.6	80	158.7	174.1	182.9	202.3	153.4	645.1	3073.8	3067.8	316	294.4
Cyp20a1	473.5	789.6	561.9	697.7	487.6	766.1	846.1	405.4	560.7	676.3	725.4	603	442.1	468	361.2	567.7	484.6	726.1	494.6	592.5	324.6	295.2	731.4	802.4
Aff4	1813.2	1483.3	1429.5	1180.2	1179	1275.5	1628.3	874.4	1185	783.8	510	502.8	1702.3	773.2	964.2	803.5	1136.4	1388.2	1034.4	668.2	605.5	638.9	256.3	336.5
Ctu2	187.9	241.5	185	190.2	75.1	82.4	160.8	140	140.7	170.1	219.1	246.9	43.1	84.4	112.1	122.4	30.3	155.7	98.7	289.9	677.9	694.5	776.3	705.3
Tmem67	152.2	65.9	103.8	120.6	176.6	19.2	109.9	125.3	15.4	96.6	88.2	86.8	118.9	33.7	139.8	100.2	110.2	132.4	185.5	130.8	113	111.2	123.5	149.5
Fam58b	442	297.1	602.9	628.1	509.1	686.5	635.3	694.2	759.9	1075	694.7	289.9	576.2	524.5	547.6	466.5	304.1	589.3	479.1	632.3	260.2	254.5	448.2	466.5
Dtx3l	2425.2	2392.9	2190.5	1911.5	2277.9	2527.6	1522.4	2228.5	1708.7	1828.9	1645.3	1886	2339.1	1964.5	2391.4	1947	2777.9	2070.7	2099.7	1866.1	1293.8	1221.5	954.1	1121.4
Proser1	590	635.9	626.2	746.6	467.6	528.6	582.4	379.9	492.9	367.4	430	507.3	416.6	547.3	550.5	542.4	623.9	452.6	756.2	493.8	406.6	386	203.3	166.3
Spty2d1	543.8	863.5	657.2	1002	852.3	457.2	710.2	831.3	807.1	632.8	842.8	579.8	648	614	958.3	770.1	567	490.4	648	501.5	1132.3	1089.9	816.6	702.7
Rps23	30230.5	24220.6	20220.1	18641.5	20181.6	25763.1	21810.9	16830.4	25712.2	18809.1	20864.8	22819.4	24608.4	23230.4	20777.3	17448.1	26297.6	23729.1	21402.2	22326.3	23.1	21.1	46.3	46.6
Sall2	494.5	409.1	497.7	478.2	424.7	262.2	218.8	301.6	121.2	210.9	251.3	191.5	151.6	163.6	150	327.9	304.1	221.2	290.1	233.4	29.4	39.9	2.7	1.3
Tceal1	266.7	117.1	91.8	34.8	118	173	288.7	44.1	16.4	133.4	32.9	0	71	31.5	90.3	8.1	15.7	52.4	9.5	92.3	15.9	18	19.5	10.4
Hist1h1a	1	24.9	0	0	1.4	124.9	65.9	47	12.3	137.4	74	85	59.9	151.1	116.5	33.4	134.5	23.3	82	18	124.1	168.3	45.6	39.5
Clip1	1204.2	1841.2	1134.4	1474.7	1121.1	881.4	866.1	1136.8	995.1	1168.9	872.7	1060.2	1410.2	1261.8	1406.9	1622.2	1383.5	1561.4	1605.1	1306.9	855.4	974.8	783.7	656.1
Fzd9	11.5	11	8.5	4.3	32.9	0	0	14.7	0	0	0	0	0	0	0	0	7.3	0	30.9	19.2	151.2	101.8	21.5	5.2
Polr1a	1006.8	1126.2	643.1	886.8	822.2	755.1	637.3	967.4	585.3	729.4	1260.1	1253.5	1071	908.9	892.8	855.1	774.1	781.4	1095	1064.5	909.5	824.5	924.6	992
Tmie	212.1	174.2	201.9	143.4	78.6	145.5	27	33.3	96.5	39.5	38.1	55.5	12	0	20.4	35.4	38.8	138.2	45.2	42.3	1.6	0	0	0
Ap5b1	99.7	24.9	50.8	9.8	1.4	31.6	0	64.6	63.7	32.7	34.4	243.4	0	45.5	45.1	51.6	31.5	40.7	38	111.6	300.8	303.8	815.2	635.4
Zfpm1	1252.5	1546.3	1010.9	855.2	1293.4	1237	909	1123.1	1582.4	1246.5	1758.2	2659.1	558.6	419.6	512.7	456.4	199.9	142.6	179.5	350.1	748	813.5	91.3	86.1
Ccdc69	421	411.3	461.7	469.5	436.1	480.5	382.6	246.7	331.7	230	233.3	274.7	310.4	221.5	260.7	250	106.6	142.6	398.3	375.8	429.7	425.2	257.7	281.5
Zbtb45	166.9	87.1	192.7	243.4	316	263.6	155.8	221.3	313.2	213.6	250.5	323.9	294.5	330.8	371.4	304.6	146.6	371.1	234.2	323.2	366	392.3	507.3	536.4
Zfp644	1718.7	2889.1	1803	2481	1978.3	2078.6	1415.5	1677.3	2331	1577.2	2260.7	2464	2635.2	1913.2	1641.4	2089.7	2546.5	1596.3	2042.6	2009.7	795.7	815.1	671.6	600.5
Slc17a5	281.4	311	394.6	172.8	311.7	291.1	388.6	374	489.8	428.7	250.5	101.1	387.9	287.6	262.2	365.3	139.3	276.5	369.8	306.5	157.5	146.4	255	258.2
Tifab	0	0	12	15.2	0	0	25	78.3	33.9	65.3	0	255	3.2	106.4	144.2	120.4	40	52.4	114.1	247.5	2375.2	2313.8	7837.7	8347.2
2310022A10Rik	252	345.4	310.6	210.8	238.1	340.5	403.6	290.8	496	375.6	511.5	212	375.9	668.3	463.1	272.2	318.6	187.7	360.3	414.3	559.4	701.6	445.5	407.7
Zbtb5	479.8	491	511.1	268.4	150.1	212.8	418.6	377	430.3	310.3	467.4	935.9	322.4	531.1	275.3	542.4	399.8	227	299.6	293.7	448.8	418.1	291.9	313.8
Bdp1	1418.4	1548.5	958	1376.9	1212.6	1057.2	1171.8	1575.4	1782.7	1611.2	981.2	898.3	1752.6	1935.9	1223.4	971.5	1587	1688	1373.2	1038.8	347.7	393.8	224.8	185.1
Aftph	2894.5	2741.3	2352.9	1959.3	1877.5	2313.4	1551.4	1933.8	1354.5	1575.8	860.8	819.5	1991.2	2096.6	1676.3	1397.5	1899.6	1885.9	1180.6	1367.2	923.8	994.4	714.6	788.1
Zbtb14	395.8	301.5	313.4	310.8	445.4	317.1	244.7	248.7	191	332	219.1	211.1	379.1	579.5	528.7	172	357.4	211	210.4	277	386.7	431.4	359.6	493.7
Urgcp	236.2	315.4	264.7	301	125.8	130.4	176.8	165.5	300.9	253.1	317.1	282.7	127.7	85.1	97.6	238.8	146.6	295.4	190.2	188.5	607.1	573.9	801.8	713.1
Orai1	1091.9	1193.5	983.4	894.4	657.1	659	625.3	830.3	276.2	526.6	506.3	484	683.9	1007.2	619	653.7	797.2	825.1	907.2	864.4	703.4	674.2	2195.4	2110.7
Fam109b	210	215.1	422.9	376	200.2	324	364.6	365.2	520.6	623.3	656.6	689.8	175.6	308.1	301.5	265.1	133.3	53.8	141.5	188.5	75.6	74.4	282.5	190.2
Lig4	91.3	74.6	85.4	29.3	13.6	41.2	200.8	155.7	95.5	201.4	60.6	9.8	64.6	26.4	37.9	107.3	52.1	34.9	35.7	123.1	140.8	137.8	73.1	69.9
Zfp668	256.2	537.9	141.9	235.8	250.2	108.5	214.8	245.8	424.1	174.2	92.7	300.6	279.3	327.2	173.3	181.1	356.2	296.9	338.8	389.9	343.7	378.2	284.5	272.4
Zfp646	282.4	286.9	247.1	226	167.3	236.1	58.9	348.6	703.4	230	275.2	223.7	278.5	396.1	118	172	376.8	394.3	161.7	454	672.4	746.2	273.1	359.8
Arhgap15	805.3	571.5	876.8	765	1045.3	1007.7	1070.9	585.5	891.3	1676.5	629.7	748.9	1259.3	1199.4	1076.3	1184	1813.6	1312.5	1229.4	560.5	1554.8	1450.1	1758	1763.9
Rpl36al	4642.6	3193.5	4712.8	3547	4332.8	4830	4094.7	3876.4	5397.3	5563	4644.1	6242.3	4110	5942.8	5541.7	4646.9	5451.7	4671	4935.3	6732	438.4	398.5	724	627
Zfp672	301.3	363	272.5	386.9	501.9	308.9	197.8	247.7	216.7	264	247.5	314.9	213.9	272.9	237.4	492.8	206	304.1	275.8	225.7	287.2	267	418	383.1
2410015M20Rik	1176.9	740.6	655.1	457.5	845.1	693.3	1030.9	556.1	815.3	695.4	835.3	1311.6	470.1	523	400.5	557.6	668.7	352.1	633.7	714.4	578.5	487	758.2	646.4
Zfp280b	110.2	206.4	125.7	153.2	191.6	140	99.9	351.5	239.3	238.1	222.9	65.3	204.3	153.3	217	48.6	87.2	72.8	275.8	127	393.1	433	306.6	266.6
Tmsb4x	17058.6	10927	10695.6	8532.9	8279.4	10059.5	8855.6	10649.1	12130.6	11002.2	7407.4	9499.1	7603.2	11937.6	9616.7	6422.9	9141.8	9391.5	6891.1	21973.6	21157.7	20952.3	33255.6	30512.6
Fzd4	48.3	78.3	135.5	103.2	105.8	4.1	27	66.6	0	102.1	38.1	80.5	35.9	0.7	21.8	51.6	18.2	0	5.9	14.1	1.6	0	4	34.3
Bag5	517.6	483	408.7	288	573.4	269.1	420.6	605.1	715.7	449.1	316.3	518.9	162.8	244.3	439.8	540.4	393.7	518	386.4	456.6	605.5	609.2	786.4	887.8
Sertad2	1591.6	1167.2	1538.2	1367.1	925.2	943.2	1007.9	983.1	572	936.2	749.3	510.9	877.1	591.3	594.2	636.5	804.4	691.2	1026.1	623.3	321.5	286.6	156.3	136.5
Armcx4	76.6	86.4	129.2	131.5	80.1	50.8	171.8	129.2	120.1	50.4	151.8	27.7	377.5	39.6	243.2	113.3	305.3	499.1	480.3	284.7	35.8	25.1	4	19.4
Arhgap23	1001.6	523.2	720.8	896.5	577.7	642.5	557.4	545.4	573	342.9	377.7	306	658.4	391	608.8	573.8	189	286.7	356.7	214.2	175.9	193.4	142.2	170.2
Zbtb12	175.3	270	108.7	168.4	112.3	200.4	194.8	84.2	217.7	111.6	166.8	105.6	177.2	141.6	107.8	216.6	162.3	48	126	47.5	27.8	23.5	12.1	18.8
Suox	118.6	91.5	116.5	159.7	130.1	167.5	52.9	125.3	237.2	76.2	142.8	88.6	130.1	172.4	174.8	93.1	313.8	120.8	160.5	148.8	140.8	155	268.4	245.2
Arl4c	216.3	213.7	117.9	70.6	218.8	104.3	119.9	216.4	63.7	144.2	274.5	333.7	282.5	217.9	252	414.9	533.1	346.3	577.8	546.4	70.8	87.7	28.2	6.5
Nlrc3	52.5	0	14.1	15.2	81.5	82.4	88.9	137.1	204.4	99.3	62.8	99.3	261.8	113.7	244.7	290.4	514.9	523.9	508.9	438.6	409	429.1	0.7	0.6
Rlf	570.1	439.1	577.5	345.6	726.4	513.5	348.6	390.7	465.2	404.2	366.4	607.5	448.5	434.3	454.4	644.6	490.6	279.4	405.4	460.4	362.8	244.3	192.6	275.7
2810025M15Rik	717.1	404.7	480	598.8	551.2	597.2	507.5	512.1	496	604.2	652.9	1168.5	423	508.4	619	427	268.9	337.6	642	420.7	222	227.1	210.7	226.5
Rasd1	58.8	3.7	0.7	1.1	0	0	12	7.8	0	12.2	0.7	0	0	0	1.5	3	17	0	0	3.8	115.4	91.6	9.4	0
Tmem17	54.6	42.4	7.1	23.9	1.4	79.6	77.9	32.3	8.2	55.8	0	11.6	65.4	81.4	74.3	4	8.5	40.7	0	37.2	52.5	44.6	87.9	66
Rasl11b	21	81.2	14.1	7.6	0	103	70.9	30.4	45.2	38.1	15.7	0	84.6	35.9	0	60.7	41.2	0	26.2	69.3	148	160.5	14.1	22
2610318N02Rik	48.3	30.7	85.4	128.2	34.3	38.4	304.7	138.1	41.1	216.4	373.9	267.5	269.7	80.7	74.3	269.2	101.8	164.4	153.4	127	280.1	236.5	238.9	220
Slc35c1	863	1064.7	1203.6	847.6	965.9	702.9	805.1	1060.4	970.4	789.3	782.2	867	1129.3	867.1	1106.9	817.7	932.8	593.7	766.9	729.8	880	887.1	2608.1	2515.2
Lpar4	308.7	144.9	209	157.6	20.7	285.6	223.8	125.3	75	133.4	12.7	94.8	58.3	86.6	56.8	61.7	1.2	0	32.1	12.8	3.2	2.3	0	6.5
H2afx	286.6	375.4	187.1	383.6	687.1	877.3	1092.8	800.9	2011.7	1288.7	1100.8	947.5	664.8	1643.2	900.1	654.7	1498.6	982.2	945.2	1022.2	9891.4	9988	4946.4	4951.4
Pgrmc2	1083.5	845.9	747.6	924.8	732.9	351.5	1091.8	789.2	687	986.6	887.7	920.6	660	732.8	658.3	891.5	600.9	583.5	794.2	852.9	561.8	567.7	793.1	680.1
Rpp38	241.5	338.8	225.9	222.8	253.8	111.2	117.9	228.1	208.5	269.4	235.6	114.5	63.8	113.7	250.5	170	220.5	234.3	137.9	159	73.2	68.9	157.7	115.2
Ccdc137	531.2	658.6	614.9	447.7	484	757.9	403.6	588.5	918	494	697.7	634.3	953.7	826.7	503.9	511	689.3	491.8	565.9	463	264.2	299.9	394.5	319.7
Mrps16	613.1	393.7	547.8	672.7	531.2	567	971	357.4	601.8	675	596	986.9	650.4	636.8	767.5	638.5	547.6	509.3	491	890.1	381.1	370.4	635.4	539
Plekhf2	801.1	1053	1032.8	987.8	810.1	1346.8	1341.6	781.4	1386.3	865.5	955.7	1079.9	1092.6	1418	965.6	710.4	994.6	1145.2	1090.3	1292.8	1709.2	1792.3	2278	2226.6
Ppp1r3d	4.2	22.7	134.1	129.3	91.5	76.9	179.8	120.4	48.3	129.3	127.1	59.1	39.9	1.5	163.1	123.5	61.8	197.9	27.3	50	60.5	67.3	96.6	64.1
Idnk	257.2	319.1	386.9	190.2	238.8	457.2	322.7	158.6	327.6	168.7	127.1	148.5	145.2	330.1	157.3	163.9	402.2	48	302	205.2	248.3	265.4	359.6	304.8
Pitpnb	742.3	761.8	372.7	510.8	654.9	685.1	477.5	554.2	604.8	756.6	720.2	1071	490	585.4	732.6	472.6	520.9	573.3	412.6	782.3	998.6	1001.5	1599.6	1372.4
Amz1	113.4	23.4	40.9	109.8	18.6	23.3	60.9	71.5	42.1	34	26.9	27.7	37.5	59.4	56.8	28.3	31.5	18.9	48.7	84.6	74	39.2	96.6	97.7
Rap2c	281.4	453	686.2	585.7	483.3	546.4	582.4	455.3	450.8	563.4	468.1	379.4	468.5	657.3	656.8	769.1	546.4	416.2	543.3	642.5	300	341.4	434.8	482.1
Tmx2	640.4	492.5	424.3	292.3	622.7	531.3	579.4	409.3	501.1	476.3	287.2	663.9	308.1	856.1	406.3	492.8	479.7	438	410.2	751.6	411.4	507.4	590.5	622.5
Ccdc158	101.8	187.3	134.1	108.7	150.9	175.7	134.9	155.7	39	64	38.9	128.8	151.6	214.9	64.1	38.5	43.6	74.2	45.2	109	15.9	14.1	35.6	29.8
Zfp697	134.4	19	110.1	117.4	75.1	22	334.6	69.5	58.5	36.7	66.6	117.2	98.2	27.9	29.1	41.5	129.6	32	32.1	91.1	3.2	2.3	6	4.5
Bex1	1164.3	713.5	1259.4	1223.6	759.3	719.4	1046.9	590.4	299.9	197.3	270.7	170	300.9	143.8	185	207.5	239.9	288.1	189	197.5	27.1	43.1	16.8	16.8
Gpr171	617.3	665.2	478.6	405.3	445.4	414.6	384.6	491.5	246.5	170.1	187.7	122.6	1150.8	649.2	406.3	410.9	1558	1562.8	1178.2	1318.4	2968.8	2908.1	621.3	700.1
Rspry1	515.5	423	468	489	845.1	738.6	582.4	655	851.3	737.6	796.5	445.6	390.3	627.9	485	341	511.2	737.8	445.9	375.8	614.3	594.3	1378.9	1012
1600012H06Rik	19.9	91.5	276.7	126.1	41.5	107.1	281.7	243.8	350.2	219.1	167.5	118.1	217.1	164.3	138.4	158.9	73.9	280.8	146.2	191.1	207.7	200.4	209.3	276.3
Tmc8	89.2	46.1	63.5	29.3	15.7	22	56.9	22.5	5.1	13.6	3	0	39.1	0	27.7	1	0	1.5	2.4	44.9	349.3	378.2	61.7	89.9
Gsg2	128.1	154.4	60.7	115.2	289.6	200.4	196.8	223.2	534	419.1	419.5	305.1	242.6	390.3	243.2	177.1	202.3	308.5	160.5	410.4	541.9	563	624	728.6
Bpifc	0	0	57.2	5.4	85.1	0	60.9	29.4	38	61.2	92.7	36.7	703.1	390.3	632.1	619.3	351.3	564.6	253.2	264.2	63.7	65	42.9	20.7
Kcnk12	50.4	15.4	14.8	51.1	148	59	17	19.6	0	29.9	22.4	35.8	118.9	117.4	67	202.4	110.2	117.9	97.5	221.9	240.3	288.1	1819	1806.6
Slc25a44	328.6	379.8	400.3	468.4	290.3	295.2	399.6	324.1	361.5	268.1	313.3	572.6	220.3	342.6	240.3	221.6	264.1	275	309.1	239.8	416.9	400.1	471.7	546.1
F2rl3	813.7	386.4	429.2	376	616.3	811.4	658.3	413.2	641.8	362	432.3	421.4	652.8	585.4	514.1	420	754.8	502	461.3	273.2	80.4	76.7	136.9	186.4
Ubqln2	1538.1	1578.5	2770.1	2249.5	1451.4	1740.9	1522.4	1967.1	1165.5	1971.8	1042.5	1131.8	1319.2	1052	1753.5	1231.5	837.1	1658.9	896.5	1119.6	180.6	166	104.7	108.7
Nudt6	434.7	142	165.9	165.2	188.8	163.4	141.8	100.9	159.2	91.2	101	297	199.5	122.5	164.6	129.5	60.6	148.4	48.7	275.7	41.4	37.6	44.3	27.8
Lsm10	176.4	226.9	314.8	168.4	197.3	288.3	267.7	222.3	162.2	279	269.2	321.2	168.4	339.6	288.4	214.5	401	196.4	274.6	292.4	304.8	281.1	370.4	321.6
Eif5a2	95.5	97.3	73.4	170.6	14.3	65.9	165.8	58.7	41.1	115.7	22.4	0	203.5	105.6	7.3	25.3	21.8	5.8	7.1	43.6	201.3	172.3	97.3	111.9
Lgr4	139.6	84.2	78.4	111.9	73.6	1.4	106.9	91.1	37	0	3	0	0	49.2	4.4	25.3	63	0	17.8	37.2	15.9	13.3	69.8	45.9
Eva1b	274	109.8	139.8	190.2	47.2	93.4	81.9	75.4	70.9	28.6	41.1	101.1	20.7	8.8	7.3	35.4	67.8	66.9	107	166.7	50.9	39.2	25.5	26.5
Snip1	538.6	366.6	846.4	760.7	214.5	318.5	808.1	601.2	549.4	683.1	610.2	648.7	358.3	561.9	830.2	991.7	387.7	617	643.2	810.6	693.9	633.4	718.6	879.4
Pigm	585.8	597.1	827.4	371.7	407.5	459.9	541.4	616.9	469.3	638.2	421	386.5	426.2	522.3	436.9	533.3	428.9	276.5	349.5	437.3	352.5	357	525.4	545.5
Cxcr3	0	0	0	0	0.7	0	0	4.9	63.7	0	13.5	8.1	0	0	8.7	0	0	0	0	29.5	476.6	497.2	5.4	5.8
Hic2	317.1	379.8	379.1	335.8	147.3	222.4	398.6	377.9	362.5	430	335.8	240.7	211.5	181.2	327.7	449.3	119.9	423.4	332.9	182.1	22.3	15.7	27.5	20.7
Heatr1	163.8	256.1	156	163	404.7	413.3	125.9	193.9	310.1	232.7	234.1	289	282.5	418.1	329.2	267.2	157.5	212.5	255.6	259.1	1342.3	1497.1	1981.4	2234.3
Evc2	98.7	82	103.1	158.7	27.9	0	64.9	69.5	0	1.4	0	14.3	0	0	0	6.1	0	0	0	7.7	0	4.7	0	0
Tmem220	460.9	303	267.5	455.3	308.2	233.4	130.9	307.4	178.7	168.7	126.4	154.8	234.6	27.1	40.8	154.8	99.3	13.1	136.7	56.4	15.1	11.7	12.7	12.3
D8Ertd82e	57.7	57.1	8.5	69.5	8.6	0	13	15.7	7.2	0	0	0	0	0	0	14.2	65.4	42.2	41.6	34.6	245.9	148	59.7	106.8
Gm9843	1674.6	1151.8	900.8	923.7	1374.2	1048.9	757.2	745.1	1266.2	1060.1	1012.6	1019.1	1035.9	1216.3	904.4	1269	1402.9	956	873.9	2802.3	56.5	43.8	53.7	33.6
Rictor	1125.5	797.6	757.5	1045.4	849.4	823.8	820.1	482.7	572	733.5	438.2	660.3	707.9	750.5	572.4	417.9	631.2	538.4	451.8	436.1	866.5	887.1	293.9	489.8
Nsun3	154.3	275.9	393.2	326	430.4	789.4	236.7	223.2	399.5	300.7	231.1	363.2	316	148.2	476.2	100.2	164.8	116.4	269.9	224.4	269.7	288.9	450.2	341
Synpo2	58.8	52	31.8	147.8	90.1	173	89.9	92	145.8	96.6	314.8	227.3	16	293.4	199.5	265.1	24.2	0	10.7	18	43.8	41.5	0	0
Ndufaf6	182.7	193.9	116.5	42.4	154.4	205.9	178.8	277.1	491.9	189.2	471.1	438.4	186.7	266.3	343.7	280.3	248.4	144.1	306.7	262.9	209.3	191.1	357	280.8
Amer1	468.3	840.1	617.7	757.4	636.3	900.6	567.4	667.8	722.9	604.2	883.2	989.5	585	511.3	575.3	603.1	649.4	461.3	681.3	418.1	198.9	211.4	130.2	135.9
Lgals3	1	0	96	32.6	52.2	61.8	156.8	111.6	0	118.4	19.4	128.8	14.4	13.9	104.9	95.1	24.2	2.9	0	477.1	248.3	236.5	536.8	563.6
4930486L24Rik	190	226.1	117.9	219.5	75.1	98.9	67.9	218.3	193.1	78.9	41.1	40.3	156.4	248	129.6	81	69.1	80	71.3	35.9	6.4	16.4	4.7	1.9
Gpr18	0	0	5.6	17.4	65.8	0	2	16.6	0	0	0	0	0	0	18.9	16.2	70.3	97.5	30.9	42.3	408.2	410.3	8.7	26.5
Rltpr	136.5	95.1	58.6	168.4	143.7	101.6	147.8	99.9	75	47.6	64.3	34.9	112.5	46.2	46.6	111.3	61.8	216.8	79.7	180.8	929.4	933.3	88.6	56.3
Il31ra	0	0	0	0	0	0	0	0	27.7	50.4	123.4	0	0	66	24.8	30.4	53.3	20.4	108.2	69.3	123.3	153.5	49	114.5
Sept6	2169.1	2231.9	1818.5	2239.7	3160.2	2273.6	2014.9	2830.7	2249.9	2606	2702	3055.4	3652.7	2757.5	3076	3095.6	3507.2	3185.3	3744	3067.8	2040.2	2099.2	773	726.7
C77080	144.9	187.3	240.7	303.2	255.2	140	205.8	229.1	81.1	99.3	63.6	22.4	90.2	99	150	92.1	109	206.6	165.3	103.9	38.2	39.2	0	7.8
Armcx6	478.7	584	311.3	334.7	235.9	271.8	196.8	189	215.6	69.4	136.9	316.7	340	87.3	81.6	280.3	249.6	388.5	349.5	247.5	59.7	43.1	20.1	21.4
Tcf19	44.1	0.7	26.8	14.1	218.1	142.8	138.9	157.6	229	212.3	169.8	190.6	55.9	298.6	256.3	190.2	105.4	160.1	187.9	374.5	1666.2	1705.4	515.3	710.5
Fbxo46	495.5	302.2	336.7	506.4	511.9	249.9	283.7	385.8	202.3	330.7	379.9	461.7	415.8	265.6	361.2	565.7	371.9	398.7	422.1	305.2	376.4	490.2	367	368.8
Fam118b	68.2	106.1	165.2	246.7	225.2	146.9	194.8	179.2	15.4	189.2	179.5	217.4	47.9	183.4	289.8	155.8	219.3	180.4	161.7	214.2	284.1	321.8	467.7	452.9
Slc35d3	60.9	32.9	28.9	1.1	204.5	215.6	52.9	137.1	511.4	326.6	146.6	64.4	180.4	16.9	49.5	89.1	1291.4	977.9	655.1	541.2	250.6	252.1	16.1	9.7
Fam171a1	598.4	654.9	825.2	702	383.2	232	485.5	634.5	330.7	460	455.4	663	579.4	304.4	390.3	409.8	299.2	363.8	380.5	354	74.8	108.8	130.2	111.3
Fam228b	122.8	144.2	12.7	82.6	48.6	107.1	34	108.7	83.2	40.8	73.3	30.4	51.1	19.8	48.1	42.5	130.8	7.3	110.6	84.6	7.2	7.8	3.4	1.9
5730508B09Rik	141.7	150.7	160.2	55.4	106.5	281.5	162.8	210.5	199.2	325.2	68.1	110	147.6	170.2	295.7	169	203.5	170.3	126	251.4	158.3	159.7	494.5	493.7
Lamtor4	807.4	813.7	1013	917.2	941.6	617.8	1233.7	837.2	979.6	828.7	1275.1	2044.4	1039.1	779.8	805.4	1268	594.8	585	1017.7	843.9	615.9	755.6	1121.9	991.3
Hyls1	0	0	14.8	6.5	0	2.7	4	0	31.8	0	16.5	72.5	0	22.7	49.5	8.1	0	1.5	17.8	0	179	212.2	121.4	115.8
Tor1aip2	1270.4	1343.6	1442.9	1301.9	918	1105.2	1795.1	1509.8	1446.9	1744.6	1650.5	1315.2	1544.3	1653.5	1418.6	1394.5	1581	1172.9	1806	1124.8	932.6	988.9	1577.5	1604.1
Maml1	310.8	141.2	309.2	59.8	95.8	185.3	193.8	195.8	368.7	270.8	17.2	3.6	383.9	149.7	221.4	57.7	135.7	467.1	58.3	138.5	116.2	146.4	50.3	53.7
Fam78a	58.8	184.4	158.8	97.8	208.8	306.2	13	328	198.2	308.9	236.3	154.8	254.6	238.4	177.7	124.5	166	382.7	203.3	330.9	343.7	364.9	130.8	124.2
Zfp831	408.4	347.6	353	347.7	183	190.8	303.7	256.5	131.4	61.2	130.9	116.3	445.3	91.7	225.7	279.3	387.7	461.3	483.9	321.9	100.3	103.4	0	5.8
Zfp61	159.6	243.7	153.2	9.8	153	181.2	77.9	71.5	50.3	242.2	187	262.1	172.4	175.3	120.9	145.7	98.1	84.4	174.8	78.2	155.2	150.3	173.8	227.1
Minos1	1435.2	1137.9	1386.5	869.4	1942.6	1603.6	1345.6	1249.4	2535.4	1950	2276.4	2208.1	1425.3	1726.9	1548.2	2365.9	1432	1030.2	1470.7	2071.3	1238.1	1368.7	1570.8	1367.3
Zscan29	96.6	139.8	200.5	95.6	72.9	269.1	139.9	100.9	281.4	220.5	283.4	129.7	88.6	369.7	195.2	263.1	229	301.2	225.9	127	385.9	463.5	336.2	247.8
Rps27rt	338.1	455.9	621.2	414	406.1	790.8	649.3	321.2	744.5	485.8	306.6	169.1	444.5	277.3	404.9	238.8	638.4	459.8	479.1	242.4	36.6	35.2	26.8	20.1
Gpd1l	494.5	808.6	693.2	657.5	604.2	418.7	671.3	813.7	705.5	695.4	735.9	848.2	540.3	787.9	790.8	775.2	529.4	633	467.3	814.4	2320.3	2258.2	1961.9	2248.6
Ubald2	916.6	672.5	1222	1316	1033.1	1029.7	956	1014.4	1501.3	1584	1219.7	1834.1	1058.2	1467.2	1120	1389.4	1246.6	1190.3	1672.8	1459.5	189.4	210.6	87.2	108.1
Gpatch11	736	481.5	504	654.2	331	245.8	546.4	565.9	701.4	446.3	725.4	637.9	301.7	464.4	332.1	621.3	414.3	676.6	563.6	406.6	179	180.1	164.4	170.2
Prkaa1	300.3	250.3	321.9	273.9	402.5	311.7	524.4	237.9	243.4	181	356	150.3	99	159.9	291.3	263.1	378	280.8	271.1	369.4	577.7	573.2	825.3	780.4
2310061I04Rik	295	308.1	313.4	306.5	401.8	122.2	572.4	504.3	410.8	366.1	453.9	458.1	239.4	408.6	270.9	429.1	317.4	439.5	313.9	419.4	198.9	223.2	250.3	199.9
Ftl1	5313.5	4103.1	5221.1	5779.1	3930.9	3619.1	4805.9	3798.1	2843.4	3747.7	4318.8	5481.8	3047	2709.1	3798.3	3978	3145	3240.6	4405	6893.6	732	804.1	1417.8	1303.8
Zbtb26	228.9	303.7	389	244.5	256	241.6	154.8	275.1	248.5	268.1	292.4	173.6	389.5	141.6	278.2	119.4	214.4	324.5	145.1	121.8	39.8	54	44.3	93.8
Plekho2	555.4	402.5	390.4	519.4	307.4	632.9	366.6	233	192	274.9	313.3	638.8	79	184.1	250.5	519.1	273.8	269.2	306.7	311.7	1393.3	1290.4	856.2	724.7
Vamp8	1421.5	1399.2	2000.6	1737.7	1593	1635.2	2554.3	1757.5	1835	2033.1	2764.8	3347.1	1406.2	2031.3	1878.8	2183.8	1086.7	1091.4	1341.1	847.8	1111.6	1117.3	1946.5	1693.4
Ptges	122.8	82.7	96.7	142.4	37.2	0	58.9	43.1	0	0	0	0	0	9.5	0	34.4	0	26.2	13.1	5.1	3.2	3.1	18.1	33
Gp1bb	54.6	112.7	108.7	105.4	138.7	211.4	101.9	134.1	617.2	269.4	233.3	295.3	0.8	39.6	5.8	0	0	5.8	0	5.1	5.6	16.4	4.7	8.4
Tmem37	244.6	205.6	27.5	65.2	0	222.4	171.8	153.7	30.8	6.8	118.2	0.9	234.6	30.8	77.2	93.1	25.4	10.2	42.8	61.6	7.2	5.5	21.5	3.2
Ccdc126	72.4	0	81.9	18.5	40	86.5	0	38.2	0	50.4	0	0	20	40.3	45.1	27.3	35.1	13.1	4.8	24.4	128.9	113.5	108.7	123.6
B3galt6	228.9	161.7	322.6	289.1	397.5	315.8	320.7	298.6	468.3	308.9	220.6	454.5	200.3	391.7	320.4	276.3	232.6	109.1	229.5	247.5	295.2	303.8	458.9	493.1
AI314180	2444.1	2683.5	1769.1	2046.3	2106.3	1896	1793.1	2040.5	2063	1603	1618.3	1093.3	1872.3	2819.2	1746.2	1888.3	1973.5	1456.6	1870.2	1545.4	1486.4	1443.1	1637.9	1805.3
Fam131a	349.6	122.9	132	208.6	89.4	74.1	140.9	72.5	98.6	39.5	4.5	0	6.4	0	1.5	23.3	60.6	16	10.7	0	6.4	7.8	0	0
Zfp623	94.5	134.6	170.1	389	135.8	216.9	378.6	103.8	93.4	140.2	109.9	39.4	63	52.8	214.1	381.5	156.3	234.3	296	179.6	139.2	138.6	251.6	199.3
Zfp940	27.3	0	60.7	48.9	85.8	68.6	73.9	61.7	12.3	43.5	10.5	28.6	0.8	23.5	36.4	38.5	117.5	101.9	38	41	72.4	79.9	102	86.7
Atp5k	1520.2	1424.8	1779.7	1860.5	1643	1514.3	2490.4	1722.3	2264.3	1709.2	2297.4	3447.3	1860.3	1883.8	1776.8	1460.2	1291.4	1417.3	1637.2	2090.5	492.5	480.8	499.2	483.4
Pdik1l	380.1	349.1	247.1	569.4	198.8	503.9	561.4	523.8	785.6	496.7	706	538.6	869.9	496.6	642.3	500.9	810.5	873.1	546.9	741.3	613.5	563.8	513.3	671.7
Tatdn1	71.4	245.9	173.7	147.8	152.3	218.3	112.9	84.2	201.3	96.6	104.7	101.1	67	55.8	148.6	35.4	38.8	29.1	162.9	38.5	60.5	64.2	98.6	71.8
Tmem123	1748.1	1906.3	2241.3	1735.5	3231	4004.8	2957.9	2307.8	2918.4	3143.5	2310.8	1864.6	1973.6	1922.7	2191.9	1719.3	2403.6	2655.7	2024.8	1962.3	4281.7	4401.3	3409.2	3519.4
P2ry10	58.8	25.6	124.2	43.5	45	0	12	18.6	0	0	0	4.5	110.1	0.7	40.8	34.4	59.4	145.5	134.4	98.8	117	104.9	0	0
Sgms2	0	0	17.6	0	0	0	105.9	56.8	15.4	83	0	6.3	16	161.4	77.2	5.1	0	1.5	26.2	144.9	40.6	55.6	1671.4	1626.7
Amigo1	46.2	57.1	31.1	39.1	33.6	37.1	41	20.6	27.7	87.1	47.9	82.3	1.6	2.9	40.8	0	78.7	40.7	23.8	23.1	98.7	130.8	100	62.8
Gja1	113.4	60.7	153.9	115.2	98	173	276.7	169.4	515.5	197.3	0.7	37.6	159.6	401.3	106.3	35.4	112.7	133.9	8.3	51.3	46.2	60.3	103.3	62.8
Zfp169	205.8	80.5	48.7	167.4	30.7	116.7	0	75.4	20.5	68	20.2	0	91	60.9	97.6	69.8	75.1	33.5	142.7	41	72.4	71.3	102	110
Insl6	121.8	191	129.9	59.8	62.2	159.3	115.9	126.3	3.1	24.5	94.2	140.5	46.3	223.7	104.9	122.4	216.9	62.6	234.2	214.2	66	61.1	15.4	4.5
Prkca	762.2	965.2	778.6	958.5	608.4	557.4	551.4	845	1114.2	1155.3	883.2	1221.3	725.4	534.8	584	599.1	362.2	392.9	424.5	332.2	811.6	764.2	20.1	55.6
Gdpgp1	44.1	46.1	21.2	86.9	5	87.9	48.9	51.9	45.2	46.3	27.7	50.1	62.2	157	26.2	68.8	42.4	74.2	39.2	98.8	159.1	144.1	257.7	235.5
Sepn1	183.7	390	339.6	482.5	487.6	280.1	263.7	353.5	132.5	310.3	287.2	206.7	228.2	294.2	231.6	254	209.6	439.5	208.1	315.5	770.2	837.8	1666	1487.6
Pddc1	194.2	107.6	308.5	277.1	261	226.5	91.9	218.3	124.3	230	273.7	215.6	131.7	159.2	238.9	280.3	237.4	349.2	255.6	224.4	728.9	696.1	674.3	695
Hs3st1	51.4	98.8	99.5	107.6	18.6	133.2	65.9	16.6	1	0	1.5	0	0	0.7	29.1	12.1	29.1	21.8	1.2	59	841.9	896.5	1.3	5.8
Zfp11	108.1	148.6	192.7	97.8	129.4	152.4	244.7	60.7	76	147	83.8	127.9	21.5	44.7	32	9.1	35.1	61.1	40.4	64.1	43	33.7	120.8	64.7
Zfp455	166.9	174.2	142.6	132.6	98.7	196.3	118.9	56.8	219.8	144.2	31.4	92.2	116.5	97.6	129.6	131.6	138.1	119.3	74.9	82.1	41.4	40.7	99.3	74.4
Mblac2	395.8	413.5	595.8	589	444	329.5	820.1	444.5	232.1	537.5	266.2	351.6	474.8	315.4	323.3	321.8	338	251.7	532.6	318.1	89.9	86.1	115.4	81.5
Gimap9	633.1	1175.2	512.5	795.5	1231.2	882.8	809.1	648.2	510.4	615.1	399.3	903.6	837.2	914.8	758.8	604.1	894.1	1101.5	787.1	674.6	467.9	398.5	108	99.6
Nat2	178.5	200.5	290.8	155.4	120.8	171.6	346.6	163.5	202.3	236.8	76.3	29.5	95	101.2	192.2	131.6	193.8	423.4	49.9	112.9	82.8	61.9	95.9	95.8
Commd3	680.3	406.1	584.5	582.5	620.6	825.1	574.4	755.9	1014.6	606.9	586.3	612.9	631.3	848.8	948.1	510	1213.9	746.5	806.1	519.4	1044	1123.6	1166.8	1107.1
Eml5	345.4	420	274.6	462.9	92.2	199.1	102.9	231.1	93.4	55.8	85.3	31.3	270.5	124.7	113.6	123.5	287.1	275	343.6	220.6	31	42.3	29.5	80.9
Plcb1	33.6	93.7	132.7	254.3	41.5	145.5	62.9	92	7.2	21.8	45.6	77.8	0	55.8	0	10.1	20.6	0	0	10.3	5.6	9.4	71.1	102.9
Zfp524	183.7	57.1	45.2	175	35	67.3	126.9	72.5	151	103.4	56.8	144.9	70.2	42.5	68.5	87	126	68.4	79.7	156.5	67.6	68.1	51.7	75.1
Fam174a	851.5	663.7	1018	755.3	566.3	643.9	1053.9	583.6	437.5	635.5	386.6	187	633.7	435.7	648.1	422	568.2	809.1	576.6	645.1	620.6	642.8	683.7	657.4
Gpr183	45.1	0.7	0	0	0.7	0	100.9	0	119.1	36.7	0.7	0	0	0	32	7.1	0	0	0	3.8	181.4	153.5	153	172.8
Ercc6l	54.6	79	148.2	110.8	350.3	155.1	93.9	221.3	470.3	383.7	401.6	165.5	207.5	173.1	377.2	223.6	247.1	401.6	338.8	320.6	810	896.5	1313.8	1526.4
Bzw1	2699.3	3181.8	2267.5	1808.3	2583.9	2917.5	2427.4	2614.3	3437	3018.3	2592	2754.8	3484.4	3939.3	2711.9	2531.9	2664	2465	2066.4	2529.1	7329.2	7137.8	8751.6	8459.8
Tceanc	260.4	309.5	233	135.8	280.3	277.3	375.6	114.6	317.3	201.4	142.8	343.6	292.9	107.1	195.2	235.8	248.4	250.3	299.6	273.2	259.4	270.1	208.7	248.5
Tmem199	340.2	154.4	198.4	218.4	188.8	313	183.8	257.5	92.4	277.6	161.5	358.8	140.5	0.7	166	323.8	63	65.5	322.2	348.8	224.4	271.7	404.6	364.3
Rnf7	1931.8	1636.3	2256.2	1869.1	1796	1735.4	2570.3	2221.7	2485.1	2860.4	1993	1436.9	2118.1	2744.3	2671.1	1711.2	2383	3041.3	1756.1	2045.6	742.4	741.5	616.6	599.2
Gen1	6.3	0	0	0	0	19.2	47	117.5	131.4	42.2	48.6	68.9	112.5	0	39.3	54.6	111.5	65.5	72.5	94.9	212.5	201.2	171.1	166.9
Msrb3	286.6	193.9	125	53.2	27.2	63.2	57.9	85.2	87.3	62.6	84.5	205.8	210.7	118.1	52.4	182.2	553.6	810.5	655.1	436.1	93.9	63.4	8.1	2.6
Swsap1	226.8	118.5	115.8	130.4	41.5	61.8	91.9	155.7	96.5	167.4	103.2	235.3	152.4	128.4	16	55.7	76.3	52.4	187.9	125.7	177.4	195	289.9	279.5
Gm6563	222.6	158.1	112.9	77.2	153.7	252.6	47.9	232.1	276.2	306.2	145.1	379.4	188.3	212	272.4	241.9	430.1	312.9	184.3	189.8	20.7	16.4	8.7	8.4
Jagn1	285.6	509.3	590.9	511.8	683.5	339.1	471.5	717.7	333.7	658.6	698.5	677.3	407	347.7	598.6	454.4	358.6	496.2	492.2	598.9	546.6	593.5	1072.2	987.4
Zgrf1	252	457.4	206.1	179.3	655.6	609.6	385.6	350.5	734.2	564.7	590.8	368.6	367.9	567.1	518.5	450.3	512.5	446.7	430.4	280.9	232.3	223.2	163.7	160.5
Pcmtd1	1293.5	1504.6	770.2	865	568.4	1021.5	1239.7	748.1	649	515.7	480.9	572.6	809.2	572.9	486.4	510	958.3	715.9	683.6	663.1	687.5	667.1	214.7	258.2
Usp42	676.1	831.3	590.9	584.7	802.9	523.1	711.2	606.1	677.7	596	475.6	790.9	837.2	460	652.5	461.5	613	905.1	590.9	524.6	645.3	531.7	313.3	273.1
Ffar2	95.5	112	158.8	181.5	243.1	402.3	502.5	425.9	768.1	970.3	692.5	1446.7	1399.8	1220.7	1286	1747.6	434.9	554.4	781.1	457.9	35.8	36.8	171.1	232.9
Taf7	158.5	618.4	108.7	310.8	515.5	164.8	341.6	272.2	478.5	242.2	379.9	229.9	598.5	200.3	295.7	396.7	195	218.3	300.8	302.7	471.1	466.7	405.9	465.9
1500011K16Rik	680.3	548.8	617.7	527.1	570.6	1022.8	715.2	514	474.4	567.5	538.4	264.8	812.4	710.8	900.1	465.5	703.9	615.5	543.3	883.7	128.1	114.3	306.6	256.2
Nup160	338.1	182.9	178.6	144.5	284.6	265	54.9	243.8	309.1	496.7	225.1	158.4	301.7	471.7	533	297.5	465.2	532.6	337.7	262.9	1681.3	1498.7	1684.8	1749.7
Gfod1	208.9	98.8	84.7	40.2	130.8	131.8	237.7	144.9	223.9	84.4	86.7	136.9	466.9	265.6	305.8	259.1	192.6	504.9	231.8	232.1	200.5	177.7	56.4	93.8
2900026A02Rik	381.1	699.6	540	728.1	430.4	433.8	821.1	611	769.1	597.4	583.3	816.9	907.4	631.6	570.9	579.8	599.7	934.2	575.4	574.6	1160.1	1290.4	20.8	31.7
Zfp52	85	91.5	96.7	236.9	315.3	193.6	322.7	272.2	149.9	264	101	25.9	131.7	209.8	351	36.4	357.4	346.3	277	91.1	150.4	116.7	246.2	171.5
Rab11fip5	1158	439.1	943.1	635.7	504.1	1323.5	594.4	486.6	338.9	352.5	277.4	544	876.3	426.9	627.7	427	563.3	244.5	423.3	275.7	109	142.5	80.5	77.6
Plekhm3	132.3	247.3	310.6	302.1	296	79.6	262.7	305.5	159.2	95.3	129.4	291.7	242.6	171.7	193.7	169	216.9	139.7	225.9	157.8	1003.4	932.6	48.3	80.2
Spryd4	119.7	59.3	108.7	91.3	365.4	199.1	72.9	163.5	91.4	87.1	149.6	75.2	138.9	53.6	142.7	207.5	163.5	112	61.8	120.6	190.2	159.7	438.8	392.1
Zfp46	236.2	275.2	225.2	233.6	346	329.5	409.6	209.5	148.9	141.5	263.2	394.6	111.7	161.4	171.9	331.9	187.8	195	273.5	141.1	237.1	331.2	330.8	316.4
Commd1	545.9	333	369.2	161.9	584.9	514.9	303.7	400.5	582.2	386.5	261	105.6	422.2	623.5	397.6	290.4	363.4	292.5	203.3	419.4	353.3	342.2	429.4	429.7
Ncald	0	0	17.6	0	0	0	25	0	0	0	0	58.2	0	0	0	0	0	0	0	1.3	71.6	107.3	0	0
Kif18b	33.6	2.9	6.4	1.1	135.1	131.8	58.9	42.1	151	88.5	72.5	117.2	52.7	163.6	21.8	70.8	95.7	62.6	20.2	28.2	1437.8	1465	463.6	265.9
Zbtb22	968	703.2	854.2	911.8	657.8	436.6	512.5	778.4	807.1	775.7	770.3	986.9	760.6	835.6	868	871.3	496.7	892	656.3	708	529.9	548.9	353.6	233.6
Ywhag	1725	2207.8	2796.9	2414.7	2859.2	2085.5	3848.9	3150.9	2781.8	3242.8	3359.3	4749.1	2517.9	2625.5	3290.1	2952.9	2963.3	2971.4	3525.2	3034.5	2300.4	2234.7	2358.5	2253.1
Hspa14	1129.7	1066.9	1280.6	1061.7	1507.2	1150.5	1864	1310.1	1387.3	2016.7	1942.1	1077.2	1647.2	1371.8	1708.4	1590.8	959.5	1069.5	1471.9	1421	1743.4	1782.9	2695.3	2379.9
Tacstd2	321.3	128.1	247.1	110.8	283.8	335	545.4	522.9	408.7	455.9	677.5	552	745.4	918.4	716.6	754.9	152.6	120.8	97.5	132.1	23.1	28.2	266.4	265.3
Ppp1r37	1	20.5	6.4	2.2	34.3	0	11	22.5	30.8	0	10.5	17.9	89.4	0	17.5	63.8	14.5	10.2	10.7	19.2	206.9	194.2	61.1	97.1
Vamp7	315	361.5	432	652	562.7	465.4	611.4	595.3	373.8	371.5	305.9	529.7	275.3	559.7	753	507	404.6	507.8	501.7	660.5	589.6	550.5	1406.4	1458.5
Plagl2	746.5	716.4	744.1	551	785.8	427	442.5	607.1	612	596	472.6	215.6	793.3	337.4	806.9	296.5	613	445.3	324.6	427.1	420.9	375.8	313.3	282.8
Ccdc157	139.6	97.3	168.7	140.2	108.7	31.6	158.8	50.9	115	54.4	12	102	63	0	100.5	28.3	30.3	99	98.7	57.7	40.6	48.5	14.1	5.2
Cd14	0	0	3.5	12	0	0	27	1	0	0	0	0	56.7	0	0	17.2	0	0	8.3	7.7	35	35.2	218.7	253
Bbs12	119.7	142.7	200.5	88	130.1	240.3	152.8	76.4	28.8	136.1	44.1	90.4	0	0	80.1	18.2	48.5	154.2	122.5	85.9	38.2	43.1	40.9	88
Crebzf	339.1	218.1	222.4	242.3	137.3	234.8	277.7	188	386.1	302.1	449.5	293.5	393.4	195.9	455.9	320.8	249.6	256.1	286.5	186	701	786.9	551.5	537.7
Spn	8069.4	6373.1	5490	5104.3	6847.3	6543.4	5543.1	4629.4	7674.9	6062.4	7784.3	8327.9	6241.7	6430.6	5847.5	6831.7	5398.3	4756.9	4856.8	4299	986.7	1065.7	999.8	1037.3
Zfp24	851.5	1024.5	696.8	975.9	1221.2	951.4	831.1	861.6	1381.2	841	1201.8	1348.3	1106.1	1766.5	1325.3	1442	1264.8	1453.7	996.3	1114.5	991.4	981.9	1306.4	1564.6
Cbr1	412.6	401.8	312.7	458.6	451.1	201.8	359.6	266.3	286.5	266.7	340.3	224.6	422.2	201	352.5	263.1	362.2	241.6	384	347.6	387.5	371.1	358.3	311.9
Irf2bp2	1196.9	1590.9	1061	1005.2	1460.7	1318	943	1593.1	1738.5	1488.7	1131.5	1282.1	2439.7	2208.8	2015.7	1718.3	2513.8	2939.4	2092.5	2831.8	4982.7	3963.6	3114	2524.9
Tlr6	204.7	57.1	88.9	102.2	75.1	129.1	165.8	79.3	25.7	23.1	30.7	95.7	68.6	62.4	68.5	112.3	56.9	56.8	61.8	77	31.8	50.9	75.1	107.4
Ufsp1	67.2	12.4	40.9	33.7	35	133.2	70.9	87.1	142.7	38.1	305.9	125.3	41.5	3.7	48.1	2	0	0	1.2	15.4	15.9	14.1	28.2	29.8
Siglech	0	0	40.9	0	97.2	0	16	51.9	0	114.3	58.3	56.4	0	12.5	35	0	0	91.7	0	164.2	13301.7	13099.6	0	0
Wdfy4	1540.2	1204.5	1651.2	1270.4	1583	878.7	1114.8	1568.6	1252.8	1164.9	1152.4	1721.4	1390.2	1807.5	1567.1	1936.9	2144.3	2732.8	2810.7	2399.6	3828.1	4279.1	714.6	626.4
Mafg	4510.3	2944.7	1860.1	2766.8	1631.6	1944.1	1854	2817	1760.1	2019.4	1374.5	933.2	1596.9	1533.2	2605.5	1673.8	1662.1	2425.7	1418.4	1886.6	319.9	334.3	779.7	691.1
Arhgef39	285.6	127.3	248.5	354.3	562.7	925.4	858.1	669.7	1232.3	1314.5	1986.3	1716.9	628.1	831.9	616.1	1224.5	955.9	934.2	953.5	642.5	489.4	519.9	448.9	412.8
Rps19bp1	233.1	311.7	293	167.4	243.8	346	247.7	212.5	186.9	383.7	349.2	286.3	308.9	343.3	278.2	283.3	279.9	202.3	350.7	575.9	331	330.4	324.8	313.2
Gm5124	212.1	132.5	217.4	153.2	164.4	131.8	128.9	78.3	0	0	72.5	0.9	48.7	14.7	74.3	17.2	49.7	94.6	25	19.2	5.6	3.1	0	0
Zfp579	348.6	149.3	142.6	141.3	7.1	163.4	107.9	214.4	144.8	10.9	121.9	170.9	288.1	176.8	107.8	123.5	107.8	180.4	120.1	93.6	110.6	122.1	61.1	44.6
Pusl1	96.6	90.7	156.7	104.3	136.6	200.4	139.9	143	211.5	189.2	252	278.3	146	223.7	166	281.3	123.6	187.7	133.2	156.5	226.8	207.5	287.8	337.8
Tceal8	719.2	583.2	729.2	607.5	422.6	572.5	681.3	750	577.1	533.4	452.4	361.5	361.5	473.2	473.3	452.3	390.1	97.5	330.5	301.4	143.2	178.5	997.7	849
Mical3	233.1	522.5	242.1	553.1	519.8	335	398.6	414.2	636.7	402.8	812.9	589.6	114.1	175.3	480.6	297.5	112.7	154.2	168.8	180.8	58.1	69.7	22.1	44
Map3k19	0	0	0	0	0	0	0	0	0	0	0	0	0	0	0	0	0	42.2	0	24.4	89.1	94	0	0
Rap2a	256.2	271.5	229.4	230.4	375.4	399.5	279.7	316.3	230	262.6	187.7	199.5	355.1	223.7	246.1	178.1	237.4	257.6	227.1	168	114.6	122.1	340.2	335.8
Hist1h1e	87.1	158.1	43.8	96.7	430.4	227.9	134.9	113.6	387.1	102.1	287.2	434.8	324.8	354.3	164.6	272.2	241.1	180.4	220	237.3	549.8	837.8	601.2	448.4
Gm5812	196.3	102.5	210.4	69.5	224.5	186.7	161.8	193.9	307	194.6	159.3	181.6	196.3	214.9	205.4	136.6	339.2	96	79.7	189.8	0	0	0	0
Coa6	95.5	119.3	127.1	244.5	215.9	300.7	253.7	193.9	222.8	254.5	109.2	44.7	112.5	75.6	234.5	89.1	159.9	218.3	104.6	123.1	194.9	160.5	281.8	279.5
Dcun1d4	0	0	31.1	65.2	118	22	124.9	92	63.7	58.5	100.2	46.5	74.2	0	80.1	34.4	86	30.6	3.6	53.9	209.3	146.4	222.1	220
Trim32	396.9	205.6	463.8	445.6	318.2	233.4	538.4	498.4	381	287.1	362.7	243.4	499.6	113.7	304.4	454.4	356.2	301.2	508.9	266.8	273.7	234.9	283.2	282.8
Pcbp1	8102	6933.7	8551.7	8563.3	9241.8	7801	9152.3	9951	8980.1	12874.6	10321	8747.5	10060.4	9758.9	11663	10256.2	7848	9238.8	8955.1	9494.6	7623.6	7709.4	10353.2	10175.8
Senp8	299.2	228.3	99.5	270.6	31.5	300.7	147.8	266.3	107.8	300.7	177.2	91.3	290.5	195.1	155.8	155.8	55.7	285.2	199.7	83.4	87.5	73.6	100	159.8
BC068281	2.1	63.7	35.3	52.2	103.7	28.8	131.9	24.5	48.3	62.6	61.3	0	73.4	24.9	64.1	56.7	53.3	176.1	76.1	28.2	46.9	37.6	114.1	122.3
Kctd14	585.8	276.6	392.5	318.4	317.4	414.6	740.2	411.2	714.7	593.3	465.9	663	467.7	294.9	611.7	388.6	418	726.1	481.5	296.3	150.4	147.2	135.5	148.2
Mettl5	636.2	421.5	316.3	466.2	337.5	510.7	314.7	446.5	315.3	299.4	609.5	151.2	210.7	537	597.1	315.7	352.5	395.8	332.9	432.2	163.1	191.1	266.4	201.9
Rinl	385.3	283.9	173	245.6	409.7	398.2	275.7	249.7	352.2	314.3	320.1	300.6	549.1	469.5	348.1	516.1	362.2	254.7	379.3	624.6	424.1	446.3	1548.6	1477.3
Wfdc21	0	0	34.6	3.3	0	0	233.8	41.1	0	25.9	0	50.1	0.8	58.7	88.8	15.2	0	0	11.9	174.4	55.7	47	308.6	258.2
Xrcc1	459.9	217.3	621.9	378.2	338.9	540.9	465.5	411.2	194.1	602.8	645.4	984.2	476.4	256	483.5	564.7	462.8	567.5	577.8	822.1	1356.7	1364.8	938.7	1033.4
Tubgcp6	135.4	121.5	76.2	175	46.5	164.8	181.8	115.5	224.9	108.9	332.8	288.1	63.8	243.5	170.4	265.1	161.1	94.6	252.1	210.3	504.5	469.8	275.8	283.4
Nlgn2	548	472	427.8	458.6	449	347.4	233.8	544.4	143.8	400.1	264.7	276.5	587.4	362.4	314.6	384.5	204.7	261.9	411.4	221.9	52.5	62.6	32.2	35.6
Cox6b2	292.9	145.6	281.7	139.1	327.5	395.4	340.6	274.2	642.8	442.3	629.7	674.6	510.8	608.1	470.4	518.1	225.3	359.4	237.8	216.7	58.1	55.6	167.1	152.7
Sox12	391.6	278.1	295.1	324.9	414	385.8	332.6	391.7	648	362	239.3	284.5	160.4	407.1	302.9	269.2	385.2	414.7	373.3	587.4	429.7	486.2	161	156.6
Arf3	2227.9	1736.5	2352.9	2352.7	1710.9	2084.1	1919	1986.7	1754.9	1943.2	1520.4	1499.5	1511.5	1869.2	1580.2	1838.7	1342.3	1973.2	1650.3	1631.4	2320.3	2446.9	1866	1670.1
Tbc1d22a	439.9	360.8	699.6	791.1	397.5	249.9	445.5	439.6	184.8	417.8	554.9	510.9	444.5	457.8	610.2	603.1	385.2	509.3	565.9	602.8	614.3	610	688.4	676.2
Klhdc1	268.8	341.7	373.4	534.7	310.3	286.9	152.8	191.9	168.4	413.7	308.9	94.8	245	292.7	225.7	308.6	232.6	395.8	227.1	209.1	59.7	86.9	67.1	33.6
Sox6	393.7	559.8	719.3	468.4	577.7	573.9	1045.9	1209.2	316.3	675	568.4	470.6	445.3	672	748.6	421	17	0	4.8	41	8	6.3	20.1	22
B3glct	391.6	565.7	537.2	549.9	404	605.5	252.7	473.9	345	375.6	534.7	400.8	413.4	287.6	300	262.1	282.3	199.4	317.4	437.3	159.9	163.6	183.8	215.5
Prdm9	140.7	305.2	79.8	146.7	118	149.6	0	68.5	71.9	46.3	161.5	22.4	0.8	234.7	20.4	33.4	71.5	17.5	88	71.8	35.8	39.9	9.4	33
Erich1	168	314.7	163.1	181.5	56.5	413.3	283.7	197.8	157.1	84.4	210.1	70.7	185.2	357.3	139.8	172	136.9	430.7	193.8	184.7	43	40.7	104	92.5
Smim11	1020.5	912.5	1250.9	1042.2	820.8	1043.4	1224.7	1028.1	1050.5	650.5	1023	700.6	704.7	1032.9	1016.6	993.7	952.2	809.1	843	695.1	328.6	276.4	507.9	438.1
Lax1	349.6	199.8	197.7	188	164.4	126.3	280.7	96.9	2.1	83	12	38.5	55.1	14.7	158.7	85	403.4	550	185.5	347.6	581.7	541.8	25.5	4.5
Btla	0	0	0.7	0	0	0	0	49	0	0	0	10.7	42.3	0	29.1	27.3	144.2	390	254.4	174.4	272.9	278.7	138.2	89.9
Tagap1	1343.9	1155.5	798.4	822.6	855.1	1057.2	825.1	1195.5	1145	477.6	1021.6	606.6	1118.1	803.3	910.3	952.2	1373.8	838.2	1399.4	1037.6	237.9	236.5	121.4	86.1
Pfdn4	277.2	380.5	257.7	231.5	268.8	307.5	334.6	253.6	487.8	243.6	222.9	201.3	322.4	331.6	365.6	168	300.4	103.3	184.3	365.5	281.7	249.8	409.3	323.5
Klf13	752.8	668.1	1220.6	1066.1	998.1	654.9	924	1068.2	1089.5	1275.1	1043.2	1190	926.6	1002.1	1154.9	990.7	806.8	1132.1	984.4	981.1	1099.7	1122.8	1498.3	1248.8
Zfp217	669.8	1181.8	965.7	1527.9	1020.3	779.8	1408.5	1428.6	1368.8	1344.5	1902.5	1725.9	1696.7	1740.1	1954.5	2046.2	1623.4	2255.5	2266.1	1372.3	272.1	362.5	238.2	168.2
Pard3b	782.2	1027.4	679.1	910.7	584.9	675.5	535.4	581.6	541.2	317.1	492.8	395.5	357.5	460.7	317.5	320.8	508.8	583.5	475.6	354	74	58.7	20.1	41.4
Dock8	688.7	859.1	576.7	841.1	798.6	1054.4	1261.7	676.6	1594.8	1415.2	833.1	1028.9	1104.5	1393.8	1156.4	816.6	1291.4	1247.1	978.5	809.3	2771.4	2558.8	2092.1	1991
Rgs14	246.7	65.1	140.5	167.4	292.4	304.8	351.6	161.6	250.6	166	79.3	42.1	71	166.5	136.9	99.2	89.6	283.8	74.9	75.7	385.1	402.5	339.5	347.5
Gnpda1	165.9	155.1	281	194.5	246	181.2	189.8	204.6	145.8	298	266.2	123.5	169.2	294.9	182.1	299.5	109	116.4	216.4	209.1	298.4	286.6	495.9	568.8
D630039A03Rik	282.4	289.8	230.1	205.4	69.4	249.9	60.9	74.4	1	0	25.4	0	0.8	11.7	0	29.3	0	0	0	21.8	8.8	21.1	0	0
Rbm12b2	324.4	210	367.8	255.4	455.4	490.1	367.6	210.5	595.6	299.4	93.5	97.5	386.3	261.9	438.4	48.6	628.8	381.2	233	342.4	70.8	67.3	133.5	168.2
Bre	283.5	327.1	330.4	267.3	319.6	483.3	448.5	312.3	688	481.7	240.1	221	406.2	463.6	473.3	577.8	401	256.1	441.1	425.8	413	415	424.7	431.6
Rasal3	599.5	569.3	557.7	723.8	818.6	742.8	718.2	757.9	653.1	574.3	668.6	750.7	566.6	541.4	707.8	752.9	1141.2	862.9	976.1	1064.5	2911.5	3051.4	1328.5	1646.1
Ppp4r2	1185.3	1492.8	1218.4	995.4	1041	1069.5	687.3	1054.5	1236.4	996.1	863	862.5	822	871.5	1006.4	963.4	958.3	1041.9	827.5	1036.3	124.1	108.1	71.8	80.9
Rps10	13757.7	12099.3	13455.8	14886.9	10329.3	10346.4	9611.8	9086.4	11048.3	10872.9	12241.4	16119.9	10852.9	10784.4	9342.9	12965.2	9883.2	10475.6	11883.5	16352.2	552.2	503.5	732	591.4
Plpp2	296.1	466.9	329	472.7	188	241.6	212.8	265.3	209.5	251.8	181.7	219.2	223.5	195.9	97.6	354.2	201.1	135.3	114.1	200.1	150.4	179.3	308.6	323.5
Acvr2a	69.3	60	121.4	195.6	22.2	64.5	54.9	5.9	0	20.4	6	0	58.3	51.4	94.7	125.5	84.8	30.6	108.2	41	91.5	76	36.2	10.4
Pld4	0	61.5	24.7	17.4	37.2	0	6	13.7	0	54.4	4.5	68.9	0	0	1.5	13.2	0	8.7	47.6	178.3	7706.4	7815.9	2322.3	2285.5
Gm5963	9919.4	7489.1	9962.8	11739.8	6542	4860.2	6943.6	5660.4	5089.2	7219.1	10414.5	10170.1	5853	6314	7146.7	12722.3	5823.6	6393.9	11430.5	12776.6	1.6	4.7	1.3	1.3
Cd177	0	0	9.9	13	0	0	70.9	9.8	0	0	0	73.4	0	0	0	12.1	0	0	0	109	104.2	87.7	38.9	42.7
Opa3	305.5	360.8	180.7	363	265.3	383	335.6	466.1	501.1	342.9	324.6	306	296.1	185.6	415.1	454.4	324.7	427.8	325.8	402.7	783.8	819	538.8	663.2
Epx	0	0	9.9	0	0	0	49.9	26.4	0	0	30.7	0	0	0	17.5	0	20.6	0	4.8	9	2321.9	2130.5	3662.2	4044.8
Zfp622	524.9	352.7	362.9	468.4	464.7	203.2	168.8	343.7	373.8	360.6	430	442.9	405.4	474.6	356.8	402.8	582.7	251.7	330.5	402.7	759.9	812	1312.4	1303.8
Bhlha15	0	0	0	0	0	0	0	13.7	0	0	0	0	0	0.7	32	0	0	52.4	11.9	21.8	175.1	133.9	163	196.7
5330438D12Rik	140.7	86.4	164.5	85.9	0	6.9	149.8	221.3	90.4	163.3	109.2	103.8	67.8	261.2	77.2	83	187.8	56.8	134.4	169.3	35.8	28.2	39.6	12.9
Ppp6r1	1809	1799.5	1291.9	1496.4	1593	1198.6	1002.9	1873.1	1567	1465.6	2349.7	2293.1	1731	1625.6	1822	2263.7	2001.4	1603.6	2404	2389.4	9772.8	9746.8	7840.4	7266.6
Cdc42se2	1024.7	964.5	1130.9	975.9	796.5	864.9	735.2	824.4	459	1109.1	875.7	996.7	1300.8	788.6	1198.6	1200.2	1324.1	1379.5	1209.2	1576.2	3812.2	3725.5	1982.1	1970.3
Ltn1	612.1	942.5	440.5	528.1	770	660.4	790.2	501.3	556.6	660	756.8	424.1	800.5	758.5	672.9	769.1	600.9	544.2	648	488.6	1515	1491.6	1455.3	1513.5
Hbb-bs	44.1	72.4	429.2	515.1	300.3	72.8	394.6	644.3	188.9	604.2	1158.4	731.9	113.3	25.7	533	434.1	101.8	334.7	585	2350.9	3124.7	3132.8	1943.1	1756.8
Slc39a1	1017.3	851.1	719.3	765	553.4	1206.8	560.4	539.5	781.5	547	713.4	731.9	781.3	664.6	517	580.9	609.4	749.4	544.5	686.2	27.1	13.3	12.1	31.7
Ankrd44	652	757.4	609.2	820.5	582	716.7	1014.9	697.1	463.1	737.6	988.6	578.9	979.2	766.6	1122.9	771.1	1078.2	1482.8	1449.3	1233.8	1032.8	1124.4	610.6	691.7
Cx3cr1	0	0	18.4	12	47.9	0	191.8	50.9	140.7	59.9	38.1	82.3	61.5	212	27.7	45.5	93.3	43.7	61.8	243.7	327.8	260.7	545.5	470.4
Immt	1463.5	1443.1	1205.7	1631.2	2211.4	1565.1	1594.3	1619.5	1861.7	1775.9	1517.4	1706.2	1923.3	1876.5	1529.2	1394.5	1645.2	1558.5	1539.7	2343.2	2131.7	2066.3	3177.1	3374.5
B630019K06Rik	182.7	131.7	209.7	157.6	12.2	223.8	165.8	168.4	31.8	50.4	54.6	93	126.9	41.8	273.8	177.1	180.5	62.6	217.6	138.5	48.5	85.3	93.9	40.8
Tmem106c	199.5	82	156	130.4	133.7	83.7	128.9	124.4	141.7	68	107.7	139.6	103.7	121	67	151.8	162.3	136.8	148.6	150.1	757.5	751.7	823.3	766.1
Nrros	2038.9	2152.9	1810	2279.9	2006.9	1992.1	2274.6	2480.2	2120.5	2356.9	2862	2130.3	2699.9	2856.6	3263.8	3534.8	3157.1	3006.3	3388.5	3192.2	5025.7	5149.8	8930	9125.6
Rft1	163.8	273	196.2	122.8	67.9	259.5	252.7	145.9	181.8	156.5	200.4	135.1	103.7	74.1	107.8	236.8	202.3	49.5	137.9	151.3	305.5	332	554.9	568.1
Mogat2	0	0	0	0	0	0	0	0	0	0	0	0	0	0	7.3	0	0	0	0	9	10.3	7.8	408	449.7
Ezr	936.5	1187	1216.3	1125.8	1159.7	1197.2	1209.7	1669.4	1265.1	1702.4	1729	1728.6	1844.3	1637.4	1641.4	2012.8	1754.2	1549.7	2043.8	2103.3	7662.6	7661.7	2804	3248.9
Rexo4	376.9	604.5	278.1	479.2	495.5	392.7	297.7	435.7	459	556.6	611.7	755.1	581	656.6	610.2	530.3	705.1	451.1	581.4	659.2	618.3	577.9	504.6	500.8
Ccdc171	227.8	440.5	153.2	625.9	341	411.9	82.9	277.1	372.8	176.9	465.9	132.4	390.3	76.3	135.4	277.3	504	344.9	323.4	189.8	78	96.3	23.5	60.8
2610001J05Rik	2034.7	1507.5	1660.4	1268.2	1630.1	1548.7	1715.2	1446.2	1519.8	1473.8	571.4	736.3	2098.1	1522.9	1351.6	1062.6	1298.7	1367.8	1293.6	1105.5	797.3	794	1156.1	879.4
B4galt3	439.9	420	271.8	208.6	241.7	319.9	291.7	209.5	85.2	273.5	305.9	296.1	300.9	206.1	262.2	300.6	328.3	487.5	453	371.9	317.5	337.5	340.9	313.2
Tmco1	2395.8	3054.5	2814.6	3659	3476.2	3571	3842.9	3662.9	4100.4	4422.6	6634.1	8462.1	4096.5	2776.6	3754.7	4261.3	2845.8	2965.6	3925.9	2032.8	1280.3	1309.2	1886.1	1794.3
Cebpe	0	0	0	0	0	0	7	0	0	12.2	0	25.9	11.2	0	5.8	0	0	0	0	60.3	52.5	57.2	1044	999.7
Zfp961	276.1	155.1	461.7	279.3	755	689.2	698.3	621.8	475.4	549.8	335	206.7	279.3	469.5	358.3	289.4	456.7	443.8	512.4	330.9	264.2	223.2	366.4	423.8
Asna1	82.9	76.8	70.6	53.2	200.9	156.5	94.9	93	151	100.7	121.2	136.9	112.5	60.9	51	75.9	69.1	100.4	79.7	80.8	487	541.8	631.4	569.4
Atp6v1a	2109.2	2111.9	2541.4	2691.8	1971.9	2290.1	2392.5	2322.5	1524.9	2007.2	1266.8	1594.4	2023.1	1881.6	2190.5	1310.5	1565.2	2300.6	1303.1	1893	1192	1389.8	3087.2	2953.9
Cherp	783.2	929.4	573.2	778.1	1018.8	940.5	834.1	919.4	1187.1	766.1	781.5	576.2	928.9	1230.2	1125.8	763	1161.8	416.2	738.3	714.4	2238.3	2217.5	1637.2	1393.1
Nav2	359.1	460.3	222.4	444.5	260.3	267.7	207.8	157.6	95.5	102.1	173.5	167.3	162	208.3	152.9	83	147.8	154.2	165.3	71.8	136.9	153.5	83.9	111.3
Nup188	305.5	172	427.1	533.6	368.2	328.1	425.5	455.3	433.3	534.8	764.3	678.2	397.4	568.5	691.8	584.9	416.7	506.4	525.5	439.9	863.3	940.4	744.1	786.8
Pbx1	10485.2	11777.4	11143.9	10643.3	8616.2	9749.2	11552.8	10847.8	10555.4	12867.8	11687.3	9624.3	2535.5	2772.2	3011.9	2762.6	1925	1976.1	1865.5	1580.1	56.5	66.6	53.7	41.4
Magi3	112.3	103.9	43.1	88	70.1	90.6	29	70.5	71.9	73.5	83.8	297.9	12	60.2	64.1	41.5	105.4	37.8	93.9	115.4	169.5	166.8	61.1	65.4
St6galnac3	105	102.5	111.5	261.9	75.8	93.4	73.9	139	5.1	107.5	80	178	20	132	35	108.3	35.1	55.3	84.4	61.6	50.9	75.2	27.5	67.3
Gan	344.4	386.4	536.5	476	435.4	336.4	584.4	489.6	509.3	557.9	500.3	450.9	427	206.9	243.2	679	598.5	276.5	371	271.9	109.8	95.5	37.6	29.1
Cpne8	407.4	470.5	642.4	853.1	145.1	297.9	287.7	212.5	18.5	12.2	23.2	2.7	0	17.6	0	41.5	0	20.4	0	10.3	0	0.8	0	0
Hist1h1d	43	150	42.4	38	140.1	297.9	40	64.6	291.6	118.4	214.6	363.2	101.4	311	126.7	175.1	210.8	132.4	132	182.1	86.7	88.5	36.9	30.4
Hook2	328.6	259.1	386.9	190.2	312.4	188.1	515.5	321.2	250.6	378.3	237.1	323	170	243.5	237.4	327.9	212	360.9	197.4	218	181.4	188.7	125.5	126.8
Dlg2	23.1	125.1	136.2	235.8	44.3	304.8	124.9	85.2	19.5	61.2	48.6	29.5	0	0	20.4	10.1	0	0	0	24.4	103.4	129.2	17.4	11.6
Adam17	780.1	788.9	936.8	981.3	441.1	642.5	1192.7	1000.7	975.5	930.8	1288.5	697.9	1277.7	1507.5	1328.3	1636.3	1077	1568.7	1376.8	1244.1	1252.4	1176.1	1711.7	1734.1
Isoc2b	6.3	25.6	27.5	28.3	0	11	113.9	1	55.5	6.8	28.4	57.3	31.1	0	4.4	7.1	19.4	5.8	27.3	2.6	152.8	167.6	74.5	84.1
Plekhg3	261.4	202	156.7	164.1	137.3	127.7	199.8	276.1	241.3	81.6	222.1	102.9	356.7	473.9	377.2	402.8	420.4	251.7	428	397.6	368.4	393.8	152.3	163.7
Asap2	184.8	172.7	256.3	136.9	234.5	233.4	217.8	236	114	508.9	250.5	171.8	272.9	173.1	209.7	146.7	65.4	131	73.7	62.8	27.1	39.2	5.4	27.8
Rnf103	619.4	395.9	321.2	308.6	271.7	218.3	414.6	285.9	434.4	389.2	94.2	79.6	64.6	215.7	275.3	183.2	457.9	189.2	198.6	279.6	371.6	297.5	242.9	373.4
5830454E08Rik	100.8	136.1	68.5	78.2	87.2	13.7	51.9	50.9	83.2	72.1	73.3	8.1	69.4	47.7	24.8	29.3	26.7	0	26.2	92.3	18.3	16.4	4	7.1
Zmat1	741.2	455.2	295.8	359.7	131.6	226.5	295.7	174.3	160.2	427.3	171.3	17.9	72.6	156.3	163.1	158.9	290.8	115	160.5	205.2	76.4	65	77.2	83.5
Rap1b	4071.5	4611	5667.9	3732.9	4881.9	5786.9	6173.5	5326.5	7940.9	7479	8096.1	9156.4	2879.4	2779.5	2636.1	3177.5	2840.9	2047.4	2495.6	2509.9	3151.8	3078.8	5900.6	6005.5
Jun	295	2881	799.1	424.9	1366.3	321.3	569.4	435.7	246.5	449.1	378.4	459.9	2708.6	385.1	174.8	548.5	229	97.5	252.1	792.6	15513.8	15369.5	289.9	335.8
Rab7b	0	0	0	0	0.7	0	87.9	31.3	0	24.5	26.9	123.5	71.8	132	65.5	0	0	176.1	23.8	84.6	128.1	109.6	601.9	634.8
Tnrc6a	4428.4	4415.6	3135.8	3694.8	3018.6	3028.7	3385.4	3377	2620.6	2827.8	2543.4	2801.3	3070.2	2666.6	2828.4	2095.8	2694.3	3103.8	2895.1	2402.2	277.7	296.8	144.9	51.1
BC004004	626.8	572.3	902.9	746.6	849.4	589	847.1	519.9	533	826	892.9	1065.6	669.6	641.9	636.5	1084.8	546.4	660.6	1027.2	1095.3	1493.5	1577	1739.8	1687.6
Zfp608	1894	2217.3	1403.4	2116.9	1245.5	1422.4	1326.6	1373.7	472.4	504.9	649.9	562.8	1874.7	1219.2	1125.8	1481.5	2206.1	2195.8	2345.8	1666	411.4	448.7	49	80.2
Map1b	93.4	49.8	117.2	101.1	0	28.8	6	26.4	0	17.7	0	0	0	0	0	0	0	0	0	3.8	0	0.8	0	4.5
Gm5111	205.8	81.2	267.5	163	4.3	175.7	217.8	32.3	0	95.3	12.7	4.5	229.8	99.8	96.1	197.3	474.9	611.2	512.4	557.9	78	86.1	0	2.6
Suclg1	1432	1446.7	1631.4	1577.9	1356.3	2086.9	1797.1	1764.4	1646.1	2216.8	2005.7	1923.6	1521.1	1638.8	1631.2	1993.5	1883.8	2029.9	1928.5	1908.4	1960.6	1893.3	3454.9	3230.8
Swt1	811.6	1405	1044.1	1316	834.4	1075	503.5	905.7	513.4	653.2	962.5	802.5	1122.1	532.6	802.5	862.2	919.5	835.3	669.4	570.7	250.6	209.1	257.7	185.7
Trim30b	226.8	483.7	345.2	509.7	323.9	160.6	276.7	343.7	82.2	208.2	145.1	115.4	76.6	71.2	103.4	169	101.8	277.9	215.2	132.1	43.8	22.7	6.7	8.4
Repin1	752.8	674.7	879.6	836.8	659.2	685.1	990	843	476.5	653.2	777	748	614.5	580.3	626.3	854.1	686.9	1167	970.2	873.4	1355.1	1331.9	536.1	920.1
Traf7	564.8	235.6	513.9	533.6	426.1	453.1	828.1	542.4	556.6	612.4	545.9	498.3	531.5	611.8	422.4	474.6	396.2	603.9	770.4	688.7	1410.8	1392.2	1517.8	1499.3
A630001G21Rik	475.6	474.9	715.8	574.9	487.6	359.7	796.2	509.2	426.2	692.7	331.3	83.2	517.1	531.1	645.2	259.1	712.3	509.3	394.7	583.6	257.8	260	276.4	282.8
Zfp212	364.3	278.8	132.7	207.6	66.5	151	151.8	153.7	101.7	174.2	172	205.8	281.7	223.7	148.6	174.1	157.5	161.5	187.9	102.6	354.1	306.9	192.6	234.2
Oas1a	52.5	18.3	26.8	61.9	0	61.8	74.9	32.3	0	58.5	74.8	115.4	3.2	9.5	46.6	77.9	76.3	20.4	127.2	25.7	189.4	187.1	255.6	295.7
1700030K09Rik	95.5	61.5	104.5	105.4	91.5	127.7	45	35.2	5.1	53.1	80	170	102.2	174.6	36.4	72.9	65.4	117.9	63	71.8	236.3	202.8	138.9	205.8
Nup107	1335.5	904.5	857	554.2	1051.7	1139.5	1945.9	1158.3	1591.7	1857.5	541.4	281.8	1273.7	1404.1	1607.9	838.9	1272.1	1190.3	313.9	977.3	1869.1	2078.9	2384.7	2650.4
Atad2b	962.7	1348.7	473.7	936.7	915.2	686.5	673.3	646.2	1071	816.5	984.9	733.7	1062.2	688.1	562.2	686.1	894.1	715.9	892.9	999.1	410.6	386	168.4	269.2
Gm9892	180.6	235.6	137.7	138	111.5	208.7	122.9	206.6	129.4	172.8	235.6	230.8	122.9	311	126.7	231.7	178.1	133.9	179.5	468.1	11.1	6.3	9.4	11.6
Sae1	1973.8	1452.6	1108.3	1157.4	2459.5	1548.7	920	1444.2	2603.2	1925.5	2404.3	2418.4	1849.9	1996.1	1623.9	2715.1	1915.3	1788.4	2010.5	1950.7	6497.7	6585	5259.1	5344.2
Junb	603.7	538.6	441.9	264.1	404.7	151	334.6	255.6	86.3	201.4	217.6	332.8	478.8	270.7	206.8	448.3	196.3	109.1	220	483.5	6497.7	6639.1	1057.5	942.1
Nrk	307.6	573.7	605	695.5	307.4	173	186.8	275.1	1	9.5	55.3	23.3	0	0	77.2	21.3	14.5	33.5	13.1	2.6	0	0	0	0
Prkcb	592.1	379.8	504	452.1	454.7	369.3	447.5	360.3	215.6	371.5	92.7	278.3	178.8	234.7	276.7	155.8	175.7	471.5	221.1	574.6	3042.8	3187.6	495.9	726.7
Ubxn8	1042.5	689.3	804.8	1078	948.8	594.5	670.3	537.5	507.3	775.7	688	1023.5	918.6	1045.4	734	1260.9	1136.4	948.8	965.4	809.3	378	429.9	875.6	854.8
Cyp2j6	607.9	433.9	696.8	338	335.3	247.1	222.8	301.6	43.1	111.6	133.9	112.7	207.5	310.3	74.3	143.7	261.7	66.9	271.1	68	117	101	107.4	78.9
Msl1	2143.9	2699.6	3278.4	3522	2188.5	2663.5	3652.1	3127.4	2586.7	2312	3713.8	3198.6	2536.3	2982.7	3154.6	4205.7	2698	3029.6	3792.7	2267.5	428.1	498	440.8	454.9
Senp7	968	1330.4	1725.3	1561.6	1137.5	1184.8	1313.6	1347.3	821.5	1115.9	1490.4	1233.8	1521.9	1069.6	935	1192.1	1365.3	1541	1347.1	1096.6	373.2	308.5	380.4	319
Prkg1	96.6	217.3	124.2	320.6	127.3	156.5	258.7	154.7	154	181	124.9	184.3	30.3	98.3	126.7	86	56.9	5.8	73.7	32.1	1.6	6.3	0	0
Rnaseh2a	454.6	440.5	343.1	531.4	411.1	623.3	358.6	532.6	703.4	650.5	546.7	767.7	495.6	557.5	613.2	514.1	502.8	477.3	529.1	695.1	977.9	927.9	1443.3	1382.1
Fbxo31	258.3	226.9	573.9	388	323.2	414.6	349.6	275.1	132.5	353.8	523.5	799.9	241	372.7	196.6	482.7	208.4	232.8	372.1	324.5	561	542.6	1007.8	855.4
Rnf157	490.3	406.1	142.6	253.2	326.7	258.1	413.6	567.9	268	487.2	436	409.8	456.5	401.3	566.5	509	530.6	686.8	513.6	319.3	1476	1354.6	532.1	493.1
Mrpl35	266.7	418.6	465.9	528.1	617.7	665.9	172.8	625.7	400.5	438.2	527.2	495.7	461.3	641.2	576.7	650.7	535.5	387.1	532.6	627.2	547.4	620.1	865.6	882
Uba2	1641	1454.8	1927.9	1437.7	1630.9	2597.6	2183.7	2129.6	4447.4	3070	1548	1335.8	2600.1	2653.4	3173.5	1665.7	2317.6	2334.1	1935.6	2147	4152.8	4164	4507.6	4622
Creb5	228.9	573.7	698.2	420.6	588.4	157.9	168.8	115.5	0	16.3	0.7	0	298.5	0	32	14.2	12.1	184.8	55.9	25.7	5.6	3.1	0	0.6
Krcc1	1546.5	1399.9	1951.9	1845.2	1241.2	1683.2	2552.3	1757.5	1855.6	2434.5	1142	558.3	1859.5	1627.8	2122	1052.4	1579.8	2613.5	1254.3	1467.2	656.5	591.9	919.9	816
Aph1c	255.1	218.1	182.1	288	263.1	82.4	227.8	96	138.6	57.2	32.2	127	65.4	77	32	153.8	176.9	163	206.9	143.6	31	39.2	79.2	67.9
Cd8b1	0	0	0	0	0	0	0	0	0	0	0	0	0	0	0	0	0	0	0	0	100.3	94.7	0	0
Jam2	175.3	54.9	291.6	168.4	176.6	105.7	4	68.5	11.3	10.9	54.6	47.4	0	0	7.3	0	0	0	0	0	3.2	3.1	0	0
Clec12a	0	13.2	114.4	14.1	84.4	75.5	288.7	112.6	125.3	196	92.7	283.6	572.2	836.3	362.6	488.8	1132.7	595.2	984.4	767	2857.4	2881.4	10701.4	9896.3
2700081O15Rik	305.5	400.3	151.1	146.7	165.2	177.1	160.8	146.9	17.5	110.2	142.1	222.8	118.1	41.8	84.5	79.9	318.6	82.9	96.3	70.5	78	72	14.1	5.2
Lins1	49.3	74.6	226.6	92.4	157.3	137.3	141.8	157.6	124.3	117	157	156.6	3.2	126.2	147.1	99.2	128.4	88.8	83.2	137.2	123.3	168.3	157.7	160.5
Tmem248	560.6	772	882.4	833.5	894.4	940.5	956	963.5	588.4	713.1	1005.1	1843.1	1108.5	999.1	1028.2	864.2	519.7	1158.3	828.7	1068.3	1485.6	1479.9	3564.9	3716.1
Gpr141	0	0	69.2	0	0	0	108.9	32.3	27.7	103.4	0	85.9	0	55	134	88	0	1.5	5.9	68	20.7	14.1	1141.3	1230.7
Socs3	30.4	41	28.2	15.2	0	0	71.9	81.3	32.9	1.4	7.5	5.4	174	0	67	45.5	71.5	94.6	20.2	112.9	743.2	755.6	0	11.6
Chmp3	1747	1865.3	1613.8	1267.1	1834.6	2386.2	1169.8	1343.4	1908	1550	1508.4	1231.1	1673.5	1207.5	1513.2	1658.6	1356.9	1232.5	1419.6	1150.4	966	976.4	1109.1	1142.7
Rnf26	119.7	178.6	101.7	197.8	414	465.4	216.8	417.1	393.3	225.9	469.6	603	268.9	740.9	304.4	206.4	608.2	516.6	274.6	523.3	919.8	905.1	1064.2	964.8
Supt7l	435.7	367.4	339.6	257.6	306	276	369.6	312.3	506.3	193.2	284.9	353.4	452.5	398.3	369.9	400.7	516.1	323	418.5	312.9	341.4	364.9	406.6	424.5
Mapk11	0	8	15.5	0	0	5.5	0	2	11.3	0	26.9	0	91.8	0	35	29.3	38.8	61.1	35.7	83.4	82.8	119.8	0	0
Fes	405.3	196.9	215.3	338	172.3	199.1	276.7	178.2	404.6	330.7	335	425.9	416.6	385.1	425.3	424	387.7	199.4	444.7	736.2	1415.6	1551.1	3984.3	3848.8
9030619P08Rik	641.5	552.5	1054.7	728.1	708.5	984.4	1611.3	761.8	275.2	428.7	379.2	700.6	1784.5	853.9	1089.4	1429.9	2916	3701.9	3046.1	1891.7	257.8	337.5	36.2	55.6
Bcl3	47.2	106.1	98.8	106.5	56.5	76.9	54.9	62.7	18.5	49	50.9	127	12.8	118.8	84.5	50.6	77.5	128.1	103.4	184.7	284.9	282.7	411.3	291.8
Mllt11	271.9	188.8	278.8	241.3	220.2	344.6	329.7	178.2	72.9	132	224.4	93.9	148.4	268.5	206.8	243.9	212	403.1	473.2	247.5	63.7	55.6	28.2	63.4
Prx	11.5	45.4	32.5	20.6	0	43.9	24	37.2	157.1	20.4	82.3	20.6	60.7	77.8	48.1	71.8	29.1	36.4	26.2	14.1	103.4	83	14.1	29.1
Ndfip2	855.7	634.5	549.2	682.5	616.3	558.8	629.3	769.6	777.4	600.1	194.4	132.4	478	581	380.1	323.8	421.6	797.4	363.8	378.3	495.7	490.9	646.2	524.8
Aldh1a1	744.4	398.1	1511.4	1183.4	618.5	702.9	758.2	740.2	251.6	308.9	287.2	411.6	3.2	72.6	40.8	23.3	0	48	0	23.1	10.3	7	6	12.3
Trmt1l	1293.5	1033.3	1220.6	1016.1	955.9	877.3	1121.8	857.7	1115.2	1125.4	370.2	298.8	727.8	744.6	924.8	610.2	840.8	1089.9	495.8	849	556.2	523	873.6	960.9
Ddx10	2550.2	2320.5	1896.1	2463.6	1796.7	2167.9	1780.1	2317.6	2059.9	2886.3	2059.6	2294	1593.7	1950.6	2410.4	1930.8	1656.1	2534.9	2129.4	2297	875.3	872.3	844.8	962.2
Pom121	1053	876.7	794.2	722.7	1225.5	1010.5	322.7	920.4	1277.4	570.2	1051.5	1206.1	954.5	963.2	796.7	835.9	838.3	723.2	872.7	736.2	1747.4	1881.6	1286.9	1326.5
AI854703	111.3	132.5	78.4	46.7	44.3	26.1	62.9	83.2	97.6	39.5	3	47.4	72.6	57.2	83	84	134.5	81.5	104.6	35.9	78	98.7	30.2	43.4
Nrgn	2575.4	2140.5	3855.8	3569.9	3606.3	2840.6	3163.6	3452.4	2994.4	3750.4	5351.6	6128.7	1506	1663.8	2034.6	3016.6	1379.9	1599.2	2217.4	1723.7	730.5	744.6	87.2	62.1
Sec61b	2199.5	1948.7	3149.2	2770	3063.7	3127.5	4090.7	2853.2	3172.1	4238.9	3040.7	2759.3	3262.5	3918.1	4367.8	3512.5	2721	4691.4	3627.5	4014.3	702.6	667.9	1766	1665.6
D10Jhu81e	1077.2	1233.8	1829.8	1619.2	743.6	1322.1	1986.9	1582.3	948.8	1921.5	2038.6	2447	983.2	1021.9	1487	1532.1	804.4	1299.4	1691.9	1074.8	781.4	690.6	673	602.4
Gas5	22993.6	19429.6	19193.6	18519.8	19114.2	20955.1	20455.3	15259.8	19090.8	16001.8	15247	15248.4	21144.8	17429.2	14982.2	14586.3	23121.1	17253.7	17989.9	10891.2	976.3	972.5	577.7	648.4
Dis3l2	197.4	107.6	143.3	282.5	226.6	76.9	88.9	169.4	141.7	198.7	200.4	292.6	100.6	167.3	218.5	189.2	268.9	247.4	158.1	110.3	690.7	780.7	562.3	471.1
Ficd	48.3	30	69.2	9.8	1.4	16.5	77.9	98.9	0	21.8	53.1	0	0	0	16	17.2	29.1	1.5	27.3	38.5	98.7	168.3	136.9	176.7
Zfp943	21	156.6	185	113	20	63.2	220.8	117.5	135.5	100.7	151.1	144	217.1	88	144.2	116.4	10.9	167.3	88	94.9	132.9	157.4	250.9	201.2
Zfp952	266.7	404.7	287.3	310.8	175.2	214.2	229.8	179.2	226.9	257.2	140.6	106.5	144.4	74.8	233	224.7	182.9	537	281.8	247.5	146.4	135.5	275.8	192.8
Phgdh	460.9	486.6	607.1	539	734.3	745.5	1017.9	983.1	744.5	756.6	881.7	1015.5	1278.5	956.6	872.4	1113.1	906.2	1062.3	1206.8	1373.6	2911.5	2847	3144.9	3192.6
Cbx7	1063.5	1266.7	883.8	665.1	424	266.3	482.5	350.5	311.1	202.8	200.4	149.4	283.3	175.3	238.9	136.6	358.6	442.4	372.1	469.4	191.8	218.5	24.8	29.1
Mapk14	1067.7	1490.6	1942.7	1531.2	1452.8	1298.8	2336.5	1776.2	1728.2	1872.5	2285.4	1874.4	1135.6	1947.7	1921	1521	1250.2	1558.5	1967.7	1217.1	2940.9	2897.9	5224.9	4614.3
Thoc7	1353.3	2565.6	2251.2	2077.8	2412.3	1933.1	2210.7	2366.6	2345.4	2229	2387.9	2384.4	3035	2646	2333.2	2274.9	2832.4	2069.2	2759.5	2722.8	598.4	606	1118.5	897.5
Ggcx	89.2	171.2	192.7	105.4	310.3	116.7	217.8	121.4	98.6	111.6	134.6	77.8	35.9	78.5	48.1	114.4	104.2	55.3	66.6	34.6	233.1	186.4	245.6	337.8
Kdm3a	1033.1	903.8	734.2	610.7	503.3	1065.4	693.3	458.2	630.5	597.4	576.6	338.2	553.9	514.2	514.1	606.2	834.7	749.4	541	519.4	690.7	710.2	361	355.2
Tcf4	2656.2	3068.4	3160.5	3351.4	2743.4	2748.6	2612.2	2855.2	2930.7	2317.5	2341.5	1948.7	2663.1	2757.5	2557.5	2349.8	5922.9	5843.9	5075.6	3710.4	6241.5	5961.8	493.2	474.9
Usp21	200.5	308.1	305.7	367.3	409	197.7	207.8	358.4	423.1	408.2	332	260.4	260.2	265.6	247.6	451.3	328.3	375.4	512.4	287.3	974.7	1013.2	679	667.1
Nrd1	1428.9	1317.9	965	1521.4	1410.6	1079.1	881.1	1158.3	1516.7	895.4	1527.8	1970.1	1465.2	1167.9	916.1	908.7	1390.8	1343.1	1445.8	1028.6	2132.5	2047.5	2208.2	2218.8
Cstf2t	843.1	821.1	1215.6	1367.1	745	816.9	1130.8	1287.6	943.7	1638.4	1067.9	924.2	1523.5	650	1631.2	1433.9	955.9	1088.5	1230.6	959.3	1173.7	1044.5	1260.1	1325.8
Gm4759	394.8	987.9	725	1346.4	768.6	805.9	357.6	829.3	430.3	374.2	493.6	321.2	924.2	712.3	720.9	1035.2	1463.5	1513.4	1628.9	924.7	838.7	804.1	0	3.2
3110082I17Rik	720.2	588.4	411.6	457.5	754.3	547.8	432.5	698.1	965.3	651.8	545.2	642.4	1032.7	871.5	825.8	631.5	590	462.7	1020.1	536.1	609.5	583.3	1071.6	1100.7
Smagp	119.7	180.8	154.6	164.1	10	67.3	43	90.1	10.3	13.6	31.4	4.5	0	107.8	14.6	2	30.3	10.2	9.5	19.2	15.9	16.4	14.8	5.2
Ier2	557.5	759.6	735.6	637.9	591.3	435.2	494.5	449.4	524.7	244.9	187.7	238	572.2	607.4	372.8	219.6	362.2	311.4	279.4	236	4105.8	4199.2	2062.6	1750.3
Eif3k	2621.6	2022.7	1878.5	2415.8	2039.1	2145.9	1698.2	1912.3	2401.9	1852.1	2334.8	2677.8	2365.5	2037.2	1817.6	2404.4	1596.7	2312.2	2138.9	3332	1818.2	1782.9	2468.5	2147.6
Tanc2	157.5	339.5	305	291.2	343.2	271.8	302.7	339.8	230	236.8	194.4	231.7	317.6	206.9	247.6	434.1	216.9	448.2	499.4	165.4	156	158.9	34.2	33.6
Zfand2a	128.1	22.7	110.8	52.2	32.9	6.9	126.9	21.5	33.9	84.4	76.3	67.1	8	125.4	142.7	96.1	124.8	39.3	71.3	125.7	263.4	303.8	246.9	276.3
Zfp472	310.8	202	225.9	103.2	80.8	222.4	189.8	288.8	180.7	362	277.4	387.4	276.9	144.5	374.3	191.3	390.1	228.5	407.8	209.1	276.9	278.7	259.7	254.3
Rpia	1821.6	1549.2	1781.1	1679	1397.8	1714.8	2642.2	1680.2	2618.6	2309.3	2295.1	2815.6	1486	1895.6	1787	1435	2031.6	1714.2	1479	1841.7	63.7	40.7	80.5	31.7
Sh3pxd2a	236.2	396.6	576.7	446.6	479.7	509.4	391.6	418.1	447.7	325.2	366.4	440.2	513.2	669	386	463.5	304.1	394.3	391.2	407.8	59.7	52.5	7.4	12.9
Dennd4a	571.1	862.8	798.4	778.1	1134	826.5	719.2	552.2	676.7	415	658.8	621.8	274.5	605.9	482.1	331.9	271.4	266.3	137.9	241.1	351.7	393.1	336.2	319.7
Aldh7a1	469.3	367.4	469.4	547.7	777.2	532.7	414.6	380.9	366.6	216.4	304.4	161	537.1	352.9	179.1	517.1	484.6	227	318.6	278.3	309.5	361	283.8	231.7
Nebl	0	0	0	0	0	0	0	6.9	0	10.9	0	0	0	26.4	0	29.3	15.7	0	0	3.8	3.2	13.3	75.8	64.1
Dusp7	89.2	250.3	281	84.8	354.6	141.4	295.7	183.1	89.3	288.5	183.2	185.2	225.1	371.9	253.4	256	244.7	289.6	303.2	422	1479.2	1521.4	840.1	855.4
Tmem39b	101.8	91.5	28.2	32.6	37.2	93.4	44	57.8	85.2	32.7	82.3	42.9	74.2	41.1	59.7	142.7	30.3	1.5	73.7	47.5	561	606.8	599.2	678.1
Chd8	2057.8	2777.1	1159.8	1843.1	1388.5	1834.2	2014.9	1457	1407.9	1359.5	1875.6	1541.6	1976	1638.8	1494.3	1654.5	1848.7	1581.7	1674	1564.7	436	476.1	225.4	231.7
Chchd3	662.5	497.6	653.7	877	725.7	1191.7	856.1	770.6	1292.9	956.7	817.4	1065.6	756.6	809.9	793.7	734.7	957.1	742.1	889.3	879.8	1113.2	1103.2	1017.9	1071.5
Lysmd1	376.9	300.8	325.4	269.5	202.3	352.8	170.8	120.4	220.8	58.5	145.8	399.9	98.2	115.9	134	131.6	138.1	206.6	299.6	203.9	16.7	14.9	12.7	16.2
Ubxn7	816.8	743.5	561.2	536.8	614.2	414.6	513.5	492.5	767.1	495.3	334.3	253.2	668	711.6	403.4	590	915.9	598.1	721.7	538.7	373.2	357	341.5	352
Exoc6	316	449.3	343.1	185.8	241.7	354.2	414.6	258.5	321.4	308.9	115.9	98.4	275.3	223.7	205.4	100.2	478.5	342	123.7	312.9	1365.4	1335	1352.7	1608
Grwd1	509.2	530.5	436.3	426	573.4	380.3	495.5	626.6	434.4	507.6	465.2	962.7	371.1	575.9	568	605.1	370.7	510.8	561.2	818.3	1091.7	981.9	1690.9	1547.1
Camk2d	583.7	1135.7	725	831.3	288.9	446.2	471.5	450.4	204.4	201.4	221.4	238	503.6	418.1	458.8	312.7	709.9	1121.9	664.6	406.6	1459.3	1494.8	196.6	148.2
H2-T24	52.5	55.6	71.3	22.8	82.9	86.5	75.9	75.4	102.7	59.9	10.5	104.7	216.3	66	45.1	57.7	59.4	48	23.8	98.8	180.6	213	35.6	42.1
Nudcd3	1559.1	1695.5	1519.2	1715.9	1228.3	1948.2	1518.4	1841.8	1520.8	1124	2111.2	3043.8	1751	1478.2	1395.3	1888.3	1889.9	1685.1	1834.5	1179.9	1923.2	1763.3	1511.7	1454.6
Txlna	1213.7	1451.1	1597.5	1587.7	1394.2	1585.7	1197.7	1536.3	1303.1	1072.3	1614.6	1284.8	1358.3	1522.9	1252.5	1469.4	1276.9	1041.9	1324.5	1712.2	2562.2	2609.7	1966.6	2225.3
Fpgt	194.2	180.8	194.1	161.9	198.8	75.5	188.8	197.8	49.3	50.4	56.8	340	124.5	80	215.6	29.3	63	97.5	85.6	94.9	116.2	79.9	122.8	150.1
Srcap	155.4	169.8	113.7	168.4	198	293.8	132.9	213.5	85.2	91.2	168.3	0	111.7	219.3	295.7	21.3	249.6	202.3	126	69.3	132.9	151.1	49	78.9
Slc39a8	96.6	126.6	50.8	132.6	38.6	129.1	214.8	129.2	50.3	182.3	85.3	122.6	103.7	372.7	257.8	90.1	210.8	224.1	230.7	333.5	158.3	130.8	235.5	297
Ech1	305.5	447.1	536.5	499.9	297.4	454.4	432.5	468	422.1	499.4	599.8	561	321.6	523	362.6	502.9	380.4	596.6	359.1	588.7	1657.4	1628.6	2002.9	1650
Mat2a	6281.5	7944.3	6555.3	8511.1	9345.5	8449	7869.7	11603.7	8602.2	10498.7	12616.8	11362.7	8878.5	9169.8	11550.9	9532.6	7586.3	8822.6	8461.7	8027.3	4816.4	4763.8	7321	7590.8
Nanp	208.9	229.8	400.3	299.9	238.1	229.3	346.6	348.6	393.3	548.4	433	473.3	262.6	273.6	425.3	498.9	340.4	324.5	527.9	474.5	7.2	3.9	0.7	0
Cyhr1	578.5	367.4	626.9	804.2	412.5	641.2	702.3	450.4	594.6	528	459.2	389.2	314.4	301.5	362.6	606.2	235	339.1	620.6	569.4	713.7	674.9	545.5	412.2
Cnn3	7.3	105.4	97.4	17.4	35.7	9.6	126.9	50.9	42.1	28.6	20.2	13.4	169.2	131.3	195.2	84	550	807.6	306.7	538.7	3691.3	3793.6	700.5	683.3
Adnp2	232	375.4	206.8	193.4	343.2	317.1	106.9	214.4	102.7	110.2	158.5	80.5	167.6	207.6	266.5	272.2	256.8	324.5	237.8	123.1	646.1	664.8	661.6	557.8
Lgals4	51.4	172.7	132	143.4	78.6	87.9	6	62.7	64.7	69.4	93.5	89.5	202.7	107.8	77.2	24.3	72.7	1.5	64.2	118	19.9	25.1	2	0
Pde5a	121.8	167.6	97.4	65.2	128	101.6	120.9	172.3	480.6	137.4	697	523.4	16	0	218.5	136.6	81.2	78.6	53.5	80.8	92.3	94	22.8	12.3
Cd8a	0	0	0	0	0	0	0	0	0	0	0	0	0	0	0	0	0	0	0	0	102.6	90.8	0	0
Tusc1	718.1	394.4	440.5	522.7	443.3	450.3	384.6	581.6	299.9	390.6	372.4	352.5	674.4	480.5	359.7	432.1	152.6	376.9	255.6	369.4	125.7	104.1	169.1	146.2
Ndst1	678.2	723	624	857.4	857.3	697.5	679.3	980.1	716.8	685.8	797.2	470.6	928.9	722.6	991.8	627.4	935.3	1021.5	727.6	920.9	1253.2	1270.8	429.4	601.1
Sirt5	246.7	196.9	189.2	133.7	281.7	249.9	99.9	106.7	167.4	163.3	19.4	21.5	220.3	151.9	115.1	59.7	143	94.6	128.4	147.5	202.9	211.4	171.8	126.2
Nt5dc3	212.1	297.1	693.2	699.8	273.1	340.5	566.4	484.7	200.2	251.8	482.4	581.6	237.8	70.4	320.4	322.8	215.6	328.9	296	175.7	40.6	46.2	26.8	11.6
Tceal5	194.2	279.5	383.3	468.4	150.9	243	449.5	237.9	24.6	104.8	138.4	71.6	49.5	73.4	120.9	167	155.1	5.8	167.6	71.8	4	1.6	0.7	3.9
Ercc6	207.9	179.3	196.2	336.9	420.4	292.4	303.7	347.6	325.5	314.3	245.3	234.4	268.9	165.8	177.7	268.2	295.6	250.3	287.7	196.2	276.1	224.7	241.6	276.3
Pkp3	37.8	50.5	76.9	64.1	81.5	31.6	56.9	119.5	100.6	23.1	71	130.6	102.2	32.3	37.9	140.7	29.1	65.5	54.7	20.5	633.4	640.5	104	105.5
Iigp1	1653.6	1389.7	1220.6	931.3	900.2	678.2	670.3	810.7	223.9	149.7	202.7	243.4	280.1	198.8	336.4	123.5	679.6	467.1	263.9	484.8	111.4	119.8	10.1	0
Utp18	242.5	394.4	338.1	317.3	393.2	262.2	239.7	581.6	263.9	549.8	284.9	472.4	334.4	532.6	477.7	407.8	347.7	350.7	221.1	398.9	934.9	997.5	1405.7	1373.7
1810037I17Rik	1528.6	1039.9	2042.3	1720.3	1222.6	2206.3	2522.3	1987.6	1721.1	2114.7	1826.2	1032.5	1192.3	1503.1	1575.8	1353	1417.4	1766.6	1061.7	1265.9	320.7	339.8	614.6	525.4
Slc25a40	351.7	224.7	327.6	326	246	378.9	232.8	302.6	85.2	272.2	311.1	255.9	224.3	245.8	428.2	265.1	398.6	683.9	298.4	160.3	92.3	64.2	69.8	92.5
Skp2	239.4	178.6	293	426	802.9	571.1	511.5	588.5	411.8	585.1	762.1	458.1	839.6	765.9	595.7	636.5	806.8	826.5	766.9	645.1	701.8	658.5	1268.1	1112.3
Syne3	227.8	394.4	354.4	259.7	474	418.7	162.8	341.7	475.4	219.1	381.4	545.8	548.3	363.9	329.2	387.6	302.9	200.8	460.1	196.2	362	305.4	120.8	176
Klf1	7.3	8	0	42.4	55.1	0	0	66.6	146.8	163.3	133.1	44.7	0	0	16	16.2	0	0	11.9	79.5	25.5	46.2	47	40.8
Gon4l	573.2	741.3	689.7	954.1	541.2	446.2	397.6	855.8	391.2	768.9	984.9	1063.8	729.4	498.1	671.4	729.6	497.9	602.4	900	991.4	122.5	137	90.6	76.4
Tprkb	495.5	805.7	420.7	584.7	500.5	447.6	642.3	488.6	628.5	439.5	479.4	676.4	318.4	129.1	493.7	504	419.2	462.7	476.8	509.2	167.1	166.8	230.1	196.1
Fra10ac1	814.7	980.6	659.3	980.2	1259.1	444.8	890.1	735.3	711.6	821.9	1063.4	1061.1	768.5	696.9	809.8	1059.5	839.6	571.9	946.4	793.9	288.8	247.4	273.1	330.7
Fgfr3	270.9	217.3	209	296.7	163.7	87.9	56.9	24.5	1	27.2	18.7	1.8	9.6	0	37.9	31.4	0	0	0	25.7	3.2	0	0.7	0
Lifr	0	27.1	56.5	0	70.1	1.4	24	11.7	34.9	29.9	31.4	198.6	0	0	0	0	13.3	66.9	11.9	119.3	538.7	500.3	6.7	0
Arfgap3	228.9	240.8	213.9	60.9	123	281.5	212.8	194.8	281.4	289.9	131.6	195.9	178.8	190	135.4	179.1	264.1	2.9	91.5	274.5	308.7	361.7	569.7	547.4
Prr14l	702.4	911.1	624	742.2	549.1	881.4	671.3	682.5	898.5	484.4	614	664.8	873.9	642.6	691.8	878.4	828.7	1030.2	745.5	448.9	522	467.5	259.7	245.9
A630033H20Rik	94.5	114.2	216	97.8	133.7	111.2	67.9	92	27.7	0	24.7	2.7	0	0	65.5	69.8	61.8	13.1	59.4	120.6	65.2	67.3	0	10.4
Eapp	678.2	1002.5	530.9	835.7	825.8	756.5	468.5	448.4	597.6	442.3	406.8	1126.4	674.4	607.4	649.6	507	869.8	509.3	643.2	661.8	613.5	547.3	489.1	528
D130007C19Rik	79.8	73.9	118.6	198.9	143	263.6	142.8	159.6	11.3	57.2	74.8	51	58.3	154.1	48.1	52.6	30.3	196.4	89.2	59	3.2	0.8	2	0.6
Cpsf3	1205.3	840.8	846.4	840	925.9	939.1	762.2	698.1	1842.2	721.2	1216.7	989.5	1081.4	1220.7	815.6	981.6	1284.2	919.7	907.2	1741.7	1736.2	1839.3	2826.2	2777.9
Mrps21	324.4	210.8	298.6	355.4	429.7	495.6	276.7	324.1	412.8	338.8	378.4	489.4	222.7	505.4	473.3	432.1	481	251.7	380.5	529.7	231.5	241.9	316.7	241.4
Taf4b	160.6	131.7	105.9	181.5	57.2	123.6	93.9	196.8	142.7	111.6	85.3	137.8	250.6	55	262.2	88	149	205.2	130.8	156.5	307.9	292.1	318	290.5
Kcnn4	1065.6	989.4	982	833.5	1087.5	852.6	802.2	719.7	867.7	959.4	1165.1	1411.8	854.7	619.9	610.2	908.7	751.1	833.8	1054.6	1078.6	2039.4	2071.8	1822.4	1616.4
Rhob	594.2	490.3	336.7	356.4	262.4	184	305.7	151.8	155.1	102.1	122.6	221	203.5	293.4	310.2	253	278.6	292.5	253.2	406.6	833.9	822.2	650.2	586.2
Zfp747	136.5	148.6	98.1	31.5	93.7	53.5	58.9	48	46.2	62.6	52.3	127.9	70.2	71.2	58.3	75.9	43.6	109.1	60.6	74.4	113.8	100.2	116.8	145.6
Mdm4	1939.1	2287.6	1715.4	1956.1	2055.6	2137.7	1081.9	1416.8	1815.5	1294.1	2411	1666.8	1603.3	2258	1248.2	2280.9	1950.5	1511.9	2420.7	1168.4	564.9	578.6	345.6	306.1
Cklf	236.2	166.1	356.5	294.5	503.3	461.3	413.6	346.6	447.7	412.3	424	539.5	159.6	407.9	528.7	385.6	370.7	400.2	486.3	300.1	148	150.3	172.4	124.9
Slfn5	30.4	141.2	57.2	75	98	34.3	64.9	55.8	0	0	0	22.4	161.2	0	49.5	50.6	36.3	196.4	72.5	25.7	155.2	120.6	4.7	0
Dnajc8	3858.3	4084.8	2587.2	3035.2	2754.8	3270.3	2435.4	3457.3	4250.3	4067.5	3903.7	3950.1	3720.6	3525.6	3403.7	3024.7	4431.6	4201	3503.8	3974.6	2307.5	2277	1719.7	1645.5
Spcs3	1118.1	1060.4	1028.5	727	1896.8	1677.7	1707.2	1728.2	2996.5	2472.6	362.7	357.9	1872.3	2640.9	2060.8	562.6	1217.5	1634.1	696.7	1500.6	4576.1	4473.3	14391.1	14124.9
Slc30a7	355.9	518.1	648	602	408.3	181.2	703.3	337.8	385.1	326.6	485.3	456.3	258.6	421.8	566.5	425	484.6	504.9	479.1	369.4	415.4	394.6	1255.4	1051.5
A930005H10Rik	404.2	518.1	474.4	468.4	436.1	335	272.7	311.4	102.7	219.1	298.4	565.5	154	322.8	192.2	354.2	224.1	202.3	191.4	182.1	58.9	55.6	51.7	44.6
Atpif1	5458.4	4984.9	3721	3976.3	6416.9	6782.3	6441.2	5270.7	11517.6	7854.6	9505.8	12337	6027	7598.5	5850.4	5975.6	5637	4432.4	5108.9	4535	1035.2	1060.2	2514.2	2250.5
Gimap4	159.6	71.7	80.5	129.3	6.4	0	45	43.1	11.3	117	78.5	52.8	0	0	75.7	1	9.7	0	83.2	196.2	276.1	319.5	0	0
Aes	1872	1372.1	1666.7	1523.6	1861.8	906.1	1193.7	1456	1409.9	1412.5	1501.7	2002.3	1057.4	1061.5	1003.5	1875.2	986.1	1200.5	1638.4	1994.3	6134.9	6150.5	4017.1	3863.7
Vapb	589	556.2	592.3	531.4	455.4	385.8	422.6	620.8	440.5	483.1	845.1	609.3	346.4	727	365.6	739.7	232.6	486	653.9	401.4	252.2	205.9	212.7	239.4
Lclat1	185.8	201.2	221.7	176	168.7	432.5	407.6	184.1	236.2	175.5	68.8	323	253.8	294.9	265.1	140.7	196.3	302.7	224.7	133.4	296.8	223.9	215.4	234.2
Thnsl2	168	100.3	135.5	60.9	108.7	87.9	26	27.4	18.5	35.4	16.5	43.8	99.8	15.4	8.7	30.4	36.3	65.5	39.2	60.3	36.6	49.3	76.5	60.8
Tmem62	85	174.9	98.8	184.7	35	34.3	70.9	105.7	89.3	156.5	44.1	44.7	95	85.1	123.8	87	84.8	115	110.6	62.8	59.7	50.9	95.3	71.2
Dedd2	185.8	202.7	245.7	211.9	183.7	167.5	250.7	177.2	155.1	121.1	209.4	289.9	233.8	300	282.5	212.5	413.1	374	349.5	363	775.8	791.6	1001.1	924
Parp4	430.5	456.6	580.3	512.9	466.9	222.4	661.3	297.7	142.7	386.5	442	497.5	322.4	306.6	473.3	459.4	198.7	339.1	336.5	312.9	107.4	93.2	68.4	35.6
Atad3aos	80.8	73.9	197.7	52.2	200.9	15.1	124.9	82.2	73.9	70.8	45.6	127.9	52.7	19.8	74.3	124.5	140.5	80	101.1	80.8	11.9	11	1.3	3.9
Trim65	259.3	235.6	201.9	120.6	273.8	203.2	89.9	274.2	213.6	273.5	204.9	258.6	147.6	234	148.6	214.5	153.9	80	229.5	157.8	231.5	254.5	189.2	245.2
Zfp867	94.5	128.1	120	53.2	64.3	122.2	115.9	34.3	58.5	8.2	1.5	0	31.1	115.9	85.9	0	153.9	43.7	53.5	14.1	31	36	8.1	11
Sh3bp2	331.8	264.9	434.9	414	311	339.1	255.7	264.4	264.9	200	165.3	100.2	246.6	369.7	122.3	273.2	244.7	551.5	287.7	302.7	284.9	249.8	130.2	154.6
Cggbp1	2150.2	2205.6	3069.4	2905.9	2647.6	3623.2	4006.8	3118.5	3009.8	3551.7	3053.4	2713.6	2826	2386.3	3074.5	3573.2	2792.5	3696.1	2715.5	2871.6	2582.8	2493.9	4565.3	4565.1
Kdm2a	3557	3641.4	4137.5	4519.6	2909.2	3277.2	3390.4	4546.1	3479.1	3969.5	4139.3	4531.7	3557	2662.9	3505.6	3610.7	3148.6	5582	4607.2	3616.7	1277.9	1249.7	624	565.5
Mgmt	93.4	160.3	144.7	140.2	25	63.2	130.9	119.5	42.1	106.1	112.9	111.8	203.5	138.6	99	56.7	65.4	157.2	108.2	155.2	72.4	79.9	112.7	136.5
Mettl7a1	4008.5	2576.6	2235	2138.7	826.5	1014.6	1676.2	1057.5	909.8	333.4	282.7	525.2	1050.3	796.7	924.8	1108.1	1346	1364.9	1290	881.1	259.4	173.8	328.8	417.4
Mmrn1	0	2477.1	1.4	0	1546.5	899.3	0	0	333.7	0	0	0	341.6	117.4	0	0	13.3	0	0	0	284.9	288.9	0	12.3
Zfp869	0	95.9	1.4	0	7.1	45.3	0	22.5	0	16.3	3.7	23.3	3.2	0	0	0	7.3	46.6	14.3	7.7	358.9	384.5	350.3	342.3
Tmem119	10.5	4.4	21.2	13	0	38.4	11	0	41.1	0	0	44.7	21.5	69.7	46.6	26.3	0	23.3	39.2	64.1	1991.6	1913.7	566.3	658.1
1600014C10Rik	191.1	378.3	413	313	425.4	247.1	596.4	501.3	228	340.2	271.5	357	289.7	341.8	454.4	520.1	338	488.9	462.5	542.5	716.9	898.9	1480.8	1609.9
Emcn	389.5	357.8	755.3	879.2	419.7	487.4	592.4	377.9	53.4	238.1	84.5	330.1	362.3	99	259.2	315.7	426.4	603.9	426.8	180.8	18.3	32.1	10.7	0
Adam10	2578.5	2867.1	2467.2	2110.4	3058	2942.2	2590.3	2642.7	4079.8	2974.7	2007.2	2141	2038.3	2689.3	2723.5	2004.7	2005	2564	1621.7	2089.2	2465.9	2311.4	3059.7	3363.5
Ap1s3	833.6	561.3	530.9	630.3	298.9	453.1	758.2	534.6	335.8	559.3	516	887.5	476.4	248	653.9	800.5	617.9	1449.3	966.6	1137.6	11.9	22.7	3.4	1.3
Zscan22	159.6	127.3	197	166.3	155.9	281.5	190.8	216.4	106.8	445	203.4	178	174	111.5	212.6	137.6	122.4	244.5	52.3	274.5	294.4	283.4	441.5	381.8
Zfp771	137.5	112	235.8	251	194.5	227.9	311.7	229.1	184.8	217.7	253.5	314.9	221.1	240.6	262.2	387.6	190.2	177.5	208.1	257.8	362	283.4	675	590.8
Hmgb2	5201.2	4549.5	3111.8	2334.3	8051.3	9562.5	10485.9	6617	16606.8	15545.9	7904.7	8783.3	7628.7	11256.1	12056.3	5042.6	12305	14030.6	6396.5	7954.2	2217.6	2096.1	1491.6	1520.6
Lrrc8c	618.4	507.9	525.2	459.7	432.6	685.1	693.3	775.5	968.4	1181.2	907.1	1392.2	832.4	758.5	757.3	545.4	885.6	662.1	828.7	1223.5	1364.6	1317.8	574.4	800.4
Vmac	397.9	263.4	248.5	431.4	153	90.6	98.9	201.7	161.2	108.9	95	247.8	120.5	187.8	138.4	94.1	244.7	177.5	206.9	270.6	319.1	275.6	157	179.9
Phactr1	248.8	265.6	384.7	510.8	108	310.3	70.9	148.8	140.7	32.7	1.5	0	0	0	21.8	19.2	10.9	0	23.8	21.8	0.8	3.9	0	2.6
Msra	497.6	310.3	513.2	700.9	676.4	567	587.4	518.9	381	386.5	548.9	463.5	532.3	764.4	642.3	735.7	758.4	592.2	979.7	742.6	790.9	876.2	1404.4	1251.4
Zfp182	296.1	147.1	101.7	101.1	49.3	118.1	92.9	63.6	210.5	108.9	87.5	81.4	79	206.9	56.8	84	175.7	82.9	216.4	87.2	74	61.1	67.1	119.1
Fsd1l	258.3	178.6	256.3	347.7	160.9	377.6	80.9	188	102.7	213.6	91.2	30.4	359.9	233.3	215.6	157.9	49.7	36.4	70.1	75.7	7.2	12.5	49.7	25.2
Set	8433.8	8366.5	6886.4	7292.9	12091	11425.6	10517.9	12179.5	16218.6	13462.5	10177.4	7656.9	13981.3	14415.6	16447.4	9828.1	12888.9	13873.4	10551.9	11932.6	2341.8	2371.7	3144.2	2931.2
Kctd18	350.7	405.4	441.2	264.1	395.4	269.1	464.5	366.2	529.9	400.1	211.6	153	263.4	345.5	402	300.6	550	333.2	298.4	255.2	233.9	253.7	161	241.4
Klhl18	231	424.4	235.1	397.7	296	127.7	149.8	200.7	140.7	174.2	355.2	51.9	182.8	117.4	158.7	304.6	146.6	353.6	265.1	441.2	261.8	273.3	77.8	69.2
Actn4	1679.8	1659	2251.2	2132.1	2473.1	2042.9	2903.9	2187.4	2673	3291.8	2501.5	1999.7	1983.2	2292.4	2256	2227.3	1516.8	2278.8	1902.3	2638.2	5867.5	6095.7	4044.7	3925.1
Usp46	395.8	253.9	207.5	270.6	239.5	179.9	237.7	295.7	259.8	315.7	276.7	299.7	356.7	270.7	300	154.8	235	136.8	203.3	250.1	234.7	203.6	464.3	421.9
Whsc1l1	1208.4	1683.1	1836.1	1529	1668	1416.9	1475.4	1393.3	1476.7	1830.3	1708.1	1729.5	1775.7	1385.7	1479.7	1578.6	1313.2	1775.3	1807.2	1106.8	876.1	1021.8	418	370.1
Elp6	85	106.8	129.2	34.8	142.3	89.2	16	105.7	73.9	104.8	102.5	26.8	0	91.7	152.9	87	130.8	122.2	105.8	56.4	260.2	226.3	234.8	326.1
Atrnl1	35.7	84.2	48	34.8	138.7	52.2	168.8	156.7	154	107.5	74	16.1	122.1	8.8	17.5	89.1	287.1	125.1	46.4	206.5	130.5	142.5	175.1	97.7
Smim10l2a	226.8	179.3	95.3	111.9	80.8	93.4	119.9	116.5	43.1	31.3	22.4	131.5	171.6	80	80.1	115.4	42.4	32	129.6	97.5	50.9	69.7	11.4	9.1
Rnd1	4.2	0	5.6	0	0	0	0	0	0	0	0	1.8	3.2	0	0	3	0	0	1.2	0	2.4	0.8	49.7	86.7
Tmem158	298.2	247.3	472.3	255.4	293.1	162	137.9	144.9	95.5	129.3	122.6	79.6	14.4	37.4	101.9	38.5	206	275	260.4	186	79.6	74.4	29.5	40.1
Pcnxl3	1066.7	612.5	657.9	924.8	672.8	524.5	591.4	697.1	527.8	602.8	859.3	628.1	541.1	926.5	569.5	770.1	639.7	563.1	677.7	769.5	942.9	1105.6	611.9	518.3
Zfp667	75.6	165.4	62.1	103.2	110.8	127.7	132.9	36.2	81.1	89.8	45.6	0	60.7	165.8	67	42.5	12.1	64	51.1	44.9	47.7	42.3	93.9	29.8
Atp5s	301.3	176.4	309.9	384.7	605.6	104.3	421.6	350.5	207.4	221.8	386.6	167.3	414.2	41.8	320.4	359.2	158.7	100.4	172.4	220.6	114.6	121.4	150.3	199.9
Klhl5	973.2	890.6	880.3	933.5	814.4	921.2	998.9	922.3	611	1092.7	825.6	537.7	795.7	1069.6	1261.3	1221.4	1399.3	1266	990.4	734.9	884.8	898.1	1256.7	1422.3
Afp	57.7	135.4	217.4	153.2	113	20.6	138.9	175.3	69.8	133.4	138.4	308.7	155.6	85.1	129.6	225.7	94.5	237.2	254.4	155.2	10.3	12.5	26.8	14.9
Fam73a	692.9	863.5	665.7	892.2	445.4	899.3	600.4	890	503.2	451.8	657.4	325.7	669.6	594.2	703.5	783.3	969.2	1031.7	561.2	632.3	410.6	402.5	571.7	728
Gm9958	176.4	50.5	127.8	144.5	230.9	173	112.9	214.4	293.7	147	46.4	40.3	195.5	16.1	209.7	104.2	84.8	26.2	104.6	30.8	34.2	18	21.5	6.5
9130008F23Rik	283.5	230.5	367.1	527.1	264.5	400.9	259.7	271.2	142.7	138.8	216.1	37.6	187.5	153.3	39.3	78.9	80	58.2	115.3	51.3	1.6	0	10.7	3.2
Agap1	563.8	592	725	961.7	723.6	689.2	647.3	646.2	356.3	523.9	605.8	689.8	268.2	235.5	607.3	692.2	461.6	653.4	607.6	468.1	211.7	187.1	248.9	171.5
Ep300	1136	1277.7	1531.9	1166	1377	1622.8	1000.9	1351.2	1304.1	1540.4	1290.8	1159.5	1699.1	1440	1453.5	1028.1	1144.8	1738.9	1181.8	1587.8	1118	1165.9	500.5	514.4
Commd5	239.4	98.1	139.1	134.8	128.7	137.3	178.8	103.8	103.7	190.5	59.1	71.6	89.4	60.9	109.2	89.1	111.5	244.5	59.4	177	268.2	274.8	532.8	440.7
Pdlim1	1952.8	1428.4	2700.9	2486.4	1939	1815	1885	2016	1277.4	2227.6	2140.3	2513.2	757.4	1098.2	1466.6	1529.1	679.6	793.1	1137.8	997.8	609.5	543.4	469.7	454.2
Nfic	3230.5	2495.4	2257.6	2961.3	2965.7	2807.6	2208.7	2852.2	1217.9	2050.7	1459	1378.7	2167.5	1853.8	2344.8	1823.5	1722.7	2907.4	1806	2554.8	674.8	725.1	950.8	1043.7
Ddx17	13442.8	11486.8	14792.1	13301.4	8490.3	9451.3	10974.4	11487.2	8812.7	9405.9	10647.8	10027.8	10336.5	8223.5	8629.3	9046.9	8952.8	8361.3	10620.8	8355.7	484.6	363.3	385.1	301.5
Smyd3	932.3	518.8	727.1	784.6	760.7	479.2	775.2	582.6	719.8	687.2	703.7	493	720.7	457	435.5	661.8	594.8	534	634.9	416.8	448	460.4	567.6	553.9
Gm8430	2127.1	2143.4	1839.7	1837.6	1776.7	1856.2	2028.9	1582.3	1535.2	1781.3	1268.3	1665	1578.6	1849.4	1706.9	1156.7	1617.3	2073.6	1238.9	2073.8	8.8	11.7	15.4	12.9
Arntl	614.2	319.8	590.2	294.5	475.5	475	216.8	306.5	156.1	224.5	29.2	76	351.9	299.3	304.4	183.2	261.7	189.2	132	300.1	737.6	736.8	218.7	230.4
Cgrrf1	217.3	159.5	133.4	340.1	368.2	65.9	135.9	121.4	106.8	76.2	252.8	187.9	16.8	118.1	144.2	191.3	204.7	43.7	133.2	184.7	135.3	151.9	283.2	282.8
Klf2	0	98.8	19.8	38	17.9	0	32	75.4	0	51.7	17.2	169.1	16	10.3	7.3	8.1	76.3	62.6	45.2	223.2	7614.9	7861.3	67.1	80.9
C1ra	902.9	472	715.1	486.8	75.8	498.4	666.3	359.3	101.7	114.3	49.4	158.4	461.3	41.8	49.5	204.4	206	235.7	195	71.8	27.1	28.2	95.9	69.9
Fam72a	0	0	24.7	47.8	85.1	94.7	0	39.2	180.7	102.1	5.2	0.9	4	88.8	46.6	30.4	46	53.8	53.5	70.5	132.1	119	112.1	45.3
Sertad3	200.5	243	91.8	133.7	102.2	134.5	41	69.5	209.5	84.4	92.7	136	79	59.4	132.5	99.2	87.2	100.4	177.2	19.2	182.2	214.5	91.9	95.1
Ankrd17	6083.1	6296.3	4504.6	5107.6	4381.4	5199.3	4961.7	5645.7	5287.4	5045.9	5541.5	5819.1	4149.9	3671.6	4512	4312.9	5323.2	4425.1	4575.1	4963.4	757.5	745.4	553.6	599.2
Foxd2	235.2	262	147.5	259.7	37.2	134.5	171.8	131.2	42.1	74.8	184.7	111.8	104.5	86.6	56.8	111.3	24.2	21.8	46.4	48.7	54.9	48.5	2.7	22.6
Kcmf1	1096.1	1051.6	1105.5	829.2	1155.4	1455.3	1207.7	1122.1	1164.5	1299.6	1174.9	890.2	1688.7	1099.6	1058.8	1111.1	1160.6	1696.7	1103.3	978.6	876.9	816.7	871.6	898.8
Zfp101	216.3	226.1	201.9	192.3	243.8	167.5	201.8	232.1	346.1	536.2	379.2	337.3	291.3	228.1	97.6	282.3	419.2	379.8	411.4	219.3	116.2	106.5	261	154
Tmem245	527	948.4	876.1	594.4	735	653.5	586.4	765.7	1078.2	389.2	516	490.3	419	953.7	683.1	547.5	697.8	288.1	489.8	323.2	389.9	291.3	365.7	285.4
Mrfap1	5151.8	4644.6	4366.9	4280.6	4254.1	3956.8	4661.1	4927	5867.6	4732.9	3834.9	3771.2	3968	4105.9	5455.8	4460.7	4488.5	4371.3	4626.2	5490.5	2267.8	2289.5	3732.6	3622.9
Zfp93	241.5	54.9	213.9	155.4	45	170.2	218.8	151.8	127.3	70.8	136.1	20.6	104.5	44	64.1	127.5	72.7	39.3	53.5	55.1	4	8.6	24.2	26.5
Them7	43	0	32.5	0	52.9	0	0	15.7	0	15	0	0	0	0	18.9	27.3	43.6	7.3	14.3	16.7	85.9	79.9	59	45.9
Sec23ip	566.9	639.6	551.3	398.8	775	737.3	483.5	607.1	984.8	740.3	818.1	645.1	903.4	911.8	726.8	1102	385.2	711.6	656.3	563	1090.9	977.2	1625.1	1587.9
Tns1	1635.7	1587.2	1762	2502.7	908	1086	1046.9	1146.6	964.2	1281.9	1436.6	1139.9	1142	980.8	865.1	1157.7	1131.5	1443.5	1414.8	1105.5	1640.7	1569.9	181.8	114.5
Snupn	123.9	140.5	55.8	3.3	57.9	78.3	1	53.9	82.2	43.5	57.6	111.8	43.9	64.6	141.3	57.7	132.1	115	70.1	65.4	135.3	137.8	146.3	167.6
Stam2	321.3	362.2	496.3	255.4	300.3	455.8	382.6	394.6	386.1	265.4	380.7	238.9	216.3	240.6	387.4	201.4	243.5	408.9	237.8	364.2	517.2	469.8	601.2	521.5
Fbxo6	215.2	232	139.8	109.8	175.9	341.9	226.8	76.4	202.3	80.3	180.2	60.8	71.8	261.2	40.8	62.7	41.2	46.6	63	171.9	339.8	349.2	473.7	420.6
Maf	232	296.4	161	169.5	74.4	115.3	99.9	126.3	76	148.3	280.4	124.4	279.3	104.2	145.6	106.3	60.6	144.1	51.1	273.2	24.7	28.2	0	1.9
Srsf11	8403.3	7213.9	5762.5	5703.1	5882.1	5272.1	6570	5816.1	6658.3	5778	6023.1	5683.1	6192.2	5631.7	5783.4	4963.6	5778.7	5324.4	5569	6474.2	3030	2976.2	2320.2	2676.3
Cd47	6602.8	7280.5	5514.8	4367.5	7461.5	8217	6874.7	6787.4	8671	7325.3	4094.4	4010.1	8777.1	10371.4	8375.9	4786.5	9335.6	10597.9	4885.4	7134.7	11277.5	11214.9	10131.8	10452.1
Soga1	1067.7	724.5	704.5	760.7	528.4	639.8	497.5	282	391.2	315.7	443.5	833.9	233	168	142.7	363.3	226.5	82.9	102.2	112.9	354.9	330.4	34.2	42.1
Pprc1	234.1	288.3	274.6	436.9	282.4	329.5	162.8	459.2	409.7	575.6	295.4	326.6	546.7	567.1	499.6	385.6	462.8	410.4	461.3	430.9	1250	1221.5	1308.4	1185.4
Epm2a	158.5	119.3	144.7	118.5	188.8	241.6	196.8	79.3	87.3	85.7	83.8	25.9	102.2	29.3	101.9	114.4	221.7	196.4	153.4	101.3	9.5	6.3	8.7	2.6
Cpsf6	2350.7	3510.4	3549.4	3261.2	3586.3	3830.5	3312.5	3528.8	3293.2	4007.6	3456.5	2269	3093.3	2949	3304.6	3372.8	3623.5	3863.4	3898.5	2359.9	3362.6	3197	3356.2	3395.8
Zcchc24	106	60.7	110.1	119.5	160.2	81	138.9	161.6	25.7	100.7	53.8	97.5	257.8	90.2	110.7	117.4	153.9	129.5	171.2	279.6	1095.7	1141.6	34.9	36.9
Lair1	551.2	575.2	478.6	681.4	595.6	322.6	292.7	474.9	72.9	496.7	581.1	474.2	522.7	494.4	671.4	669.9	359.8	563.1	530.3	397.6	1878.7	1832.2	1034	956.4
Kxd1	313.9	636.7	919.1	494.5	354.6	494.3	768.2	548.3	308.1	605.6	666.3	704.1	759.8	707.9	585.5	738.7	559.7	633	478	733.6	554.6	640.5	819.3	802.4
Cdca7	1576.9	1253.5	1401.3	1624.6	2369.4	2299.7	2890.9	2854.2	3012.9	3596.6	2447.7	1463.7	3100.5	2738.5	3815.8	2221.2	2775.5	2601.8	2463.5	2601	5030.4	5172.5	8714.7	8468.2
Zfp580	122.8	226.1	309.9	239.1	67.9	103	360.6	251.6	174.6	136.1	302.1	780.2	245	227.4	192.2	276.3	100.6	315.8	190.2	152.6	87.5	74.4	61.1	20.7
Dach1	2212.1	2559.8	1967.4	2137.6	3539.1	3020.5	2200.7	2171.7	3938.1	3289.1	3001.8	3047.4	2807.6	2966.6	2392.9	2223.3	517.3	459.8	306.7	356.5	21.5	22.7	280.5	247.8
Klhl25	165.9	57.1	105.9	240.2	12.9	5.5	183.8	60.7	157.1	110.2	86.7	183.4	87.8	87.3	243.2	122.4	95.7	101.9	248.5	66.7	522	567.7	369	513.1
Gpc3	7.3	1.5	11.3	1.1	0.7	0	0	14.7	7.2	17.7	38.9	0	34.3	33	40.8	41.5	0	52.4	13.1	25.7	13.5	12.5	118.1	141.7
Mettl4	97.6	61.5	63.5	29.3	65.8	59	0	82.2	95.5	87.1	11.2	20.6	201.9	80	94.7	85	25.4	27.6	30.9	66.7	286.5	312.4	473	350.1
Zzef1	1286.1	1206	1433	1135.6	1560.1	1278.2	1374.5	1093.7	1362.7	1412.5	1085.1	1316.1	913	1002.1	990.4	759	1255.1	483.1	1121.2	988.8	470.3	537.9	267.7	175.4
Kbtbd11	98.7	111.2	134.8	93.5	143	9.6	104.9	217.4	37	31.3	90.5	221	119.7	78.5	263.6	115.4	220.5	260.5	348.4	392.5	199.7	180.1	12.7	24.6
Cope	491.3	598.6	511.8	374.9	745.7	600	437.5	444.5	674.7	470.8	713.4	560.1	524.3	397.6	611.7	729.6	380.4	308.5	480.3	851.6	2715.7	2645.8	4835.1	4625.3
Tmem191c	560.6	401.8	379.8	631.4	255.2	539.6	263.7	330	330.7	137.4	212.4	414.2	129.3	412.3	227.2	397.7	279.9	557.3	315.1	295	106.6	97.9	55	49.2
Klhl26	212.1	169.8	358.6	294.5	163.7	159.3	309.7	294.7	108.8	273.5	240.8	376.7	270.5	71.9	126.7	275.3	193.8	112	186.7	293.7	347.7	421.3	297.2	377.2
Slain1	105	161	267.5	155.4	331	354.2	140.9	190.9	498	197.3	179.5	31.3	197.9	308.1	138.4	106.3	499.1	147	241.4	138.5	658	740.7	219.4	322.2
Ubl7	158.5	179.3	88.2	58.7	128.7	201.8	34	135.1	76	40.8	51.6	122.6	13.6	140.1	55.3	96.1	25.4	5.8	60.6	60.3	1089.3	1115	652.9	565.5
Rras2	497.6	401	308.5	376	136.6	171.6	424.6	158.6	15.4	152.4	140.6	272	95.8	308.8	238.9	211.5	145.4	125.1	198.6	200.1	1219.8	1168.2	41.6	48.5
Nap1l3	312.9	718.6	255.5	281.5	200.2	405	384.6	191.9	107.8	246.3	166.8	146.7	313.6	201.7	83	14.2	170.8	283.8	79.7	179.6	24.7	25.1	10.1	9.7
Ghr	202.6	226.1	225.2	192.3	49.3	4.1	156.8	27.4	0	10.9	36.6	70.7	8	31.5	2.9	22.3	12.1	46.6	1.2	7.7	0	0	8.1	3.9
Ldoc1l	128.1	196.9	146.8	177.1	102.2	137.3	166.8	158.6	94.5	127.9	125.6	254.1	339.2	55	183.5	228.7	262.9	270.7	259.2	186	981.9	928.6	231.5	298.3
Gemin6	368.5	150	225.9	344.5	490.5	144.2	617.3	391.7	449.8	896.8	194.4	65.3	411.8	479.8	397.6	313.7	359.8	651.9	249.7	455.3	267.4	272.5	520	430.9
Eef1d	3449.9	2535.6	2908.4	3169.9	1753.8	1924.9	3281.5	2370.5	2004.5	2682.2	2938.3	3813.2	2030.3	1913.2	1905	2731.3	1920.2	2385	2300.6	2916.5	1936.7	1953.6	2520.2	2337.9
Abcd2	53.5	1.5	29.6	2.2	0	0	124.9	15.7	43.1	4.1	1.5	114.5	71.8	73.4	211.2	55.7	281.1	251.7	192.6	233.4	64.5	43.1	1500.3	1544.6
Tcf7l1	222.6	293.4	133.4	63	90.8	56.3	25	78.3	48.3	58.5	44.1	72.5	82.2	62.4	8.7	84	53.3	36.4	86.8	80.8	57.3	75.2	17.4	39.5
Fmnl1	383.2	298.6	381.9	313	208.8	186.7	251.7	203.7	238.2	206.8	167.5	261.3	152.4	138.6	211.2	310.7	272.6	368.2	410.2	532.2	2016.3	2179.1	652.2	627
Dnaaf3	247.8	166.8	302.1	170.6	77.9	127.7	163.8	119.5	92.4	144.2	83	114.5	83	60.2	29.1	71.8	107.8	66.9	110.6	39.8	23.9	14.9	14.1	10.4
Mta3	208.9	147.8	223.1	228.2	234.5	340.5	430.5	165.5	646.9	383.7	539.2	539.5	543.5	624.3	365.6	443.2	516.1	372.5	349.5	486.1	1819.8	1826	301.9	383.1
Zfp1	517.6	603.7	364.3	423.8	531.9	612.3	591.4	334.9	152	84.4	160.8	179.8	660.8	291.2	288.4	461.5	494.3	248.8	253.2	461.7	245.1	233.3	193.2	198
Tceb2	1327.1	1094	1318	1253	1820.3	1754.6	1630.3	1222.9	1898.7	1235.6	2079	2274.3	1063.8	2053.3	1489.9	2089.7	1039.4	1344.6	1552.8	1734	828.3	827.6	750.8	641.2
Rnf181	773.8	557.6	884.5	809.6	703.5	591.7	1443.5	833.2	1128.5	1060.1	872	650.4	703.1	498.1	820	743.8	696.6	672.3	642	775.9	1100.5	1136.1	1084.3	1268.3
Izumo4	248.8	199	209	73.9	114.4	216.9	50.9	112.6	155.1	69.4	237.1	149.4	33.5	74.8	55.3	198.3	118.7	37.8	99.9	47.5	58.1	54.8	31.5	12.9
Per2	365.4	256.1	248.5	405.3	358.2	469.5	416.6	493.5	322.4	387.8	314.8	149.4	328	204.7	429.6	293.5	99.3	189.2	214	261.6	116.2	111.2	157	122.9
Fancm	70.3	98.1	32.5	65.2	128	83.7	195.8	123.4	136.6	172.8	449.5	99.3	359.1	267	110.7	270.2	239.9	247.4	286.5	245	279.3	196.5	126.1	244.6
Ppp4r1l-ps	1570.6	682.8	650.2	1015	474	326.8	407.6	397.5	478.5	464	580.3	503.7	356.7	529.6	351	502.9	502.8	567.5	442.3	301.4	82.8	86.9	44.3	49.8
Tmem69	158.5	98.1	265.4	155.4	248.8	416	251.7	276.1	339.9	323.9	487.6	317.6	250.6	325	244.7	396.7	99.3	186.3	241.4	164.2	202.1	176.2	244.9	223.2
Tmem150a	68.2	79	112.2	128.2	82.2	42.6	0	98.9	0	35.4	15.7	51.9	34.3	14.7	2.9	54.6	0	0	0	0	23.1	28.2	7.4	9.7
Zfp277	189	305.2	261.2	309.7	269.5	103	246.7	248.7	115	274.9	237.8	221.9	398.2	141.6	252	222.6	169.6	158.6	541	323.2	334.2	356.3	301.9	320.3
Aasdh	481.9	290.5	535.1	835.7	358.2	286.9	477.5	532.6	281.4	328	628.9	405.3	300.9	465.8	243.2	415.9	299.2	606.8	434	230.9	189.4	187.1	247.6	203.2
Fto	1007.9	727.4	768.8	746.6	1009.5	830.6	699.3	733.4	988.9	698.1	913.9	868.8	902.6	1063	882.6	900.6	994.6	977.9	720.5	704.1	1503.9	1513.5	1051.4	1167.3
Emc7	604.7	566.4	790.6	482.5	329.6	796.3	416.6	424.9	450.8	786.5	789	829.4	394.2	898.6	517	642.6	381.6	518	656.3	395	666.8	646	1117.8	984.2
Triqk	133.3	96.6	98.8	153.2	14.3	63.2	16	42.1	0	19.1	90.5	0	0	0	48.1	8.1	26.7	0	48.7	15.4	8.8	9.4	0	0
Zkscan5	257.2	52	141.2	90.2	108.7	134.5	78.9	64.6	4.1	23.1	41.9	64.4	47.1	44	39.3	97.1	70.3	155.7	61.8	52.6	170.3	189.5	159	196.1
9330182L06Rik	107.1	84.9	116.5	296.7	52.2	134.5	86.9	122.4	7.2	38.1	9	83.2	75	56.5	55.3	39.5	72.7	24.7	26.2	92.3	16.7	58.7	42.9	36.2
A430033K04Rik	22	104.6	116.5	177.1	51.5	39.8	136.9	104.8	222.8	137.4	140.6	191.5	183.6	58	99	126.5	144.2	215.4	146.2	138.5	113.8	116.7	110.7	60.8
Zfp709	91.3	143.4	321.2	235.8	140.1	170.2	195.8	190.9	172.5	210.9	347.7	238.9	330.4	338.2	378.7	177.1	179.3	126.6	354.3	250.1	120.9	122.9	159	183.1
Clca3a1	334.9	128.1	345.9	270.6	146.6	254	196.8	182.1	45.2	69.4	38.9	137.8	0.8	52.8	4.4	0	0	0	0	0	0	0	0	0
Mia3	1442.5	1171.6	923.4	1191	1287.7	844.4	1110.8	1132.9	1876.1	1163.5	1265.3	1282.1	1719.8	1103.3	1182.6	1172.9	1094	1672	1339.9	1660.9	817.2	813.5	707.9	735.7
S100a8	10.5	35.9	276	272.8	271	27.5	1496.4	545.4	2.1	533.4	364.9	939.4	0	186.3	486.4	667.9	0	237.2	299.6	3288.4	1014.5	988.1	2539.6	2420.7
Fam105a	157.5	174.9	137	108.7	175.2	115.3	209.8	207.6	226.9	194.6	218.4	122.6	423.8	435.7	384.5	350.1	448.2	407.4	390	306.5	629.4	613.9	1325.2	1252.1
S100a9	4.2	27.8	224.5	306.5	213.8	60.4	1255.7	817.6	22.6	526.6	240.1	1241.8	0	55	720.9	389.6	76.3	109.1	438.7	3902.7	1203.9	1216	468.3	463.3
Eif3b	1011	1232.3	1625.1	1536.6	1555.8	1371.6	2221.6	1977.9	2352.6	2211.3	2475.4	2991.9	1577	1764.3	2403.1	1764.8	1404.1	1210.7	1831	2002	8786.9	8826	12475.5	12555.1
St3gal5	451.5	362.2	217.4	281.5	186.6	101.6	254.7	237	328.6	492.6	302.9	386.5	100.6	195.1	222.8	28.3	159.9	302.7	229.5	339.9	155.2	155.8	34.9	13.6
H2-T22	1890.9	1074.3	1490.2	1332.3	1068.2	1157.4	1589.3	765.7	690.1	691.3	526.5	482.2	487.6	325	840.4	606.2	688.1	1072.4	562.4	893.9	499.7	490.2	209.3	210.9
Fez2	273	269.3	432.7	271.7	291.7	332.2	592.4	408.3	183.8	347	267.7	378.5	359.9	198.8	302.9	380.5	266.5	176.1	192.6	280.9	273.7	238	264.4	254.9
B4galt6	1089.8	802	832.3	955.2	483.3	501.1	798.2	525.8	126.3	193.2	169	72.5	650.4	614	418	617.3	705.1	518	617.1	797.7	36.6	42.3	901.8	735.7
Ticam2	26.2	28.5	72	54.3	46.5	204.6	38	26.4	0	111.6	66.6	1.8	62.2	178.3	75.7	96.1	48.5	68.4	193.8	118	236.3	204.4	567.6	488.5
Pgm3	118.6	142	168	171.7	178	74.1	289.7	130.2	70.9	167.4	80.8	4.5	353.5	308.8	173.3	276.3	141.7	117.9	195	141.1	247.5	303.8	738.1	609.5
Trim34a	1166.4	935.2	806.9	704.2	419.7	528.6	645.3	524.8	422.1	371.5	284.9	290.8	548.3	217.1	403.4	434.1	745.1	502	854.9	319.3	90.7	94.7	38.2	33.6
AI504432	373.8	628.6	487.1	367.3	688.5	918.5	1182.7	842.1	1809.4	1511.9	1823.2	2051.6	1376.7	1021.1	1047.2	1312.5	1435.6	1260.2	1161.6	693.8	86.7	81.4	10.1	40.1
Socs6	683.5	833.5	600	874.8	785.8	689.2	677.3	619.8	439.5	484.4	381.4	349.8	419	647.8	603	536.3	591.2	666.5	713.4	607.9	393.9	373.5	710.6	695.6
Cnot10	425.2	313.2	322.6	193.4	311.7	307.5	295.7	239.9	256.7	254.5	266.2	401.7	241.8	297.1	151.5	347.1	370.7	221.2	247.3	393.7	1041.6	945.9	1059.5	914.3
Cfl1	1966.4	2264.9	3269.9	3223.2	3154.5	2671.7	3969.8	4595.1	3520.2	5323.5	4623.2	6264.7	4178.7	3481.6	4443.5	5214.6	2366	4071.5	4372.9	5348.1	20651.6	21046.3	20289.7	19776.4
Pgpep1	325.5	334.4	450.4	511.8	475.5	351.5	465.5	356.4	430.3	223.2	506.3	517.1	237.8	305.2	155.8	328.9	250.8	456.9	355.5	307.8	224.4	227.9	257.7	248.5
Npm3	1435.2	1650.2	2712.9	2053.9	1359.9	2132.2	3332.5	2205	2816.7	2543.4	4010.7	3766.7	2015.1	3335.6	2842.9	4356.5	2611.9	1868.4	3587	1735.3	70	39.2	88.6	56.9
R3hdm1	2171.2	2389.3	1611.6	2379.9	2508.1	2388.9	1541.4	1815.3	2130.8	2561	2340	1737.5	2874.6	2127.4	1996.8	1895.4	2097.1	2060.5	2075.9	1881.5	797.3	885.6	415.3	537.1
Pard6g	118.6	153.7	169.4	144.5	222.4	119.4	245.7	287.9	161.2	378.3	149.6	288.1	269.7	402.7	310.2	225.7	455.5	346.3	385.2	419.4	440	400.1	123.5	78.9
Cebpg	951.2	724.5	629.7	616.2	899.4	1055.8	932	832.3	1054.6	775.7	831.6	734.6	763	940.5	1098.1	996.8	869.8	1347.5	1068.9	917	942.9	822.2	903.1	782.3
Pla2g4a	928.1	703.2	816.1	804.2	1316.3	1614.6	821.1	841.1	1297	1186.6	857	769.4	1272.9	1195.7	662.7	553.5	394.9	566.1	297.2	345	274.5	216.1	805.8	821.8
Cars2	510.2	347.6	607.1	611.8	640.6	457.2	227.8	432.8	444.6	136.1	610.2	516.2	275.3	421.1	247.6	354.2	419.2	374	439.9	514.3	281.7	334.3	383.8	430.3
Ncoa4	723.4	656.4	640.3	405.3	424	760.6	758.2	697.1	526.8	835.5	344	295.3	853.9	765.1	954	725.6	476.1	307	409	345	253	261.5	567	596
Lrif1	629.9	651.3	563.3	489	889.4	759.2	703.3	713.8	498	730.8	314.1	230.8	668	754.1	419.4	424	461.6	333.2	436.3	405.3	168.7	155.8	229.5	227.1
Cep70	822.1	532	397.4	545.5	425.4	584.9	379.6	330.9	257.7	303.5	546.7	144	196.3	330.1	256.3	329.9	359.8	390	488.7	215.5	247.5	288.1	238.2	188.3
Dennd1b	738.1	1164.3	834.4	827	1070.3	819.6	580.4	953.7	584.3	738.9	752.3	603	660	1069.6	1092.3	780.2	1283	900.7	953.5	738.7	379.5	477.6	180.5	269.8
Ms4a4b	0	14.6	16.9	20.6	92.2	49.4	200.8	180.2	73.9	227.3	140.6	276.5	11.2	210.5	171.9	120.4	105.4	36.4	104.6	519.4	97.9	74.4	97.3	113.2
Usp39	326.5	476.4	266.1	268.4	569.8	530	285.7	400.5	1076.2	435.5	554.9	510.9	654.4	661	505.4	229.7	445.8	411.8	419.7	577.1	1310.5	1335	1829.8	1715.4
Tyw1	328.6	254.7	247.1	176	223.1	288.3	120.9	240.9	296.8	176.9	361.2	425	379.1	267.8	192.2	316.7	285.9	151.3	240.2	316.8	644.5	660.9	979.6	1010.7
Usp34	3214.8	3932.6	3373.7	3271	3695.7	2888.7	3357.4	3456.3	3287.1	3504.1	3471.5	3418.7	3525.1	3893.1	3611.9	2849.7	3417.6	3293	3396.8	3308.9	308.7	284.2	301.3	280.8
AI987944	484	754.5	632.5	464	461.2	635.7	495.5	593.4	502.1	397.4	378.4	425.9	367.9	302.2	624.8	555.6	731.7	631.5	662.2	388.6	122.5	122.1	208.7	161.1
Lig1	2279.3	2726.6	1905.3	2820	5173.6	4396.1	3249.6	5344.1	7048.5	6001.2	9124.4	10078.8	6533.8	7154.6	6042.7	8765.5	4930.7	3774.7	6440.5	5184	3898.1	3817.9	2259.9	2317.2
Prss34	0	0	35.3	0	0	0	385.6	103.8	159.2	81.6	156.3	501.9	0	151.1	14.6	29.3	0	109.1	0	665.6	15641.9	16090.7	4325.8	4077.2
Adap1	63	103.2	60.7	106.5	99.4	145.5	54.9	88.1	93.4	49	143.6	46.5	82.2	206.1	80.1	314.7	174.5	30.6	109.4	78.2	525.2	523.8	2434.3	2123.7
BC043934	10.5	33.7	18.4	0	39.3	1.4	0	7.8	0	42.2	0	33.1	0	0	21.8	49.6	36.3	26.2	0	7.7	85.1	97.9	29.5	23.9
Tgoln1	2031.5	2070.2	2143.2	1830	1776.7	1606.3	2422.4	1817.3	1464.3	1526.8	1512.9	1838.6	1513.1	1863.3	1672	1517.9	1405.3	1539.5	1847.6	1890.4	1834.1	1743	1906.2	1833.2
Zbtb25	267.7	303	351.6	544.4	333.9	273.2	258.7	378.9	431.3	329.3	304.4	392.8	468.5	280.2	390.3	643.6	489.4	410.4	457.7	528.4	486.2	471.4	617.3	591.4
Med12l	1119.2	1209.6	1188.8	1445.3	1322	1227.4	639.3	941.9	1054.6	574.3	1038.8	745.3	214.7	165.1	269.4	211.5	344.1	279.4	279.4	130.8	125.7	130.8	16.1	20.1
Foxk1	713.9	466.1	296.5	183.7	316	374.8	295.7	311.4	192	356.5	139.1	202.2	94.2	138.6	316	251	325.9	237.2	166.5	288.6	190.2	184	77.2	109.4
Tmem154	160.6	164.7	132	45.6	65.1	16.5	139.9	89.1	0	32.7	20.9	57.3	32.7	0	11.7	78.9	126	158.6	101.1	53.9	339.8	378.2	264.4	198.7
Cebpb	103.9	24.9	30.4	1.1	40	0	22	17.6	7.2	15	0.7	37.6	1.6	8.8	33.5	0	44.8	27.6	15.5	82.1	205.3	222.4	2403.4	2157.3
Rab31	654.1	749.3	849.9	535.8	1334.9	991.3	1151.8	1058.4	954	1054.6	1285.5	906.3	1816.4	1616.1	1373.4	1865	1012.8	996.8	911.9	888.8	462.3	465.1	3553.5	3197.2
Ptafr	323.4	481.5	395.3	348.8	313.9	141.4	188.8	123.4	119.1	40.8	78.5	163.7	197.1	169.5	116.5	202.4	628.8	651.9	449.4	336	97.9	97.9	47.6	31.1
Ccdc18	198.4	507.1	151.8	281.5	519.1	442.1	423.6	380.9	311.1	696.7	495.1	108.3	407	650	304.4	269.2	657.8	467.1	378.1	361.7	167.9	125.3	28.2	90.6
Pign	534.4	584	589.5	683.5	324.6	517.6	715.2	622.7	677.7	673.6	781.5	364.1	334.4	617.7	668.5	687.1	550	228.5	483.9	282.2	339	393.8	454.9	557.8
Rlim	1174.8	1941.4	1839	2181	1417.8	1890.5	1742.2	1668.4	1956.2	1716	1799.3	1799.2	1477.2	1451.8	1734.6	1515.9	1597.9	1749.1	1740.6	1318.4	1127.5	1174.5	1354	1569.8
Tug1	395.8	373.2	351.6	459.7	486.2	751	667.3	638.4	731.1	574.3	544.4	604.8	406.2	738.7	595.7	530.3	646.9	438	585	557.9	1075	1133.8	1148.7	1197.7
Zfp658	0	0	11.3	19.6	0.7	0	0	0	0	0	0	0	0	0	16	0	44.8	0	17.8	41	155.2	212.2	17.4	29.8
Fry	573.2	406.9	619.1	521.6	418.3	575.3	620.3	612	445.7	440.9	476.4	320.3	330.4	178.3	498.1	329.9	362.2	311.4	284.2	107.7	140.8	166.8	88.6	57.6
Chd9	2914.5	2475.6	2363.5	2103.9	2473.8	1701.1	1661.2	1775.2	1881.3	1944.6	1381.3	1391.3	2125.2	1453.2	1581.7	2084.6	2082.5	1864	2162.7	1717.3	505.3	537.9	300.6	294.4
Ppp1r14b	660.4	530.5	679.8	486.8	710.7	712.6	784.2	1033	1181.9	755.3	725.4	634.3	942.5	1323.4	1093.8	604.1	1410.2	881.8	560	1232.5	932.6	888.7	778.3	724.1
Fkbp2	402.1	706.9	515.3	468.4	872.3	605.5	854.1	619.8	568.9	826	633.4	695.2	1130.9	888.4	876.8	728.6	789.9	681	932.1	591.2	954	1023.4	1093.7	1178.3
Chst13	0	0	26.8	0	29.3	0	7	3.9	0	10.9	0	0	67.8	65.3	65.5	14.2	1.2	0	13.1	29.5	43.8	49.3	1264.8	1155
Them6	7.3	18.3	9.2	5.4	0	54.9	8	27.4	0	15	21.7	8.1	0	57.2	39.3	30.4	30.3	88.8	59.4	192.4	211.7	213	53	55.6
Retsat	96.6	86.4	173.7	267.3	60.8	86.5	196.8	64.6	194.1	104.8	178.7	204	60.7	203.2	199.5	186.2	80	82.9	168.8	157.8	242.7	241.2	1403.7	1270.8
Prelid2	231	261.2	252	178.2	177.3	278.7	40	189	167.4	179.6	206.4	187.9	159.6	249.4	180.6	194.3	63	82.9	105.8	289.9	56.5	66.6	59.7	64.7
Gm11696	184.8	144.9	85.4	182.6	128	205.9	85.9	79.3	73.9	34	73.3	2.7	42.3	58.7	29.1	50.6	40	40.7	54.7	57.7	8.8	5.5	6.7	11
D17Wsu92e	1145.4	1148.2	1139.4	1379	1482.9	1142.3	929	1341.4	1419.2	998.8	1014.8	1405.6	919.4	1035.1	930.7	1102	819	1123.4	1171.1	1327.4	588.8	638.1	652.9	666.5
Elmod3	119.7	92.2	143.3	81.5	247.4	86.5	54.9	102.8	81.1	117	5.2	210.3	126.9	71.9	135.4	54.6	30.3	36.4	136.7	42.3	280.1	320.2	511.3	395.4
Ier5	638.3	343.9	365	367.3	309.6	361.1	129.9	323.1	594.6	238.1	396.4	414.2	46.3	221.5	202.4	212.5	505.2	288.1	382.8	407.8	2243.9	2139.9	79.2	66.6
Nbeal2	866.2	574.5	652.3	727	409	869.1	630.3	405.4	435.4	268.1	210.1	387.4	442.1	377.8	428.2	435.1	769.3	593.7	687.2	661.8	797.3	743.9	505.2	491.8
A930024E05Rik	119.7	71	78.4	96.7	68.6	64.5	138.9	32.3	0	1.4	0.7	38.5	71	16.9	69.9	36.4	53.3	30.6	41.6	41	7.2	3.1	0	0
Capg	713.9	649.1	974.9	719.4	766.5	807.3	616.3	468	315.3	421.9	676.8	529.7	313.6	654.4	365.6	669.9	433.7	315.8	356.7	560.5	1332.8	1346	1214.5	1195.1
Nfil3	5.2	24.1	1.4	18.5	50.8	0	13	6.9	0	20.4	37.4	28.6	24.7	21.3	144.2	4	17	101.9	88	138.5	375.6	364.1	445.5	429.7
Hmga2	260.4	762.5	289.4	739	837.2	344.6	213.8	441.6	260.8	402.8	515.3	277.4	1118.9	572.2	738.4	1215.4	907.4	886.2	1253.1	582.3	20.7	16.4	6.7	0
Cspp1	940.7	1049.4	750.4	916.1	1009.5	1083.2	707.3	969.3	1260	998.8	910.1	831.2	1272.9	1064.4	1272.9	949.2	1350.8	849.8	1292.4	778.5	393.1	394.6	221.4	260.8
Setd3	1065.6	1274	1066	787.9	877.3	1156	868.1	1125	785.6	1046.5	1050	654	756.6	1141.5	889.9	1242.7	1244.2	1030.2	1175.9	1108.1	1047.9	1064.1	765.6	909.8
Tsnax	2300.3	2208.5	2273.1	1920.2	1344.9	1598.1	2245.6	2003.3	1106	1920.1	1349.9	870.5	1549	1225.1	1776.8	1648.5	1548.3	2134.7	1065.3	1782.7	1139.4	1191.7	1793.5	1871.3
Pcbp2	3894	3735.8	6915.3	6219.3	5365.9	6452.8	8273.2	6077.5	7697.5	8818.1	6264.7	5189.3	5750.1	6775.4	7588	6589.8	6499.6	7706.5	6601	6319	652.5	631.1	750.8	697.5
Gulp1	152.2	275.9	163.8	153.2	77.2	232	154.8	168.4	56.5	125.2	53.8	26.8	126.1	91.7	20.4	62.7	69.1	100.4	5.9	15.4	4.8	2.3	0	0
Glipr1	1633.6	1535.3	2107.2	2458.1	1424.9	1632.4	2426.4	2301	1082.3	1544.5	1557	1558.6	2580.9	2073.8	2655.1	2982.2	2656.8	2574.2	3207.8	1964.8	284.9	290.5	1372.8	1063.1
Immp2l	32.5	62.9	214.6	170.6	205.2	82.4	61.9	104.8	242.3	181	134.6	192.4	200.3	160.7	179.1	137.6	184.1	315.8	44	105.2	105.8	97.9	94.6	60.8
Sipa1	694	589.8	830.2	793.3	571.3	615.1	884.1	837.2	254.7	805.6	877.2	1460.2	654.4	413	821.4	1299.3	712.3	991	1282.9	1319.7	5392.5	5700.3	1329.9	1679.8
Cep162	657.2	501.3	301.4	476	421.1	458.6	443.5	490.5	551.4	381	470.4	331.9	517.1	556.1	394.7	497.9	679.6	369.6	499.4	502.8	176.6	122.1	93.9	69.9
Acbd4	94.5	117.8	64.9	96.7	82.2	22	0	40.1	0	77.6	29.9	83.2	12.8	25.7	55.3	49.6	55.7	2.9	82	23.1	116.2	140.2	65.8	16.8
Commd7	1185.3	1299.7	1296.1	1796.3	1358.5	1051.7	1516.4	1230.8	1074.1	1373.1	2049.1	1640	1328.8	1619	1332.6	2069.4	1262.4	1410	1521.8	914.4	1398	1461.1	1453.3	1465
Tatdn2	532.3	742	564	570.5	567.7	470.9	358.6	582.6	392.3	385.1	480.9	792.7	514	671.2	304.4	565.7	548.8	417.6	401.9	383.5	66.8	65	63.1	44
Jmjd6	803.2	477.1	698.2	756.4	485.5	657.6	386.6	458.2	460	528	699.2	596.8	632.9	402	536	821.7	367.1	298.3	557.6	649	506.1	516.8	417.3	607
Ide	820	1405	825.9	958.5	1522.2	1070.9	869.1	1131.9	1240.5	1305	663.3	668.3	1590.5	1316.8	1339.9	538.4	857.7	1213.6	974.9	1196.6	2965.6	2830.6	4220.4	4215.7
Gm7536	1542.3	1920.2	1426	1197.6	1475.7	2059.4	1343.6	1062.4	1812.5	1762.3	505.5	524.3	1337.6	1850.8	1763.7	715.5	1736	2411.2	808.5	793.9	0	0	0	0
Ero1lb	46.2	23.4	45.9	111.9	0	52.2	47.9	106.7	107.8	171.5	124.9	265.7	31.1	107.1	185	69.8	58.2	128.1	78.5	153.9	526	598.2	667	662
Ebf1	0	13.9	11.3	67.4	61.5	0	44	169.4	40	140.2	24.7	5.4	0	113.7	80.1	1	12.1	149.9	22.6	332.2	2105.4	2092.2	0.7	0.6
Zfp180	700.3	683.5	345.9	341.2	566.3	512.1	596.4	366.2	598.7	487.2	507.8	791.8	884.3	474.6	383	458.4	433.7	468.6	537.4	502.8	512.4	470.6	422	436.8
Cml1	98.7	122.2	93.9	83.7	113.7	85.1	103.9	43.1	245.4	134.7	159.3	125.3	140.5	83.6	110.7	106.3	17	164.4	112.9	19.2	14.3	20.4	35.6	28.5
Cntrl	1958	1747.5	1526.2	1323.6	1793.2	1834.2	1743.2	1665.5	2468.6	2211.3	2337	1943.3	2162	1964.5	1629.7	1952.1	2958.4	2240.9	2622.8	2277.8	1359.9	1254.4	367.7	267.9
Npm1	22507.5	27135.4	30236.6	30149.8	28517.5	27959.8	35008.9	31245.2	32940.5	41873.5	40474	48736.2	36533.1	32318.7	41148.3	40658.3	29333.5	39003.9	38791.7	34301.2	2998.2	3073.3	3699.8	3509.7
Txnl4a	173.2	143.4	265.4	208.6	402.5	346	465.5	274.2	308.1	389.2	263.2	689.8	50.3	161.4	521.4	174.1	390.1	293.9	368.6	392.5	631.8	620.1	897.1	861.3
Rpgrip1	476.6	414.2	424.3	471.6	95.1	475	378.6	308.4	53.4	181	79.3	40.3	228.2	84.4	206.8	94.1	472.5	570.4	533.8	445	629.4	614.7	21.5	5.8
Chd6	1912.9	2236.3	1793.8	2236.5	1569.4	2081.4	1218.7	2002.3	1277.4	1461.5	2271.2	1778.7	2223.4	1723.9	1245.2	1915.6	1899.6	1872.8	2267.3	1432.6	587.2	629.5	79.2	113.2
Ado	584.8	355.6	643.8	716.1	482.6	744.1	612.4	754.9	750.7	764.8	1059.7	936.8	731.8	1071.8	632.1	565.7	586.4	375.4	680.1	475.8	393.1	411.9	678.4	810.8
Scimp	0	0	11.3	0	0	0	0	12.7	0	0	0	0	0	0	0	0	0	0	0	1.3	374	405.6	0	0
Tmem140	100.8	100.3	136.2	69.5	202.3	131.8	111.9	119.5	31.8	130.6	37.4	121.7	84.6	49.2	84.5	15.2	15.7	176.1	86.8	68	20.7	28.2	2.7	12.3
Trim12c	1647.3	1007.7	1063.8	1448.6	632.8	941.8	1172.8	984	927.3	703.5	652.1	487.6	1150.8	570.7	870.9	902.7	994.6	538.4	834.6	719.5	165.5	148.8	118.8	137.2
Dph6	1302.9	1312.8	1102.7	1605.1	1082.5	1323.5	1017.9	1618.5	987.9	1505.1	1847.2	1978.2	1237.8	1341.7	1491.4	1111.1	1314.5	963.3	1606.3	1297.9	404.2	386.8	371.1	377.2
Homez	486.1	304.4	317.7	244.5	323.9	195	252.7	123.4	136.6	32.7	91.2	247.8	276.9	104.2	144.2	120.4	292	68.4	145.1	150.1	292	245.9	412	517
Gsk3a	667.7	299.3	698.9	556.4	818.6	594.5	595.4	563	582.2	800.2	806.2	1091.5	608.1	740.2	646.7	769.1	524.6	410.4	825.1	768.2	770.2	720.4	487.8	513.8
5730455P16Rik	472.5	491.8	424.3	443.4	451.1	542.3	247.7	509.2	229	356.5	237.1	576.2	431.8	261.9	438.4	327.9	633.6	336.1	223.5	405.3	319.1	335.1	242.9	252.4
AB124611	15.7	6.6	9.2	15.2	31.5	38.4	30	26.4	145.8	70.8	188.5	103.8	23.9	24.2	17.5	21.3	12.1	0	9.5	119.3	197.3	212.2	248.3	238.8
Slc44a2	480.8	435.4	452.5	368.4	464.7	339.1	561.4	554.2	334.8	517.1	515.3	423.2	276.1	371.2	394.7	338	562.1	660.6	688.4	566.9	8543.5	8534.7	3860.8	3512.9
Armc7	202.6	16.1	127.8	91.3	43.6	53.5	114.9	140	20.5	19.1	53.1	92.2	51.1	55	4.4	76.9	76.3	101.9	67.8	62.8	237.9	198.9	150.3	148.2
Atp5sl	176.4	260.5	215.3	273.9	213.1	85.1	39	119.5	118.1	144.2	213.9	113.6	240.2	70.4	142.7	278.3	278.6	151.3	217.6	286	494.1	561.4	589.1	561
Aak1	559.6	593.5	573.9	433.6	595.6	617.8	437.5	512.1	565.8	525.3	606.5	436.6	668	643.4	436.9	432.1	333.2	400.2	384	498.9	335	333.6	152.3	140.4
Mettl15	18.9	38.8	57.2	70.6	95.1	79.6	38	116.5	146.8	65.3	54.6	273.8	122.1	255.3	93.2	100.2	268.9	286.7	164.1	115.4	108.2	99.4	242.2	168.2
Rbbp4	5614.8	5346.4	4808.8	4186	7776.1	7272.4	6472.1	6325.2	8663.8	8151.3	6494.3	6500.9	8672.6	9453	8252.1	7267.9	7394.9	7101.1	5664.1	4999.3	6506.5	5677.5	4369.4	4438.3
BC051142	208.9	84.9	157.4	147.8	113	12.4	0	48	66.7	40.8	136.9	138.7	67	107.8	65.5	26.3	26.7	34.9	49.9	7.7	2.4	0.8	2	3.9
Bbof1	89.2	58.5	114.4	165.2	55.1	27.5	80.9	46	106.8	49	104.7	85	27.1	63.1	125.3	17.2	144.2	133.9	49.9	73.1	9.5	11	14.8	3.2
Snrpg	3562.3	4299.2	3180.9	3049.3	3907.3	4957.7	4838.9	3187.1	5523.6	4606.3	4656.1	5604.4	4413.3	5977.2	4201.8	3794.8	4577	3879.4	3931.8	4921.1	438.4	358.6	381.1	333.9
Arhgap24	0	0	0	0	0	0	9	0	0	0	0	0	0	0	11.7	0	0	0	0	1.3	157.5	197.3	22.1	43.4
Rpl38	19082.8	19920.7	29171.3	25177	20300.3	20412.8	32272.8	18211.9	19697.7	22961	28087.5	40260.7	19490.4	17559	20012.7	22792.2	18340.6	22489.4	25382.8	17661.7	23.1	33.7	59.7	44
Bcl2	2002.1	1792.1	2237.1	2612.5	3301	2277.7	2329.5	2100.2	3476	2758.4	3134.2	2772.7	2365.5	2849.2	2593.9	2683.7	3486.6	2435.9	3420.6	2306	1616.1	1779.8	648.2	676.2
Cep170	553.3	701.1	498.4	587.9	653.5	829.3	847.1	650.1	770.2	830.1	706	535	574.6	999.9	980.2	656.8	850.5	836.7	526.7	537.4	641.3	577.1	384.5	298.3
Chst3	0	0	0.7	0	0	0	17	24.5	95.5	46.3	10.5	32.2	0	0	72.8	0	0	91.7	15.5	101.3	728.9	652.2	0	0
Sphk2	538.6	353.5	394.6	520.5	436.9	534.1	147.8	466.1	551.4	417.8	792.7	827.6	401.4	481.2	474.8	500.9	261.7	315.8	587.3	675.9	738.4	754	738.1	722.1
Uxs1	334.9	548.8	369.2	367.3	487.6	568.4	368.6	523.8	444.6	351.1	467.4	769.4	525.9	578.1	553.4	404.8	397.4	445.3	430.4	342.4	325.4	315.5	392.5	441.3
Birc2	1833.1	1474.5	2212.4	2361.4	1103.9	1256.2	1582.3	1457	835.9	1249.2	899.7	616.4	1258.5	666.1	1172.4	1028.1	1199.4	1644.3	1191.3	1147.9	522	527.7	382.5	254.3
Yipf1	475.6	415.7	447.6	614	626.3	550.5	520.4	356.4	564.8	476.3	611	824	503.6	401.3	339.3	496.9	650.6	711.6	436.3	539.9	690.7	752.5	1049.4	869.7
Mrpl18	1053	990.8	1066	1646.4	1653	1470.4	1354.6	1998.4	2543.6	2073.9	3172.3	2863.9	1725.4	2113.5	2515.2	2776.8	1499.8	2255.5	1984.3	2552.2	1114.8	1205	1672.7	1472.1
Whsc1	1418.4	2233.4	1304.6	1330.1	2106.3	2390.3	1786.1	1908.3	1821.7	2008.6	2004.2	1647.1	2083	2393.7	1736.1	2008.7	3054.1	1840.8	2482.5	1680.1	2613.1	2504	1486.9	1392.5
Zfp53	36.7	40.2	39.5	94.5	212.3	81	47.9	48	93.4	87.1	55.3	7.2	0	157	122.3	29.3	129.6	192.1	70.1	182.1	202.1	168.3	281.8	292.5
Fam173a	606.8	534.2	592.3	755.3	782.2	501.1	938	773.5	767.1	918.5	1414.9	1129.1	801.3	815	1096.7	987.7	981.3	1277.6	1152.1	1265.9	712.9	771.3	1042	970.6
Las1l	781.1	660.1	703.1	798.7	524.1	628.8	374.6	652.1	1038.2	466.8	736.6	1138.1	689.5	797.4	560.7	752.9	839.6	397.3	575.4	637.4	1119.6	1071.1	1248.7	1451.4
Mpp7	404.2	668.1	425	485.8	609.9	569.8	302.7	582.6	675.7	624.6	487.6	418.7	566.6	522.3	649.6	607.2	491.9	477.3	334.1	578.4	254.6	267	477.1	353.3
E2f6	707.6	1059.6	696.1	729.2	770	790.8	1154.8	801.9	690.1	800.2	812.9	1025.3	302.5	517.9	866.6	726.6	636	761	794.2	849	681.9	696.1	1131.9	1062.5
Fam136a	350.7	232	372	276	380.4	255.4	298.7	284.9	163.3	181	169	136.9	346.4	360.9	352.5	283.3	283.5	438	313.9	307.8	725.7	802.6	1545.9	1461.7
Bloc1s2	142.8	99.5	203.3	88	85.8	57.7	359.6	103.8	105.8	65.3	154.1	134.2	181.2	267.8	129.6	158.9	333.2	94.6	224.7	133.4	346.1	340.6	267.7	236.8
Spop	2315	2152.9	1729.5	1535.5	1613.7	1587.1	1187.7	1635.2	2215	1763.6	1153.2	1624.8	2616.1	2244	1616.6	1872.1	2190.4	2222	1562.3	1671.1	3314.9	3375.5	4052	4129
Ece1	1034.1	554	445.4	678.1	571.3	587.6	334.6	405.4	120.1	363.3	74	124.4	579.4	226.7	268	213.5	197.5	285.2	161.7	252.7	540.3	623.3	283.2	181.8
Dtnbp1	543.8	405.4	939.6	803.1	686.4	462.7	730.2	887.1	718.8	1030.1	1598.1	1763.5	695.9	806.9	703.5	1484.5	496.7	759.6	1166.4	958	1437.8	1497.9	1517.1	1388
Pus7	1022.6	1090.4	690.4	810.7	825.8	759.2	743.2	1123.1	1084.4	945.8	881.7	925.1	1072.6	1283	1140.4	966.4	897.7	416.2	958.3	899.1	886.4	783	1172.9	1470.8
Zfp317	765.4	465.4	517.4	499.9	374.6	431.1	264.7	444.5	372.8	393.3	208.6	194.2	365.5	327.2	384.5	192.3	396.2	344.9	423.3	268	374	402.5	410.6	443.2
Lgals8	741.2	443.5	513.2	556.4	582	400.9	402.6	597.3	347.1	381	346.3	293.5	648	500.3	431.1	490.8	660.3	699.9	542.2	575.9	439.2	495.6	444.9	426.4
Eif1a	1031	1150.4	1330.7	1479	1049.6	1374.3	1180.7	1246.4	1383.2	891.3	1191.3	1171.2	1703.1	1761.3	1444.8	1253.8	1479.2	1378	1315	1332.5	1302.6	1271.6	3852.8	3801.5
Zbtb8os	337	274.4	440.5	193.4	452.6	302	407.6	330	386.1	336.1	211.6	586.9	458.1	261.2	386	348.1	290.8	362.3	489.8	374.5	233.1	209.8	244.2	200.6
Arl16	278.2	54.9	121.4	78.2	72.9	93.4	62.9	40.1	151	39.5	23.2	30.4	166	113.7	77.2	108.3	180.5	142.6	45.2	64.1	139.2	128.4	156.3	139.8
Trim30d	694	1049.4	863.4	722.7	368.9	584.9	416.6	534.6	256.7	352.5	258.8	391	583.4	365.3	330.6	401.7	410.7	484.6	551.7	541.2	214.8	212.2	75.8	74.4
Gm6807	1350.2	1413.8	1109.7	1186.7	1303.4	1353.7	1103.8	1225.9	1315.4	1232.9	1051.5	852.7	1219.4	1799.5	1358.8	1363.1	1280.5	1535.2	1168.7	2123.9	6.4	6.3	10.1	7.1
Colq	0	0	0	0	0	0	0	0	0	0	0	0	0	0	10.2	0	35.1	0	0	2.6	350.9	345.3	0	16.8
Prdm2	645.7	683.5	649.5	1188.9	722.8	336.4	421.6	570.8	492.9	349.7	664.8	529.7	327.2	418.1	487.9	959.3	623.9	750.9	977.3	686.2	331.8	337.5	167.1	133.9
Brd9	379	622.7	493.4	508.6	702.1	394	332.6	681.5	500.1	359.3	547.4	418.7	1052.6	846.6	509.7	546.5	909.8	755.2	873.9	445	440	412.6	338.2	293.8
Rps18-ps3	360.1	386.4	321.2	322.8	400.4	517.6	183.8	206.6	450.8	255.8	305.1	272.9	409.4	293.4	256.3	240.8	334.4	269.2	359.1	369.4	0	0	0	0.6
Gapdh	1505.5	1819.2	1593.3	1175.8	1934.7	2075.9	2719.1	2240.3	2583.6	3146.2	2825.3	2551.7	3004.7	3227	3648.3	2175.7	2656.8	3259.5	2597.8	3588.5	153.6	150.3	140.9	138.5
Bloc1s3	247.8	155.1	94.6	60.9	190.2	19.2	58.9	73.4	117.1	73.5	89	126.2	256.2	177.5	71.4	101.2	86	59.7	49.9	50	155.2	137.8	310	322.9
Pkn1	569	757.4	806.9	505.3	652.8	770.2	764.2	656	421	664.1	646.1	467.9	939.3	527.4	533	601.1	655.4	570.4	779.9	690	1788.7	1748.4	1094.4	1092.3
Zfp746	205.8	420	614.2	668.3	296.7	324	697.3	391.7	329.6	291.2	483.9	132.4	775.7	487.8	420.9	452.3	507.6	874.5	423.3	475.8	949.3	1041.4	677.7	600.5
Mex3b	17.8	90	70.6	14.1	112.3	212.8	106.9	89.1	501.1	197.3	115.2	39.4	388.7	229.6	166	137.6	275	120.8	118.9	151.3	60.5	102.6	3.4	17.5
Prtn3	1155.9	750.8	1089.3	549.9	925.9	1000.9	1453.5	1223.9	739.4	1156.7	667.8	1037	2715.8	4499.8	3032.3	2322.4	947.4	1120.5	1218.7	3734.7	688.3	718	58798.4	53349
Sptan1	741.2	788.1	679.1	730.3	653.5	1032.4	707.3	720.6	634.6	508.9	591.5	524.3	1107.7	802.5	715.1	524.2	703.9	586.4	940.5	797.7	1765.7	1653.7	819.9	876.8
Cyb5d2	250.9	113.4	207.5	144.5	150.9	111.2	40	210.5	82.2	112.9	185.5	0	97.4	63.1	125.3	157.9	100.6	129.5	208.1	61.6	62.9	95.5	167.1	99
Ddx49	234.1	312.5	247.1	479.2	276.7	145.5	113.9	293.7	315.3	213.6	358.2	571.7	331.2	352.9	241.8	356.2	414.3	423.4	315.1	402.7	597.6	555.1	1066.9	990
Bak1	89.2	92.9	112.9	120.6	102.2	75.5	195.8	168.4	126.3	32.7	177.2	125.3	109.3	115.2	80.1	122.4	122.4	81.5	70.1	97.5	33.4	29.8	28.9	45.9
Zfp119a	32.5	147.8	40.2	65.2	76.5	135.9	71.9	16.6	114	35.4	41.1	51	2.4	35.9	68.5	47.6	151.4	202.3	112.9	61.6	34.2	21.1	24.8	48.5
Rpl32	27887.2	19374	23572.6	20837.8	18510	21755.5	19789	15482.1	21095.3	19934.5	18894.2	22506.2	18705.9	19773	17552.8	20746.1	22841.2	17963.8	20996.8	27728.3	2908.3	2841.5	4861.9	4055.2
Zfp595	196.3	140.5	123.5	150	183.7	227.9	35	134.1	49.3	125.2	98	41.2	147.6	149.7	84.5	118.4	115.1	139.7	152.2	93.6	39	39.9	38.9	55
Fam204a	742.3	815.2	920.5	752	651.3	760.6	1085.8	818.6	776.3	794.7	816.6	460.8	1054.2	769.5	812.7	922.9	1101.2	1172.9	1036.8	587.4	547.4	523.8	311.3	241.4
Rpl36	6656.3	5293	4833.5	4142.6	3206.7	4283.6	3975.8	3188.1	5062.6	3316.3	3322.7	6529.5	4279.2	4670.7	3256.6	3287.8	4395.2	3240.6	3714.3	6212.6	34.2	47	45	45.3
Cbx3-ps6	103.9	397.4	194.1	235.8	170.9	315.8	118.9	222.3	350.2	306.2	591.5	715.8	388.7	407.1	302.9	519.1	479.7	365.2	570.7	779.8	0	0	0	0.6
Zfp329	578.5	774.2	599.3	610.7	228.1	402.3	372.6	551.3	375.8	182.3	697.7	645.1	752.6	578.8	390.3	418.9	795.9	440.9	680.1	280.9	66	73.6	53.7	103.5
Camk2b	144.9	122.9	113.7	130.4	15.7	27.5	11	49.9	45.2	0	18.7	0	107.7	0	90.3	12.1	50.9	45.1	0	19.2	63.7	75.2	15.4	21.4
Cacnb2	443.1	343.2	313.4	314.1	80.8	207.3	113.9	210.5	119.1	104.8	172	211.1	198.7	159.2	93.2	69.8	352.5	33.5	259.2	153.9	117	122.1	66.4	47.9
Unc13d	1017.3	991.6	717.2	499.9	664.2	749.6	480.5	528.7	877	507.6	321.6	494.8	554.7	511.3	208.3	398.7	339.2	477.3	252.1	343.7	1550.8	1525.3	1125.9	1162.8
Itpk1	191.1	186.6	178.6	231.5	130.8	184	212.8	98.9	159.2	163.3	129.4	300.6	199.5	102	219.9	139.6	233.8	404.5	250.9	338.6	976.3	877	819.3	961.5
Zfp809	332.8	409.8	347.3	228.2	321	495.6	275.7	229.1	176.6	155.1	205.7	239.8	258.6	402	222.8	202.4	225.3	283.8	202.1	209.1	87.5	103.4	87.2	81.5
E030024N20Rik	67.2	172.7	36.7	17.4	55.1	233.4	166.8	81.3	345	295.3	0	0	115.7	132.8	298.6	1	193.8	241.6	1.2	34.6	4.8	3.9	1.3	1.3
Mdn1	3629.5	3819.2	2475.7	2383.2	3291.8	2589.4	2439.4	4082	3948.4	3211.5	4405.5	3711.2	3205	2873.4	3703.7	3662.3	2733.1	3419.6	3639.4	2590.7	421.7	549.7	299.9	337.1
Sept11	723.4	951.3	869.7	1080.2	1595.1	1713.4	1592.3	1554.9	1994.2	1804.4	2088	1403.8	1534.7	2169.2	1488.5	1754.7	1338.7	1396.9	1657.4	1636.5	4026.3	4093.5	2236.4	2667.2
Palld	307.6	179.3	146.8	285.8	220.9	123.6	145.8	285.9	121.2	13.6	133.9	56.4	98.2	185.6	65.5	68.8	81.2	52.4	10.7	44.9	48.5	49.3	0.7	0
Sdhc	2140.7	1337	1658.2	1348.6	1545.8	2033.3	1918	1576.4	1926.4	1789.5	1746.2	1895.9	1654.4	2403.2	1995.3	1514.9	1637.9	2578.5	1659.8	1968.7	1654.3	1607.5	2312.2	2332.7
Zfp729b	204.7	392.2	239.3	221.7	253.8	395.4	242.7	190	324.5	279	222.1	315.8	4.8	465.8	390.3	160.9	547.6	227	294.9	273.2	79.6	97.1	127.5	133.9
Nfam1	94.5	96.6	168.7	83.7	203.1	157.9	56.9	201.7	75	76.2	225.8	127.9	206.7	218.6	235.9	219.6	225.3	244.5	292.5	350.1	1355.9	1252	3283.8	3510.4
Tpm3-rs7	120.7	150.7	141.9	188	97.2	140	133.9	157.6	31.8	197.3	87.5	63.5	104.5	85.8	206.8	149.8	41.2	96	124.8	203.9	46.9	47.8	43.6	42.7
Gstm1	1664.1	1480.4	1902.5	1709.4	743.6	1242.5	1502.4	935.1	737.3	797.4	713.4	1022.6	1162	1635.2	984.5	1636.3	783.8	972	1175.9	1491.6	320.7	350.8	8504.6	8235.9
Smco4	686.6	585.4	598.6	517.3	760.7	586.2	967	783.3	1153.2	880.4	937.8	697	608.1	729.2	812.7	721.5	533.1	660.6	884.6	548.9	63.7	59.5	57	79.6
Gm5148	155.4	150.7	168.7	179.3	102.2	112.6	88.9	93	25.7	15	14.2	0	8.8	19.1	33.5	12.1	0	62.6	3.6	7.7	0	0	0	0
Zfp846	49.3	65.1	86.1	127.1	45	50.8	87.9	24.5	42.1	84.4	115.9	44.7	197.9	22	65.5	127.5	98.1	71.3	127.2	71.8	85.9	59.5	60.4	85.4
Arhgap35	101.8	250.3	154.6	234.7	233.8	210.1	116.9	97.9	109.9	96.6	198.2	178	214.7	131.3	139.8	146.7	181.7	115	179.5	194.9	297.6	274.1	75.8	94.5
Usf2	3965.4	2495.4	2959.3	3181.9	2390.2	2165.1	2547.3	2634.9	2484	2898.5	3992.7	5102.5	2798.8	2887.4	2803.6	3923.3	2174.6	2510.1	3895	3577	109.8	104.1	100	111.3
Cryzl1	839.9	1126.2	820.3	898.7	1338.4	930.8	983	823.5	742.4	900.9	819.6	602.1	629.7	828.9	745.7	597.1	649.4	534	709.8	868.3	346.9	391.5	684.4	637.4
Idi1	299.2	78.3	81.2	73.9	112.3	119.4	247.7	185.1	41.1	147	37.4	0	66.2	104.9	58.3	39.5	117.5	39.3	13.1	98.8	41.4	38.4	39.6	29.8
Mrps14	974.3	782.3	969.2	933.5	1518.6	1640.7	1367.6	1116.2	1078.2	1333.6	1210	1156	1221.8	1172.3	1388	1075.7	1293.9	1047.7	907.2	972.2	1101.3	1074.3	1876.7	1621.6
Espl1	85	46.1	70.6	100	320.3	94.7	322.7	380.9	288.6	472.2	574.3	390.1	493.2	603.7	286.9	450.3	494.3	407.4	347.2	304	1701.2	1777.4	570.3	524.8
Zfp68	446.2	733.2	543.6	564	425.4	683.7	520.4	472.9	270.1	227.3	397.1	433	175.6	317.6	310.2	347.1	290.8	477.3	499.4	596.4	663.6	679.6	602.5	768.1
Mcm9	431.5	318.3	293	268.4	274.6	263.6	401.6	276.1	274.2	479	502.5	399.9	543.5	184.9	305.8	318.8	281.1	228.5	454.2	422	509.2	545.8	265.7	186.4
Upf1	486.1	401.8	423.6	183.7	514.8	303.4	428.5	503.3	392.3	616.4	646.1	705.9	648	564.9	522.9	397.7	373.1	507.8	579	643.8	2690.3	2641.8	1448	1633.9
Ube2e2	457.8	338.8	295.8	356.4	44.3	308.9	271.7	180.2	174.6	251.8	252	202.2	99	192.2	71.4	151.8	248.4	123.7	88	73.1	35.8	39.2	18.8	51.8
Phf21a	2197.4	1547.7	1329.3	1799.6	1214.7	1270	1005.9	1206.3	921.1	802.9	665.6	430.4	1362.3	1327.1	828.7	1163.7	993.4	1385.3	1531.4	755.4	302.4	276.4	140.9	124.2
Dock1	842	401	835.1	584.7	719.3	716.7	699.3	627.6	225.9	302.1	290.2	201.3	296.9	275.8	205.4	232.7	115.1	216.8	218.8	152.6	31.8	52.5	267	300.2
Smim4	1658.8	1153.3	1415.4	1506.2	1703.1	1614.6	1486.4	939	1486.9	1355.4	1803.8	2197.4	1467.6	1402.6	1337	1891.3	1407.7	1274.7	1432.7	1631.4	177.4	185.6	306	266.6
Abce1	1782.7	1749.7	1134.4	941.1	1738.8	1444.3	1484.4	1721.3	2435.8	1676.5	1445.6	1317	1332.8	1558.9	1339.9	1323.6	1673.1	976.4	1364.9	1604.4	2756.3	2800	5591.3	6079.9
Hist1h2bg	24.1	0	42.4	0	53.6	45.3	0	46	0	40.8	41.1	145.8	110.1	76.3	49.5	150.8	55.7	24.7	27.3	23.1	42.2	39.9	5.4	5.2
Phtf1	354.9	371.7	365	386.9	469	300.7	444.5	410.3	434.4	401.4	424.8	607.5	401.4	422.5	330.6	505	586.4	417.6	505.3	289.9	765.5	877.7	622.7	628.3
Rrp1b	879.8	1189.9	861.2	974.8	1047.4	932.2	611.4	1251.3	874.9	834.2	1446.3	1147.9	1087	1134.9	1294.8	1410.7	771.7	851.3	1057	1094	975.5	874.6	1474.1	1636.4
Zfp420	123.9	204.2	38.8	90.2	57.2	37.1	154.8	126.3	38	32.7	135.4	40.3	34.3	107.8	40.8	107.3	99.3	125.1	103.4	88.5	48.5	36	32.9	34.3
Txndc9	767.5	1264.5	1613.1	1291	1116.1	1040.7	1176.8	1456	1179.9	1574.5	1343.1	1777.8	995.2	974.2	1524.9	1342.9	1137.6	1669.1	1602.7	1522.4	533.1	514.4	695.8	647.7
Nrf1	449.4	456.6	523.1	689	445.4	682.3	494.5	772.5	640.8	751.2	653.6	668.3	697.5	683	814.1	733.7	782.6	491.8	667	823.4	1429.1	1425.8	920.6	910.4
Rpl10-ps3	2011.6	2203.4	4237.7	5793.3	2383.7	1703.8	3474.3	3575.8	2032.2	3309.5	4851.3	5702.8	2251.3	2148.7	4197.4	6821.6	2135.8	4649.2	5936.4	5273.8	23.1	21.9	16.8	12.9
Map2k5	150.1	183.7	175.8	210.8	131.6	223.8	119.9	158.6	102.7	148.3	263.2	208.5	148.4	318.4	119.4	289.4	268.9	147	206.9	247.5	784.6	851.9	866.9	742.8
Znrf2	640.4	718.6	789.2	859.6	1016	841.6	993.9	939	1358.6	1005.6	539.2	577.1	1140.4	1413.6	1543.8	895.6	1291.4	1040.4	1040.3	1138.9	1730.7	1755.5	2415.5	2621.3
Dhcr7	123.9	153.7	119.3	89.1	170.2	214.2	218.8	154.7	224.9	151.1	122.6	139.6	227.4	21.3	49.5	104.2	133.3	151.3	146.2	206.5	805.3	793.2	607.2	564.2
Wdr91	187.9	90.7	66.4	30.4	106.5	33	162.8	36.2	141.7	51.7	86.7	132.4	45.5	66	49.5	77.9	65.4	85.9	53.5	102.6	366.8	422.8	90.6	163.1
Fam133b	2620.5	3096.9	1992.9	2995	3337.5	3038.3	2543.3	3241.9	3475	3510.9	4265.7	3033.9	4624	3688.5	3461.9	3698.7	3827.1	3208.6	3109.1	2671.5	255.4	273.3	212	161.8
Rpl23a	33854.7	31444.8	30732.8	29799.9	30370	29695.2	24655.9	23133.1	30167.9	24564	28415	31872	30477.3	31158.2	25299.5	27919.8	31545.7	30489.8	30953	44827	2.4	1.6	0.7	1.3
Rpl5	21370.5	16988.4	14215.4	13623.1	10919.8	13535.8	13954.2	11474.5	13643.2	12444.6	12629.6	17761.6	12869.6	12633	13102	11612.2	13385.6	14424.9	12463.7	16608.8	22.3	16.4	9.4	16.2
Gm2531	126	167.6	61.4	93.5	75.8	24.7	3	55.8	48.3	19.1	57.6	81.4	50.3	80	62.6	56.7	218.1	4.4	155.8	115.4	2.4	3.1	2.7	0
Tmed9	2553.3	2941	3109.6	2792.9	3038.6	2846.1	4498.2	2933.5	3655.7	2774.7	2923.3	3159.2	3429.3	3535.1	3128.4	3222.1	2965.7	2516	2949.8	1993.1	3422.3	2095.3	2121	3098.8
Serhl	660.4	513	467.3	824.8	615.6	686.5	282.7	422	633.6	583.8	349.2	675.5	278.5	508.4	330.6	476.6	484.6	347.8	488.7	328.3	105.8	124.5	104.7	91.9
Tmod3	2130.2	2561.3	1660.4	2076.7	2117.8	2140.4	1456.5	2010.2	1796	1556.8	1404.4	1833.2	1943.3	1852.3	1731.7	1485.5	1795.4	1375.1	1234.1	1303	2531.1	2524.4	2104.2	2336.6
Fbxo18	385.3	276.6	428.5	371.7	165.2	416	110.9	294.7	282.4	239.5	278.2	238	249.8	371.2	301.5	296.5	261.7	142.6	199.7	279.6	851.4	840.2	1529.2	1432
Rpl30	30548.6	24496.5	22707.1	20534.6	24894.8	28948.3	25055.5	16448.5	28250.7	18322	17404.5	12652	25978.6	28041.2	20082.6	14914.2	31933.3	20722.8	22169.1	19330.3	371.6	376.6	463.6	429.7
Rpl28-ps1	564.8	596.4	744.8	686.8	759.3	763.4	488.5	596.3	847.2	515.7	634.9	782.9	530.7	672.7	588.4	484.7	656.6	695.6	733.6	961.9	16.7	24.3	10.7	11
Gda	2013.7	2253.2	2703	2451.6	727.1	1016	1190.7	1102.5	236.2	265.4	234.8	694.3	111.7	536.2	320.4	338	3.6	4.4	42.8	616.9	48.5	54.8	1487.6	1561.4
Gm17383	68.2	114.9	48.7	15.2	153	216.9	116.9	66.6	256.7	108.9	139.8	22.4	278.5	307.4	155.8	21.3	260.5	161.5	80.8	11.5	1.6	4.7	1.3	1.3
Zfp110	304.5	303.7	353	213	266	192.2	297.7	181.1	226.9	200	100.2	290.8	279.3	133.5	144.2	204.4	290.8	123.7	120.1	302.7	519.6	521.5	795.8	689.8
Eif4b	7023.8	6442.6	8395.7	6463.8	6082.3	7582.7	7824.7	7559.9	5235.1	6908.8	5867.6	5302	6948	6603	6853.9	6453.2	6729.8	7476.6	6868.5	6171.5	3600.6	3644.9	4066.8	4152.3
Samd12	6.3	106.8	53.7	192.3	166.6	115.3	3	21.5	0	62.6	6.7	8.9	11.2	68.2	0	2	25.4	69.8	9.5	18	0.8	1.6	0	0
Tubb2a	82.9	127.3	108	189.1	120.1	22	236.7	132.2	213.6	215	306.6	270.2	142.9	40.3	152.9	202.4	144.2	91.7	58.3	118	252.2	262.3	69.8	45.9
Ccser2	505	492.5	665	769.4	74.4	260.9	301.7	539.5	259.8	462.7	291.7	312.3	300.9	311	369.9	338	285.9	384.2	329.3	327	311.1	315.5	177.1	89.3
Memo1	675.1	491	610.6	393.4	931.6	1050.3	746.2	576.7	1374	325.2	430.8	272.9	573	1062.2	978.7	557.6	1041.9	991	476.8	569.4	862.5	892.6	1056.1	1095.5
0610030E20Rik	796.9	1131.3	1015.1	893.3	1367	1068.1	1262.7	1147.5	1300	1045.1	1318.4	1475.4	1094.9	1012.3	1112.7	1057.5	1418.6	871.6	862	747.7	439.2	427.5	489.1	559.1
Egln2	833.6	1034	994.7	930.2	504.1	838.9	989	1051.6	758.9	737.6	990.9	1164.9	863.5	809.9	750.1	856.1	706.3	846.9	1070	1040.1	971.6	973.3	1003.8	812.7
Fcer1g	207.9	273	249.2	323.8	328.2	173	408.6	298.6	579.2	383.7	526.5	362.4	581	652.9	457.3	677	290.8	240.1	469.6	729.8	2080.8	2135.2	2455.8	2484.8
Cd300c	0	0	20.5	0	30.7	0	64.9	0	0	0	0	33.1	0	0	29.1	0	18.2	84.4	15.5	33.3	374	387.6	2	12.9
Lin9	248.8	444.2	396	464	537.7	501.1	383.6	465.1	726	834.2	575.1	584.2	479.6	585.4	428.2	538.4	747.5	675.2	486.3	396.3	455.1	403.2	378.4	326.1
Zfp958	54.6	111.2	76.2	139.1	47.9	166.1	34	136.1	236.2	92.5	178	79.6	72.6	244.3	158.7	127.5	105.4	52.4	47.6	216.7	100.3	83.8	228.1	268.5
Osm	114.4	153.7	149.7	38	112.3	195	354.6	133.2	400.5	225.9	79.3	37.6	208.3	122.5	244.7	133.6	277.4	158.6	116.5	251.4	229.2	221.6	48.3	62.8
Thra	1064.6	870.8	1309.5	1332.3	1079.6	705.7	917	949.8	612	660	975.2	1273.2	723	817.2	805.4	1088.9	603.3	1197.6	1053.4	679.7	149.6	215.3	167.7	131.4
Rnf169	1078.2	1586.5	1166.2	956.3	1457.1	1298.8	1073.9	1220	923.2	864.1	946.8	1113.9	1442.1	1142.9	1390.9	963.4	1542.2	1695.3	1363.7	847.8	533.1	412.6	204.6	214.8
Hist1h1b	10.5	101	4.2	23.9	257.4	219.7	120.9	221.3	743.5	387.8	722.4	557.4	400.6	695.4	231.6	396.7	307.7	267.7	562.4	551.5	428.9	478.4	232.2	256.2
Cds2	821	489.6	1110.4	984.6	652.1	492.9	919	664.8	717.8	862.8	689.5	457.2	833.2	442.4	771.9	778.2	856.5	707.2	1279.3	799	653.3	674.9	240.9	294.4
Nfe2	1590.6	1706.5	1699.2	1664.8	1372	1396.3	1151.8	1302.3	1324.7	1317.3	1222.7	1952.2	920.2	1175.2	865.1	1146.5	1079.4	829.4	702.7	1092.7	574.5	476.8	3834.6	3417.8
Nap1l1	8064.2	8696.5	7626.2	9167.5	10157.7	9800	10350	12258.8	13312.6	15574.5	14357.8	17799.2	12339.7	11372.7	14181.2	12780	11102	12437.2	12059.5	12352	1488.8	1407.8	1548.6	1594.4
Pirb	0	0	33.2	12	0	0	35	17.6	0	10.9	0	0	0	0	11.7	43.5	56.9	100.4	33.3	135.9	362.8	318.7	22.8	39.5
2810428I15Rik	370.6	385.7	244.3	452.1	326.7	200.4	370.6	259.5	510.4	375.6	340.3	535.9	330.4	352.1	304.4	195.3	287.1	438	299.6	464.3	487	503.5	563.6	549.4
Abi1	1484.5	1152.6	1171.9	1073.7	1507.9	1121.7	1081.9	1198.5	1541.4	937.6	1212.3	583.3	1412.6	953.7	1137.5	1017	1647.6	1039	928.6	805.4	1133.1	1098.6	1284.9	1351.7
Rps27a-ps2	959.6	810.1	900.1	627	745	693.3	1351.6	637.4	624.3	956.7	190.7	442	522.7	612.5	1090.9	483.7	868.6	1216.5	470.8	570.7	0	0	0	0
Zfp516	339.1	300.8	278.8	322.8	202.3	230.7	273.7	244.8	33.9	76.2	135.4	85	395.8	269.2	279.6	86	157.5	522.4	225.9	192.4	148	128.4	242.2	333.9
Deaf1	289.8	343.9	212.5	328.2	249.5	230.7	269.7	311.4	163.3	191.9	172	326.6	239.4	203.9	155.8	315.7	328.3	317.2	315.1	228.3	362	351.6	450.9	500.8
Rsl1	0	20.5	33.9	66.3	0	19.2	0	0	1	0	18.7	55.5	5.6	72.6	59.7	34.4	0	149.9	45.2	21.8	44.6	44.6	93.3	67.3
Gm10051	324.4	410.5	333.9	224.9	337.5	648	387.6	321.2	599.7	363.3	133.9	158.4	365.5	408.6	537.4	179.1	611.8	363.8	173.6	206.5	6.4	1.6	2.7	1.9
Cecr5	42	0	15.5	0	23.6	4.1	4	43.1	9.2	4.1	24.7	69.8	16	58	7.3	23.3	37.6	26.2	60.6	7.7	339.8	380.5	264.4	263.4
Vwa8	184.8	290.5	229.4	193.4	35.7	92	296.7	303.5	88.3	196	204.9	334.6	53.5	164.3	199.5	262.1	146.6	42.2	90.4	205.2	404.2	361.7	369	341
Hnrnpa3	4768.6	4564.1	3785.2	3811.1	7264.9	6706.8	4359.4	5513.5	7473.7	5707.2	5159.4	5788.7	5810.7	5955.2	5374.2	4345.3	7157.4	5381.1	4888.9	3700.1	147.2	126.1	112.1	127.5
Sh2d3c	392.7	354.9	321.2	393.4	543.4	428.4	422.6	312.3	214.6	149.7	391.1	405.3	183.6	424	182.1	430.1	352.5	379.8	516	384.8	1371.8	1519	660.9	590.8
Rpl18a-ps1	221.5	122.9	164.5	221.7	145.9	85.1	132.9	183.1	67.8	205.5	151.8	76	102.2	220.1	139.8	161.9	146.6	138.2	170	373.2	0.8	0.8	0.7	0.6
Rad51b	13.6	0	0.7	0	0	22	0	0	0	0	28.4	0	2.4	0	14.6	0	0	0	11.9	18	78	71.3	84.5	69.2
Rpl18	6850.5	6177.7	8330	8509	7898.3	8620.7	8851.6	7745.9	8901.1	8638.4	8953.9	9831.9	7208.1	7198.7	8677.4	7970.2	7586.3	9163.1	9429.5	11808.2	731.3	795.5	1074.2	870.3
Nap1l4	1646.2	1719.7	2564	2437.5	1820.3	1782.1	2756.1	2082.6	1957.2	1947.3	2909.9	3715.7	2776.5	2293.9	2713.3	3009.6	1527.7	1465.3	2848.7	1867.4	3650.7	3533.7	3565.6	3377.1
Zfp945	793.7	646.2	487.8	623.8	328.9	573.9	523.4	351.5	441.6	175.5	303.6	289.9	379.9	434.3	302.9	545.4	455.5	467.1	343.6	260.4	157.5	131.5	114.7	110
Mfsd4	1	36.6	4.9	123.9	21.4	45.3	0	0	1	0	10.5	0	102.2	1.5	0	19.2	8.5	2.9	8.3	30.8	270.5	267.8	30.2	31.1
Gm8129	559.6	552.5	758.2	768.3	674.2	498.4	694.3	538.5	596.6	692.7	860.8	1019.1	463.7	735.8	572.4	1199.2	541.5	682.5	804.9	1002.9	0	0	0	0
Gm8991	147	269.3	109.4	73.9	226.6	67.3	51.9	198.8	289.6	149.7	200.4	153	245.8	264.8	128.2	118.4	226.5	186.3	189	302.7	0	1.6	0	0.6
Skap2	2598.5	2814.4	2618.3	2776.6	3406.9	3076.7	3353.4	2953.1	2774.6	2510.7	2657.8	2991.9	3541	2481.7	3560.9	2985.3	3114.7	2722.6	2904.6	2361.1	1776	1775.1	1797.5	1808.6
Mtfmt	173.2	125.9	144.7	82.6	108.7	119.4	191.8	124.4	101.7	182.3	160.8	155.7	63	149.7	155.8	70.8	179.3	186.3	195	234.7	178.2	175.4	285.8	297
Hnrnpm	8130.3	8020.4	4938.7	4600.1	9693.6	7460.5	5910.7	7740.1	9805.7	7313	6476.3	7783.9	9020.5	11074.2	7876.3	7558.3	8692.4	6174.2	7726.9	8537.8	7385.7	7279.6	7717.6	7964.1
Sept9	149.1	205.6	200.5	213	305.3	380.3	286.7	173.3	300.9	156.5	107.7	23.3	284.9	484.2	173.3	104.2	336.8	225.5	179.5	83.4	3588.6	3687.2	2488.7	2693.8
Usp47	1317.6	1232.3	1157.7	1094.3	1223.3	961.1	1331.6	1172	1531.1	1496.9	1752.2	1097.8	1659.2	1531	1188.4	1182	1805.1	988	1011.8	988.8	1363	1454.8	1813	1806.6
Zc3h4	1116	1304	861.9	894.4	814.4	877.3	682.3	1077	1293.9	1036.9	1020.1	1551.4	1209.9	1225.1	793.7	946.2	1218.7	948.8	1155.7	1173.5	812.4	942.7	306.6	401.8
Naa38	513.4	746.4	1195.1	1299.7	607	508	1648.3	1093.7	865.7	1413.9	1517.4	1907.5	902.6	952.9	955.4	1088.9	603.3	759.6	822.7	1036.3	210.1	191.8	283.8	254.3
Vpreb2	0	0	0	0	0	0	0	0	0	0	0	0	0	0	0	0	0	0	0	0	304	340.6	0	0
Cdyl	228.9	229	267.5	397.7	347.5	446.2	284.7	405.4	457	494	281.9	305.1	474.8	348.5	284	320.8	323.5	350.7	388.8	502.8	358.1	397.8	491.2	396.7
Rpl11	24274.5	20097	19559.3	18903.4	19159.2	21619.6	18476.4	15127.6	21035.8	16655	16039.7	15549	19452.9	19145.8	16240.5	15738.9	19850.1	18548.8	17501.3	23435.7	43	44.6	25.5	18.1
Vpreb1	70.3	7.3	33.9	59.8	26.5	43.9	56.9	33.3	123.2	39.5	77	122.6	1.6	22.7	48.1	57.7	21.8	48	23.8	169.3	2521.6	2499.3	11.4	13.6
Slc27a4	178.5	74.6	95.3	175	65.8	48.1	24	79.3	139.7	147	65.1	46.5	14.4	38.9	113.6	86	86	149.9	64.2	109	230	212.2	250.9	235.5
Tonsl	1870.9	1491.4	2022.5	1950.7	1563.7	1160.1	1512.4	1776.2	1187.1	1608.5	2485.8	2464	1652	1415.1	1637	2658.4	1537.4	2204.6	2133	2603.5	1928	1954.4	1980.7	1906.9
Hopx	68.2	0	33.9	32.6	20.7	6.9	34	36.2	0	6.8	7.5	0.9	54.3	70.4	7.3	0	0	0	0	20.5	109.8	97.1	161	141.1
Csf2ra	452.5	330	613.5	505.3	453.3	200.4	612.4	516	408.7	371.5	504.8	459	211.5	175.3	323.3	591	391.3	419.1	479.1	384.8	436.8	450.2	2102.8	2115.9
Slc14a1	684.5	564.2	667.8	658.5	920.2	821	893.1	879.3	2430.6	2333.8	1696.9	1156	281.7	446.8	355.4	240.8	275	806.2	442.3	500.2	1164.9	996.8	206	126.2
Wdr83os	517.6	363.7	719.3	565.1	637.8	692	663.3	605.1	544.2	634.1	391.1	538.6	571.4	450.4	490.8	586.9	348.9	612.6	479.1	800.3	491.7	530.1	557.6	500.2
Fxn	228.9	374.7	220.3	296.7	311.7	303.4	356.6	457.3	459	400.1	617	546.7	232.2	416.7	359.7	430.1	410.7	403.1	380.5	370.7	461.5	504.3	409.3	376.6
Ppp2r5d	148	193.2	108	63	233.1	201.8	207.8	169.4	178.7	168.7	174.2	189.7	138.9	208.3	109.2	119.4	239.9	148.4	227.1	162.9	1661.4	1671.7	1775.4	1591.1
Zfp933	185.8	86.4	186.4	136.9	61.5	104.3	162.8	200.7	257.7	20.4	198.2	260.4	96.6	278	222.8	198.3	71.5	179	229.5	56.4	33.4	31.3	77.8	76.4
Max	1971.7	2208.5	3031.3	2285.4	2643.3	2261.2	2814	2373.4	2121.5	2478	2499.3	1749.1	2292	2315.9	2130.7	3299	1960.2	2658.6	1844.1	1949.4	654.1	335.1	358.3	578.5
Bcas3	165.9	207.1	264.7	346.7	200.9	210.1	68.9	100.9	202.3	303.5	69.5	227.3	59.1	247.2	201	171	173.2	238.6	199.7	183.4	545.9	447.9	479.1	467.2
Hadhb	708.7	393.7	687.6	292.3	619.2	373.4	312.7	561	558.6	797.4	586.3	447.4	816.4	687.4	611.7	456.4	862.6	742.1	565.9	472	320.7	288.9	440.2	429
Ptk2b	1986.4	1498	2450.3	3656.8	1469.3	1508.9	1547.4	1771.3	1027.9	1279.2	2101.4	2223.3	885.1	982.3	926.3	1841.8	1180	1331.5	2075.9	1163.3	1791.9	1735.1	608.6	502.1
Mbtd1	3286.2	3225.7	3062.3	2649.4	2718.3	3198.9	3544.2	2715.1	3227.5	2951.6	1850.9	1760.8	2818	3282.1	3179.4	2475.2	3422.4	4032.2	2734.6	2332.9	504.5	459.6	365	407
Zfp426	176.4	232	133.4	113	143.7	119.4	98.9	87.1	95.5	141.5	221.4	289.9	55.1	303	93.2	79.9	294.4	160.1	45.2	157.8	226.8	241.2	324.1	445.2
B3gnt8	119.7	46.1	57.2	6.5	76.5	53.5	115.9	42.1	9.2	49	20.2	139.6	99.8	38.9	97.6	100.2	17	64	107	48.7	868.9	945.9	1102.4	1175.7
2610301B20Rik	93.4	153.7	282.4	248.9	248.1	178.5	166.8	377.9	222.8	366.1	210.9	192.4	239.4	404.2	672.9	319.8	287.1	551.5	406.6	348.8	297.6	297.5	420	473
Kbtbd2	962.7	1102.8	593.7	571.6	865.8	1036.6	640.3	658	828.7	707.6	750.8	930.5	913	665.4	723.8	861.2	966.8	878.9	716.9	506.6	857.8	783	839.4	970
Arhgef12	1141.2	1046.5	852.8	730.3	597.7	664.5	508.5	607.1	549.4	206.8	485.3	407.1	196.3	129.8	158.7	251	156.3	212.5	161.7	143.6	27.8	17.2	13.4	18.1
Fcgr3	27.3	4.4	14.8	29.3	0.7	5.5	62.9	8.8	87.3	111.6	8.2	6.3	34.3	425.5	173.3	174.1	0	1.5	3.6	305.2	243.5	238	5373.9	5116.4
Znhit1	33.6	240	84.7	36.9	175.2	74.1	50.9	98.9	110.9	62.6	127.1	203.1	39.9	163.6	43.7	75.9	80	64	85.6	224.4	363.6	358.6	752.8	565.5
Uqcr10	763.3	777.9	863.4	619.4	809.4	823.8	795.2	865.6	1545.5	913.1	1369.3	1741.1	645.6	1258.8	967.1	1051.4	752.3	633	1021.3	1478.8	1032.8	1010.1	1462.7	1351.7
Tcea2	217.3	286.1	190.6	136.9	55.8	245.8	27	149.8	135.5	43.5	67.3	331.9	39.1	83.6	125.3	135.6	93.3	151.3	271.1	35.9	40.6	24.3	33.5	27.2
Trp53	285.6	375.4	216	209.7	283.1	300.7	276.7	290.8	450.8	370.1	195.9	117.2	253	367.5	193.7	322.8	341.6	372.5	281.8	319.3	3400	3627.6	3620.6	4163.9
Ccdc28a	382.2	442	647.3	704.2	306.7	319.9	487.5	511.1	411.8	411	361.2	759.6	171.6	187.8	231.6	242.9	304.1	570.4	475.6	360.4	125.7	108.1	76.5	121.6
Tor4a	720.2	437.6	534.4	346.7	342.5	852.6	560.4	366.2	196.1	574.3	281.2	280	441.3	429.9	279.6	280.3	559.7	378.3	380.5	413	894.4	1032.8	1764.7	1560.1
Nsmce2	236.2	456.6	235.8	180.4	469.7	561.5	216.8	245.8	244.4	344.3	321.6	396.4	565.8	295.6	364.1	452.3	489.4	302.7	288.9	443.8	530.7	501.1	581.1	547.4
Calcrl	1197.9	1165.7	1236.1	1045.4	742.9	848.5	995.9	718.7	696.2	502.1	381.4	208.5	1517.1	911.1	1071.9	1137.4	2318.8	2417	1896.4	1322.3	865.7	802.6	392.5	350.1
Taf1b	578.5	470.5	425	329.3	413.3	302	462.5	400.5	180.7	548.4	297.6	745.3	376.7	383.7	378.7	558.6	425.2	340.5	211.6	402.7	524.4	570	503.9	614.1
Zfp637	196.3	77.6	121.4	155.4	203.1	89.2	47	207.6	104.7	64	104	0.9	171.6	338.2	142.7	166	155.1	228.5	127.2	93.6	315.9	321.8	401.2	375.9
Akap17b	287.7	299.3	206.1	242.3	100.1	151	199.8	265.3	100.6	321.2	468.1	377.6	267.4	55.8	317.5	270.2	358.6	326	391.2	342.4	62.9	51.7	22.8	49.2
Rcan3	589	433.9	422.1	536.8	204.5	146.9	254.7	312.3	100.6	319.8	276	451.8	266.6	214.2	215.6	196.3	96.9	398.7	151	250.1	296.8	238.8	165.7	155.9
Flot1	1089.8	415.7	1037.7	1098.7	648.5	661.8	774.2	597.3	677.7	564.7	593.8	513.6	1034.3	919.9	661.2	925.9	686.9	675.2	954.7	702.8	666	689	913.9	916.3
Ndufs8	354.9	298.6	336	247.8	705	472.3	403.6	329	565.8	314.3	446.5	522.5	553.1	368.3	240.3	361.3	307.7	327.4	288.9	882.4	1842.8	2034.2	2280	1960.6
Fdps	256.2	68.8	79.1	158.7	29.3	98.9	124.9	76.4	71.9	104.8	166.8	6.3	35.9	82.2	88.8	148.8	55.7	148.4	162.9	87.2	77.2	51.7	94.6	103.5
Rps3a3	414.7	434.7	318.4	207.6	211.6	355.6	672.3	253.6	573	792	95	100.2	241.8	462.9	565.1	117.4	517.3	726.1	135.5	422	3.2	1.6	4.7	2.6
Slx1b	622.6	263.4	462.4	243.4	349.6	374.8	297.7	164.5	281.4	254.5	253.5	353.4	317.6	305.9	142.7	372.4	193.8	149.9	268.7	169.3	86.7	93.2	102.7	124.9
Rps26-ps1	134.4	177.1	429.9	469.5	249.5	234.8	804.1	495.4	291.6	499.4	467.4	144.9	229.8	296.4	559.3	345.1	336.8	483.1	732.4	274.5	0.8	0.8	4	1.3
Nrm	520.7	423	516.7	527.1	810.1	612.3	919	1052.6	924.2	1083.2	1383.5	1367.1	1208.3	798.9	1223.4	1113.1	752.3	1669.1	1706.1	1464.6	1978.9	2018.6	1438.6	1368.6
Eif4a1	4248.9	4603.7	4314.7	4290.3	4906.2	4758.6	4275.5	5031.8	6041.2	5971.2	6230.3	6317.5	6028.6	6625.7	6399.5	6715.3	5964.1	6273.2	6301.4	7829.8	1554	1541.7	2148.5	2166.4
Rgs3	40.9	40.2	66.4	100	11.4	13.7	31	24.5	15.4	40.8	47.9	9.8	4	60.2	32	27.3	7.3	27.6	111.8	91.1	123.3	119	27.5	14.9
Atl2	462	354.9	548.5	419.5	603.4	418.7	354.6	550.3	877	820.6	735.1	620.9	338.4	767.3	537.4	641.6	453.1	411.8	437.5	547.6	810.8	825.3	915.9	856.1
AU019823	776.9	826.2	636	542.3	1081.8	943.2	526.4	650.1	962.2	555.2	762.8	843.7	545.9	738	908.8	523.2	989.8	1023	877.4	963.2	292.8	223.9	263.7	359.1
Dbp	50.4	286.1	103.1	111.9	57.9	39.8	228.8	69.5	54.4	85.7	80	8.9	25.5	2.9	52.4	124.5	76.3	133.9	108.2	196.2	133.7	105.7	77.8	46.6
Sclt1	444.1	448.6	358.6	407.5	463.3	337.7	495.5	529.7	502.1	404.2	531.7	190.6	901	416.7	337.9	388.6	368.3	296.9	506.5	270.6	318.3	260	199.3	253.7
Rpl13-ps3	26.2	13.2	88.2	85.9	13.6	24.7	154.8	95	7.2	36.7	139.8	192.4	58.3	121	94.7	170	4.8	14.6	156.9	51.3	2.4	3.1	2	1.9
Zfp874b	305.5	395.9	186.4	391.2	195.9	307.5	216.8	244.8	245.4	181	152.6	63.5	276.1	281	174.8	144.7	316.2	171.7	202.1	182.1	50.9	34.5	55	65.4
Suv420h2	190	106.8	237.2	239.1	118.7	197.7	206.8	179.2	129.4	175.5	354.5	491.2	285.7	199.5	123.8	453.4	129.6	91.7	323.4	80.8	965.2	878.5	1419.8	1074.1
Kcng2	0	0	0	15.2	0	0	0	25.5	19.5	50.4	36.6	48.3	0	37.4	8.7	6.1	35.1	0	1.2	10.3	20.7	35.2	174.5	189.6
Tnip2	492.4	644.7	302.8	343.4	594.9	307.5	363.6	264.4	282.4	269.4	179.5	269.3	206.7	320.6	138.4	253	272.6	173.2	355.5	233.4	145.6	183.2	173.8	126.2
Zfp422	1138.1	839.4	1325	1105.2	1412.8	1473.2	1097.8	1348.3	1754.9	1314.5	1070.2	744.4	1869.1	1687.2	1867.1	1425.8	2369.7	1618.1	1822.7	1922.5	2966.4	2761.6	2656.4	2467.9
Irak4	590	853.3	461	615.1	414.7	446.2	514.5	522.9	774.3	396	652.1	537.7	1056.6	696.9	706.4	764	734.2	472.9	668.2	492.5	339	321	654.2	651.6
Ube4a	60.9	267.8	134.1	175	103	174.4	172.8	228.1	172.5	179.6	283.4	378.5	182.8	131.3	176.2	235.8	159.9	110.6	154.6	33.3	629.4	537.9	307.3	506
Ptp4a3	523.9	595.7	830.2	654.2	669.2	589	553.4	965.4	696.2	890	1049.2	1613.1	758.2	515.7	514.1	758	858.9	1266	1240.1	1545.4	8196.5	8259.9	1746.6	1652.6
Zfp930	233.1	70.3	62.8	38	0	119.4	47.9	15.7	0	8.2	17.9	0.9	35.1	0	65.5	8.1	134.5	11.6	93.9	61.6	86.7	55.6	129.5	135.2
Tmem40	606.8	450	623.3	553.1	616.3	939.1	763.2	471.9	455.9	519.8	668.6	677.3	494.8	275.1	339.3	258	319.8	215.4	155.8	66.7	40.6	30.5	275.8	342.3
4930453N24Rik	442	498.3	348	429.3	554.1	363.8	507.5	342.7	688	589.2	338.8	310.5	531.5	677.1	444.2	528.2	369.5	401.6	435.2	392.5	422.5	443.2	627.4	480.8
Grb2	3076.2	2799.1	3411.8	3273.2	3416.2	4096.8	3012.8	3909.7	3919.6	4693.4	5107.8	5216.1	3821.9	3935.7	4188.7	4711.7	3015.4	3103.8	3394.4	3511.6	2356.9	2313	2015.6	2012.4
9430015G10Rik	236.2	330.8	362.9	501	363.9	540.9	383.6	347.6	373.8	526.6	456.2	369.5	189.1	259	353.9	523.2	419.2	403.1	381.7	348.8	373.2	348.4	312	361.7
Hspa2	110.2	95.9	56.5	85.9	266.7	201.8	123.9	148.8	141.7	112.9	187.7	417.8	154.8	161.4	45.1	45.5	29.1	36.4	28.5	85.9	335.8	421.3	594.5	716.3
Zfp74	574.3	278.1	461.7	298.8	582	200.4	213.8	228.1	408.7	345.6	249.8	457.2	184.4	173.1	170.4	180.1	378	167.3	359.1	363	165.5	175.4	168.4	144.9
Taok2	1007.9	1279.2	823.1	1059.5	1242.6	885.5	962	1144.6	1180.9	862.8	1245.2	1085.3	1403	898.6	1026.8	1054.5	788.7	803.2	1033.2	878.5	938.9	982.7	443.5	535.1
Fcrl1	0	0	0	0	0	0	0	2.9	0	51.7	0	0	19.2	0	51	14.2	156.3	2.9	91.5	77	171.1	160.5	26.2	5.8
Atxn7l3	1425.7	1236.7	1356.8	993.3	1066.7	1448.4	1353.6	944.9	1329.8	979.8	1185.3	1524.6	1114.9	1281.6	1140.4	1162.7	1528.9	954.6	1544.4	878.5	385.1	438.5	208.7	212.2
Chpt1	325.5	436.1	429.9	485.8	391.1	152.4	375.6	353.5	154	430	169.8	236.2	565	365.3	262.2	357.2	202.3	429.3	298.4	351.4	233.9	206.7	943.4	870.3
Kif13b	157.5	169	12.7	121.7	223.1	75.5	22	39.2	83.2	55.8	180.2	85.9	111.7	187.8	85.9	206.4	66.6	139.7	128.4	98.8	180.6	144.9	84.5	33
Gm10073	17527.9	9686.6	8626.5	7732	7847.6	6001.1	4294.5	4347.4	6359.5	5201	6348.4	9066	6669.4	7503.8	5227.1	8585.4	7586.3	6452.1	7644.9	20798.8	9.5	7.8	8.1	3.9
H2afj	474.5	437.6	372.7	323.8	295.3	745.5	637.3	393.6	918	491.3	693.2	633.4	360.7	562.7	633.5	452.3	364.7	817.8	407.8	770.8	547.4	482.3	856.8	732.5
Rpl3	12818.1	11031.7	11393.8	10552	10125.5	11583.4	12401.9	9289.1	11594.6	11123.3	11287.9	11658	10666.1	11289.8	11115.4	10075	13529.8	12825.7	11913.2	13538.4	899.1	909.1	1219.2	1218.4
Dhps	86.1	143.4	109.4	100	180.2	245.8	121.9	170.4	127.3	289.9	254.3	74.3	217.1	121.8	173.3	132.6	179.3	225.5	156.9	210.3	354.9	379	357.6	348.1
Tmem26	0	2.2	19.1	6.5	48.6	46.7	0	6.9	11.3	17.7	26.9	0	0	13.9	0	0	0	0	2.4	12.8	70	56.4	129.5	33.6
Alox5ap	1843.6	2178.5	3062.3	2989.6	2573.9	2126.7	3581.2	2892.4	1686.1	2498.5	2667.6	3664.7	2445.3	1926.4	2553.1	3060.1	1848.7	3729.6	3140	2690.7	689.9	707.8	1407.7	1204.2
Psma3	1827.9	1923.1	1961.8	2038.7	2518.9	2232.4	2224.6	2067.9	2413.2	2314.7	1838.9	1760.8	1839.5	1957.9	2209.4	1924.7	3160.7	2655.7	1980.8	1621.1	296	278	375.7	336.5
Rp2	416.8	208.6	372	268.4	484.8	509.4	384.6	379.9	224.9	295.3	213.9	197.7	334.4	454.8	588.4	515.1	318.6	747.9	669.4	465.6	700.2	642.8	1118.5	1128.5
Prmt7	133.3	201.2	196.2	108.7	266.7	188.1	230.8	273.2	285.5	215	331.3	327.5	316	145.2	215.6	219.6	249.6	133.9	162.9	220.6	1413.2	1394.5	2598	2691.2
Gemin2	294	368.1	372	355.4	223.1	575.3	438.5	379.9	301.9	472.2	368.7	297.9	104.5	396.9	230.1	240.8	203.5	392.9	291.3	391.2	284.1	288.1	337.5	279.5
Tpt1	15956.2	15109.2	21252.9	18987.1	14072.9	15074.8	20825.9	16614	14450.3	18202.2	17256.5	24520.2	16872.7	12014.6	16269.7	15446.5	14010.7	20805.7	17224.2	16249.6	159.9	145.6	143.6	126.8
Atp8b4	23.1	0.7	103.1	1.1	63.6	0	199.8	128.3	481.6	183.7	100.2	554.7	1135.6	2512.5	952.5	1117.2	1375	823.6	1037.9	1104.3	819.6	822.2	6687.6	6904.9
Gm10076	3498.2	2019.7	1946.3	2089.8	2492.4	3744	3030.8	1499.1	5200.2	1796.3	3387	3432.1	2894.6	4334.7	2446.8	2063.4	4303.2	1603.6	2105.6	1795.5	24.7	18	24.8	23.9
Serpinb6a	963.8	855.5	909.2	731.4	531.9	468.2	546.4	337.8	156.1	464	581.8	386.5	224.3	168	356.8	323.8	407.1	273.6	453	245	308.7	295.2	169.8	67.9
BC002059	454.6	361.5	434.9	280.4	116.5	282.8	209.8	209.5	173.5	249	159.3	173.6	187.5	151.1	298.6	301.6	330.7	372.5	322.2	179.6	49.3	43.1	81.2	104.8
Pop5	217.3	206.4	257	135.8	336	195	482.5	166.5	164.3	200	138.4	459	106.1	200.3	276.7	179.1	106.6	168.8	136.7	203.9	310.3	338.3	355.6	351.4
Zdhhc8	462	324.9	413	408.6	495.5	243	169.8	236	308.1	314.3	222.9	102.9	513.2	281.7	221.4	354.2	529.4	488.9	445.9	445	797.3	833.9	169.1	163.1
Slc35e3	86.1	49	73.4	31.5	74.4	42.6	134.9	32.3	0	66.7	60.6	86.8	94.2	88	30.6	120.4	54.5	13.1	58.3	91.1	304	348.4	319.4	312.5
Zfp462	87.1	163.2	97.4	44.6	253.1	137.3	104.9	91.1	180.7	134.7	76.3	89.5	115.7	113	94.7	45.5	18.2	33.5	15.5	25.7	0	0	0	9.1
Arrb2	495.5	483.7	468	490.1	573.4	501.1	1135.8	527.8	1205.6	819.2	1106.8	994	782.1	897.9	533	621.3	804.4	576.2	1196.1	1028.6	817.2	894.2	760.2	752.5
Pyroxd2	0	68.8	71.3	58.7	0	0	39	16.6	0	50.4	24.7	61.7	0	0	5.8	22.3	0	7.3	0	11.5	0.8	0	110	108.1
Casc4	502.9	547.4	315.6	494.5	190.9	573.9	252.7	374	461.1	262.6	193.7	130.6	395	373.4	278.2	209.5	305.3	285.2	177.2	260.4	273.7	211.4	59.7	68.6
Alyref2	15.7	69.5	38.8	46.7	92.2	75.5	40	39.2	35.9	93.9	161.5	94.8	194.7	47.7	161.7	87	100.6	112	124.8	89.8	155.2	130.8	108.7	103.5
Pwwp2b	24.1	32.2	38.8	67.4	60.8	74.1	34	63.6	47.2	40.8	36.6	17.9	32.7	32.3	27.7	13.2	8.5	16	30.9	5.1	145.6	122.9	191.9	139.8
Gtf2i	4774.9	4521	4144.5	4380.5	4579.4	3551.8	4745	3548.4	3018	3129.9	4125.1	5294	4173.9	3783.1	3853.7	3524.6	3610.2	3210.1	4106.6	3491	1379	1416.5	1099.7	971.9
Nrg2	0	0	4.9	25	0	4.1	0	5.9	0	0	0	0	0	69	16	0	12.1	0	0	69.3	101.1	107.3	799.8	673
Ap2a1	120.7	213.7	122.8	211.9	123	138.7	54.9	241.8	164.3	134.7	183.2	204	128.5	99.8	150	124.5	113.9	136.8	107	148.8	1527	1325.6	1110.5	1380.2
Ppih	565.9	663.7	746.9	959.6	802.9	757.9	1150.8	1068.2	605.9	1294.1	1439.6	2281.5	861.1	1302.1	1510.3	1534.1	1012.8	1191.8	972.6	810.6	156.8	140.9	174.5	161.8
2610008E11Rik	343.3	307.4	415.1	213	516.9	432.5	224.8	265.3	374.8	151.1	183.2	184.3	252.2	296.4	289.8	281.3	359.8	126.6	294.9	161.6	188.6	188.7	100.6	155.3
Zfp941	373.8	101.7	254.1	97.8	157.3	173	41	113.6	45.2	40.8	31.4	37.6	23.1	77.8	61.2	23.3	78.7	0	58.3	34.6	9.5	7	13.4	25.2
Hnrnpc	6619.6	7052.2	5212.6	5398.8	6265.3	6349.8	5457.2	7225	7658.5	7786.6	9243.3	8636.6	7080.4	7726.1	7456.9	8722	6962.4	5614	8014.7	7645.2	4335	4185.9	5753	5503.3
Bckdha	198.4	227.6	153.2	184.7	231.7	247.1	239.7	210.5	134.5	179.6	260.2	197.7	347.2	193.7	222.8	166	243.5	261.9	330.5	265.5	223.6	207.5	342.2	317.1
Rpl36a-ps1	4416.9	3206.7	3370.1	3680.7	3061.5	2301	1910	2309.8	2054.8	2125.6	3793.8	4334.8	2820.4	2909.4	2135.1	4762.3	2609.5	2168.2	3810.6	4976.2	0	0	0	0
Zfp128	76.6	90.7	85.4	51.1	33.6	0	73.9	25.5	0	107.5	39.6	38.5	109.3	96.1	129.6	92.1	119.9	78.6	49.9	18	65.2	68.1	106	183.8
Rps16-ps2	2655.2	2574.4	3119.5	3206.9	2927.1	2700.6	2949.9	2262.8	2974.9	2973.4	3212.7	3334.6	2735	3073	3226	3544.9	2913.6	2986	3715.5	4554.3	23.9	29	47	38.8
Zfp868	124.9	185.9	112.2	180.4	60.8	260.9	138.9	157.6	80.1	100.7	160	103.8	41.5	181.2	170.4	261.1	207.2	154.2	227.1	134.7	208.5	234.9	242.9	216.1
Sntb1	0	0	0.7	2.2	0	0	15	12.7	0	1.4	12.7	41.2	0	0	0	7.1	0	53.8	20.2	0	117.8	137.8	92.6	123.6
Rps10-ps1	538.6	459.6	514.6	353.2	360.3	502.5	741.2	298.6	480.6	774.3	130.1	134.2	360.7	276.6	541.8	157.9	378	615.5	158.1	393.7	25.5	14.1	37.6	25.2
Trim5	521.8	319.8	277.4	293.4	261.7	241.6	433.5	244.8	81.1	230	288.7	59.9	50.3	159.9	349.5	252	330.7	374	340	447.6	76.4	72	21.5	25.2
Rnf14	1855.2	1656.8	1471.9	1442.1	1117.5	1315.3	1320.6	1267	1146	868.2	1032	1419.9	1225	1126.1	885.5	922.9	1270.8	1071	1203.2	1091.4	1078.2	1037.5	1034	946
Adgrg3	268.8	338.8	215.3	179.3	264.5	271.8	237.7	409.3	874.9	1194.8	955.7	1223.1	1977.6	1312.4	1449.1	1594.8	2105.5	2222	2575.3	2860	2978.3	3152.4	4448.6	4270
Wtap	1083.5	1089.6	1134.4	1122.6	1225.5	845.7	1287.6	988.9	1584.5	1091.4	1721.5	1199.8	933.7	1130.5	1450.6	1490.6	1321.7	1222.3	1320.9	1595.5	298.4	289.7	350.9	312.5
Irak2	133.3	125.1	140.5	158.7	82.9	64.5	121.9	86.2	51.3	73.5	58.3	86.8	174	62.4	68.5	41.5	23	50.9	45.2	139.8	288	263.1	320.7	327.4
Zfp266	825.2	930.1	736.3	657.5	986.7	1383.9	933	832.3	879	681.8	428.5	212.9	1231.4	1159.1	1045.7	555.6	822.6	1348.9	702.7	645.1	564.2	535.6	482.4	539.7
0610040J01Rik	0	13.2	0	0	0	0	0	5.9	0	0	0	0	0	0	0	0	2.4	0	0	0	13.5	13.3	365	322.9
Tor3a	447.3	702.5	650.2	782.4	312.4	484.6	738.2	616.9	188.9	381	415.1	352.5	504.4	546.5	586.9	530.3	556.1	432.2	519.6	565.6	833.1	809.6	1762	2117.2
Tmem219	563.8	202	453.2	491.2	254.5	204.6	512.5	492.5	146.8	333.4	589.3	1045.9	351.1	446.8	511.2	517.1	317.4	337.6	797.8	451.5	305.5	333.6	274.4	252.4
Tnfrsf19	0	0	0	0	84.4	0	4	8.8	0	74.8	0	10.7	0	0	10.2	17.2	0	0	10.7	120.6	239.5	252.1	0	0
H2-Q7	6329.8	4122.1	6171.3	5642.2	4889.7	4088.6	4485.2	4865.3	4174.3	4705.7	5423.4	6293.3	2734.2	3018	3641.1	4639.8	3516.9	3258.1	3802.2	4767.2	1746.6	1768	236.9	258.2
H2-Eb1	158.5	49.8	254.1	260.8	32.2	100.2	321.7	206.6	7.2	53.1	95	36.7	46.3	38.1	52.4	39.5	106.6	630.1	88	568.2	2989.5	3067	26.8	21.4
Ifitm2	696.1	709.8	1015.1	762.9	959.5	819.6	680.3	662.9	822.5	979.8	1018.6	1310.7	699.9	908.2	827.2	1356	495.5	747.9	878.6	809.3	1088.5	1191.7	3042.2	2746.2
Layn	96.6	41.7	36	50	0	49.4	101.9	21.5	41.1	34	61.3	0	0	26.4	64.1	8.1	6.1	24.7	116.5	23.1	22.3	18.8	106	89.3
Eno3	132.3	221.7	132.7	114.1	72.2	26.1	67.9	59.7	49.3	88.5	113.7	203.1	27.9	121.8	64.1	189.2	153.9	302.7	145.1	218	90.7	78.3	112.1	72.5
Nr1h2	415.8	161	337.4	310.8	192.3	344.6	248.7	203.7	310.1	360.6	305.9	221	286.5	213.5	185	225.7	242.3	256.1	274.6	339.9	1609.7	1693.6	1431.9	1605.4
Rpl35a	12568.2	11324.4	20480.6	19388.1	12698	11778.4	18890	14292.4	10689.9	15375.8	17246.7	15779.9	11166.5	12171.6	15969.7	15600.3	12481.9	14563.2	21592.4	18146.5	363.6	351.6	649.5	544.2
Hist1h4i	179.5	191.7	260.5	155.4	609.2	575.3	675.3	297.7	683.9	577	853.3	1291.1	486.8	468.8	367	745.8	422.8	605.3	612.3	547.6	96.3	79.9	66.4	46.6
Marf1	371.7	390	258.4	357.5	442.6	351.5	137.9	271.2	295.7	201.4	483.1	348.9	351.1	407.9	244.7	485.7	556.1	353.6	487.5	243.7	102.6	98.7	41.6	37.5
Atp8b2	232	315.4	114.4	83.7	213.1	255.4	92.9	85.2	124.3	15	75.5	89.5	104.5	121	80.1	115.4	147.8	68.4	121.3	170.6	1342.3	1466.6	449.6	535.1
Pla2g16	1853.1	1404.3	1107.6	1312.8	1360.6	1032.4	1027.9	785.3	784.5	849.1	771	680	1217.1	762.2	870.9	849	812.9	874.5	974.9	928.6	315.9	303.8	171.8	127.5
Hist1h4c	14.7	100.3	100.2	71.7	156.6	83.7	65.9	62.7	321.4	77.6	75.5	193.3	143.7	24.2	36.4	112.3	61.8	50.9	33.3	42.3	16.7	18.8	6	5.8
Mrps9	620.5	395.9	751.8	645.5	363.2	775.7	694.3	639.4	657.2	715.8	836.8	663	551.5	303.7	419.4	803.5	880.7	1004.1	703.9	479.7	631.8	635	659.6	761
Slc9a6	465.1	387.1	602.2	390.1	254.5	554.7	479.5	308.4	291.6	239.5	375.4	389.2	415	214.9	351	256	277.4	133.9	372.1	220.6	173.5	182.4	330.8	314.5
Cd302	29.4	20.5	19.1	1.1	0	0	12	32.3	61.6	16.3	59.1	0	32.7	5.1	91.8	4	40	8.7	2.4	15.4	54.9	76.7	102.7	72.5
Bloc1s4	574.3	283.2	329.7	480.3	336	605.5	411.6	195.8	286.5	345.6	305.1	455.4	225.1	350.7	294.2	302.6	324.7	388.5	388.8	364.2	318.3	351.6	393.9	456.8
Gm10086	302.4	171.2	158.8	208.6	191.6	157.9	129.9	165.5	272.1	330.7	136.9	136.9	170.8	395.4	246.1	166	198.7	227	221.1	368.1	15.1	11.7	15.4	15.5
Ipmk	436.8	480.1	459.6	512.9	346.8	409.1	811.1	518.9	443.6	495.3	775.5	435.7	430.2	687.4	693.3	422	627.5	419.1	532.6	522	618.3	577.9	1205.1	998.4
Nsa2	5452.1	7012.7	4403.6	6089.9	4761	4576	3596.2	4686.1	4288.3	4709.8	4852	6705.8	5995.1	4642.8	4513.4	5421	6091.3	5385.5	6140.9	6107.4	136.9	141.7	185.2	159.2
H3f3a	5041.6	3440.9	5887.5	4940.2	4500.1	5026.3	8292.2	6146	6346.2	8774.5	5367.3	3149.4	5647.1	5748.4	8700.7	6331.8	6291.2	8345.3	6800.8	7675.9	1022.5	1082.1	925.9	798.5
Tsga10	139.6	125.9	67.8	147.8	64.3	60.4	47.9	84.2	12.3	87.1	74	148.5	52.7	125.4	104.9	115.4	168.4	78.6	133.2	114.1	168.7	151.9	98	110
Gmfg	1941.2	1530.2	1400.6	1092.1	2722.6	2123.9	2273.6	1410	2580.6	2548.8	2140.3	2820.1	2820.4	3599	2350.7	2334.6	3716.8	3605.9	2788.1	2758.7	1131.5	1122.8	906.5	876.1
Intu	72.4	16.8	35.3	95.6	70.8	45.3	72.9	91.1	111.9	64	68.8	22.4	116.5	49.2	61.2	44.5	99.3	123.7	140.3	46.2	76.4	86.1	43.6	58.2
B2m	21261.3	19878.2	22486.8	19125.1	19894.2	23680.4	21917.8	18025.9	19067.2	17516.4	10839.2	12360.3	16041.1	18668.2	17232.4	12133.3	21185.1	19181.8	12536.2	19122.5	20196.5	20703.3	19385.2	18431.2
Gstp1	149.1	89.3	57.9	36.9	162.3	142.8	175.8	86.2	145.8	118.4	169.8	35.8	113.3	224.5	171.9	83	209.6	87.3	69	71.8	877.7	884.8	714.6	636.1
Ube2s	189	177.1	69.9	97.8	174.5	164.8	70.9	141	202.3	122.5	328.3	294.4	88.6	94.6	107.8	359.2	149	133.9	168.8	124.4	382.7	368	138.9	102.2
Zbtb40	194.2	312.5	191.3	127.1	120.1	153.8	60.9	258.5	558.6	220.5	114.4	466.1	49.5	143.8	259.2	183.2	63	119.3	166.5	392.5	178.2	107.3	152.3	143.6
Arl1	748.6	889.9	665	552.1	947.3	1180.7	729.2	630.6	481.6	777	424.8	314.9	917	880.3	935	550.5	774.1	641.7	491	600.2	919	877	1401.7	1510.3
Tmem263	618.4	638.1	628.3	731.4	339.6	528.6	1139.8	820.5	786.6	862.8	905.6	860.7	612.1	330.1	686	794.4	674.8	781.4	612.3	483.5	514.8	513.6	895.1	710.5
Rpl26	27643.6	25379.1	18984	19230.5	18389.9	19558.8	16642.4	13589.4	20090	16333.8	15963.4	21695.6	20011.5	19191.3	14101.1	15107.5	19745.9	16322.4	17501.3	26427.8	617.5	581.8	874.3	795.2
Trmt61a	280.3	395.2	397.4	533.6	574.1	384.4	597.4	375	374.8	541.6	356.7	627.2	275.3	287.6	611.7	333.9	457.9	340.5	625.4	357.8	368.4	404	439.5	390.8
Dmkn	0	0	0	0	0	0	50.9	26.4	0	0	0	0	0.8	0	14.6	26.3	0	0	0	73.1	11.1	7	748.8	695
Copz1	753.8	927.9	1760.6	1654	939.5	893.8	2118.8	1546.1	1271.3	1747.3	1758.2	3112.7	1193.1	947.8	1597.7	1848.8	760.8	947.3	1882.1	1573.7	3520.2	3348.9	4896.1	5113.8
Rrs1	1001.6	1180.4	1183.9	1079.1	1441.4	1510.2	1197.7	1403.1	1581.4	1826.2	1198	936.8	1988	1523.7	1672	1086.8	1436.8	1046.3	873.9	1337.7	1139.4	1100.9	1956.6	1937.3
Clasrp	730.7	261.2	399.6	364	451.1	450.3	189.8	244.8	169.4	189.2	372.4	259.5	232.2	246.5	377.2	359.2	306.5	385.6	354.3	529.7	479	545.8	246.9	219.4
Rrp1	1237.8	1388.9	1090.7	712.9	1347	1007.7	900	937	1310.3	913.1	1092.6	1502.2	932.1	1066.6	751.5	1315.5	1264.8	816.3	920.2	1203	4797.3	4686.3	3747.4	3588.7
Haghl	171.1	159.5	242.8	203.2	91.5	188.1	248.7	196.8	134.5	234.1	169.8	198.6	197.9	278	37.9	324.8	184.1	128.1	206.9	177	323.1	326.5	191.9	143
Zfp143	207.9	212.2	307.1	260.8	286	241.6	241.7	224.2	319.4	473.6	331.3	511.8	375.1	225.2	193.7	197.3	292	356.5	255.6	232.1	457.5	525.4	340.2	359.8
Myl4	26.2	62.2	12.7	28.3	11.4	0	40	63.6	0	38.1	0	0	16.8	0	10.2	32.4	13.3	36.4	11.9	164.2	339	337.5	12.1	5.8
Fam195b	438.9	529.8	622.6	476	424	435.2	638.3	539.5	471.3	581.1	712.7	692.5	417.4	309.6	378.7	633.5	424	512.2	653.9	720.8	1540.5	1716.3	1645.2	1459.1
Dnajc30	212.1	94.4	201.2	328.2	183	186.7	278.7	183.1	235.2	363.3	212.4	231.7	137.3	162.9	179.1	216.6	181.7	257.6	218.8	166.7	107.4	116.7	114.1	129.4
Prcp	704.5	335.2	621.9	636.8	445.4	462.7	440.5	509.2	469.3	404.2	127.1	212.9	489.2	296.4	291.3	299.5	405.8	516.6	322.2	364.2	755.1	812.8	765.6	619.2
Ppm1b	1070.9	1014.3	1013	1262.8	745.7	874.6	918	1235.7	1506.4	1362.2	1370	1871.7	1046.3	1265.4	1354.5	1210.3	1337.5	1172.9	1381.6	845.2	642.9	671.8	643.5	590.1
Blnk	1	7.3	10.6	0	15	0	5	79.3	139.7	57.2	44.1	77.8	4	0	4.4	4	112.7	132.4	71.3	227	5724.3	5425.4	0	9.7
Prpf40a	4435.8	5156.2	3674.4	4672.9	5399.5	4731.1	4129.6	5093.5	5962.1	5764.4	5520.6	5142.7	5328.7	5649.3	5796.6	5768.1	6337.2	5212.4	6132.6	5659.8	2401.4	2472.7	2241.1	2306.2
Maml3	652	191.7	290.1	401	474	411.9	323.7	456.3	542.2	417.8	413.6	299.7	850.7	787.9	461.7	571.8	1339.9	1178.7	1005.8	884.9	763.1	783	87.2	84.8
Fnip2	220.5	233.4	249.9	398.8	351.8	218.3	233.8	327	393.3	351.1	360.5	337.3	369.5	309.6	431.1	349.1	181.7	419.1	220	180.8	93.9	76	114.1	105.5
Sfmbt2	169	129.5	240.7	203.2	52.2	5.5	127.9	83.2	42.1	32.7	41.9	45.6	139.7	69	59.7	65.8	227.8	42.2	146.2	121.8	34.2	27.4	15.4	40.8
Stk19	762.2	457.4	506.2	537.9	582	278.7	442.5	364.2	483.7	280.3	451.7	816.9	632.9	407.1	474.8	653.7	590	289.6	582.6	579.7	233.1	256.8	187.2	155.3
H2-K1	26033.1	21019.1	31212.9	27516.7	20323.9	18807.8	21040.7	20132	16278.2	20344.1	19780.4	24038.9	15050.7	16243	18033.4	22136.5	16438.5	18762.7	20081.3	19343.1	17910.5	18339.5	12991.5	12226.4
Gm9104	117.6	144.2	48.7	44.6	66.5	111.2	47.9	52.9	29.8	58.5	23.9	17.9	43.1	23.5	58.3	27.3	80	46.6	45.2	47.5	0	0	0	0
Exoc5	918.7	725.2	961.5	631.4	832.9	547.8	898	958.6	711.6	1256	1232.4	1026.2	710.3	941.9	1000.6	902.7	717.2	897.8	671.8	946.5	934.2	835.5	1135.3	1450.7
Gm14173	148	80.5	57.9	73.9	103.7	98.9	64.9	50.9	146.8	54.4	50.9	83.2	117.3	66.8	36.4	139.6	76.3	50.9	53.5	295	0	0	0	0
Mmgt1	232	357.8	252.7	244.5	467.6	549.2	174.8	284.9	478.5	277.6	600.5	587.8	500.4	652.9	505.4	445.3	370.7	115	375.7	451.5	572.1	530.1	789.1	961.5
Exosc5	317.1	417.1	457.4	298.8	479	413.3	498.5	433.8	413.8	606.9	540.7	1109.4	712.7	946.3	592.8	760	430.1	547.1	674.1	715.7	1476	1567.6	2398.7	2152.2
Taok3	1249.4	1451.1	823.1	1446.4	1344.9	1690.1	1268.7	1733.1	3517.1	2388.2	2999.6	2503.4	1881.8	1696.8	2076.9	1501.7	1346	1116.1	1276.9	1509.5	1842	2049.1	1870.7	1892
Slc38a10	403.2	389.3	312	446.6	567.7	295.2	149.8	285.9	550.4	333.4	422.5	502.8	355.9	501.8	333.5	556.6	455.5	344.9	355.5	357.8	3242.5	3257.3	3025.4	3613.9
Rag1	0	0	0	17.4	0	0	0	109.7	117.1	29.9	1.5	0	0	0	18.9	10.1	147.8	101.9	126	66.7	390.7	388.4	1.3	2.6
Ddhd2	1169.6	1061.1	1049.7	1068.2	1177.6	749.6	805.1	835.2	701.4	849.1	1017.8	921.5	976.8	566.3	619	881.4	728.1	1011.3	645.6	641.3	144.8	199.7	175.8	254.3
Naca	7365	5915	5106	4176.2	5729.8	5920.1	6617	4230.8	5781.4	4772.4	4033.1	7109.3	5608.8	5364.7	4844.1	3778.6	6149.5	5109	4501.3	6307.5	509.2	482.3	665.6	646.4
Gm11361	532.3	606.7	450.4	348.8	443.3	311.7	238.7	295.7	474.4	465.4	505.5	402.6	358.3	426.9	330.6	339	425.2	353.6	445.9	642.5	4	0.8	0.7	0
Cxcl12	257.2	93.7	329	165.2	340.3	81	856.1	341.7	81.1	601.5	173.5	613.8	51.1	110.8	224.3	58.7	7.3	75.7	35.7	1011.9	26.3	9.4	28.9	0
Phf5a	1809	1176.7	1322.2	1433.4	1855.4	1344.1	2021.9	1745.8	2262.2	1966.4	2429	2588.4	2262.5	2159.7	2215.2	2730.3	1663.4	1255.8	2011.7	3133.2	1024.9	973.3	1309.7	1302.6
Zfp873	13.6	46.1	24.7	0	0	31.6	0	13.7	54.4	0	0	0	31.9	33	0	5.1	49.7	75.7	22.6	5.1	61.3	80.6	80.5	98.4
Fiz1	421	389.3	432	403.2	395.4	329.5	473.5	409.3	495	555.2	605.8	215.6	577.8	514.2	501	435.1	742.6	277.9	390	723.3	1012.1	1061	1227.9	1201.6
Acvr2b	36.7	217.3	60	29.3	90.8	178.5	47	79.3	56.5	25.9	23.9	0.9	224.3	50.6	96.1	43.5	185.4	69.8	48.7	65.4	72.4	68.9	36.9	18.1
Zcchc14	111.3	251	69.2	29.3	43.6	12.4	0	2.9	14.4	16.3	3	0	0	0	16	14.2	4.8	0	0	9	3.2	8.6	0	0.6
Nol4l	406.3	469.1	803.4	742.2	686.4	317.1	956	593.4	867.7	541.6	1288.5	1663.3	348.8	328.6	380.1	206.4	152.6	328.9	235.4	186	44.6	48.5	13.4	9.1
Cracr2a	0	0	0	0	0	0	0	0	0	0	0	0	0	0	0	0	0	0	0	0	85.9	91.6	24.2	21.4
Hipk2	870.4	1021.6	665	693.3	780	648	362.6	651.1	926.3	491.3	688	536.8	375.9	815	466.1	724.6	614.2	328.9	426.8	614.3	745.6	659.3	438.1	419.9
Stx17	376.9	368.8	397.4	384.7	313.9	418.7	162.8	386.8	413.8	178.3	323.1	221.9	344.8	374.1	388.9	261.1	321	170.3	367.4	302.7	311.1	264.7	330.8	348.8
Nol10	332.8	189.5	315.6	424.9	504.1	335	342.6	650.1	326.5	925.4	563.9	796.3	366.3	435.7	509.7	608.2	461.6	592.2	696.7	697.7	405	401.7	361.7	264.7
Smim20	491.3	436.1	511.1	427.1	372.5	470.9	556.4	407.3	513.4	325.2	465.2	289	237	198.8	228.7	367.3	449.5	353.6	510.1	380.9	837.1	877.7	899.8	755.1
Obscn	112.3	129.5	225.9	280.4	85.1	215.6	56.9	64.6	0	1.4	31.4	24.2	0	0.7	0	0	0	0	0	1.3	46.2	42.3	0	0
Rps7	26242	23068.1	24577.8	23037.3	19930.7	21511.1	22365.3	18104.2	19850.7	19352.1	19242.7	26449.2	20890.2	19083.4	18131	19657.2	21740	20919.3	20149	29626.4	69.2	60.3	126.8	109.4
Snrpa	456.7	419.3	438.4	434.7	324.6	380.3	728.2	615.9	580.2	594.7	542.9	748	521.1	635.3	537.4	561.6	381.6	397.3	505.3	675.9	1666.2	1732	1605	1507
Hist1h4d	28.3	133.9	96	70.6	436.9	306.2	201.8	164.5	633.6	268.1	600.5	705	264.2	412.3	166	347.1	334.4	497.7	221.1	68	591.2	573.9	452.2	377.2
Cox5b	2021	1829.5	2194.7	2435.3	2669	2390.3	3642.1	2725.9	3300.4	3724.5	3922.4	4174.7	3015.1	2445	3141.5	2960	2611.9	2571.3	2741.7	3412.8	432.1	379	654.9	542.9
Cep128	139.6	118.5	155.3	171.7	428.3	303.4	180.8	296.7	567.9	483.1	625.2	743.5	516.3	834.8	645.2	644.6	421.6	503.5	676.5	525.8	730.5	665.6	858.2	813.4
Sec22c	65.1	122.9	92.5	189.1	122.3	215.6	223.8	189	397.4	175.5	172.8	311.4	106.9	185.6	199.5	233.8	195	257.6	256.8	139.8	235.5	221.6	352.9	306.1
Zfp229	198.4	142.7	236.5	68.5	42.9	108.5	28	187	76	91.2	6.7	208.5	12	170.2	87.4	129.5	116.3	2.9	46.4	32.1	45.4	39.2	56.4	78.9
Wdr61	1584.3	1870.4	1659.7	1474.7	1971.9	2324.4	1456.5	1366.9	2764.4	1779.9	1878.6	2068.6	1597.7	1982.1	2068.1	2044.1	1945.6	1705.4	1878.5	1740.4	1069.4	1030.4	1904.9	1759.4
Ksr2	76.6	122.2	117.9	68.5	34.3	49.4	0	45	0	0	40.4	0	0	0	8.7	8.1	0	0	25	11.5	3.2	4.7	0	0
Dot1l	1313.4	1833.9	1242.4	1681.1	1687.3	996.7	1868	2009.2	2159.5	2476.7	2618.9	2126.7	2476.4	1674.8	1951.6	1948	2005	1917.9	2061.6	1639.1	645.3	579.4	261	241.4
Mdc1	1355.4	1287.9	692.5	937.8	909.4	759.2	457.5	1055.5	1435.6	1017.9	1307.2	1001.2	788.5	914	601.5	766	709.9	845.4	700.3	822.1	364.4	321.8	236.2	192.2
U2af1	3308.2	2649.8	2978.3	4096.9	2670.4	2187.1	2814	3445.6	3290.1	3109.5	3651.7	5498.8	2953.6	3800.7	3342.5	4104.5	2369.7	2427.2	3740.4	2739.5	307.9	239.6	200.6	202.5
Med9	38.8	133.2	206.8	146.7	132.3	315.8	137.9	141	463.1	191.9	419.5	308.7	355.1	178.3	176.2	96.1	222.9	286.7	167.6	338.6	589.6	569.2	734.7	735.7
Cd2ap	1454.1	1647.3	945.2	1374.7	1256.2	1065.4	574.4	839.1	321.4	665.4	238.6	327.5	899.4	691	754.4	655.7	1534.9	1465.3	1174.7	1382.6	323.9	310.1	22.8	56.9
Gdpd1	11.5	0.7	28.9	58.7	28.6	39.8	54.9	10.8	39	36.7	42.6	85	26.3	0	39.3	0	1.2	109.1	27.3	38.5	79.6	86.9	32.2	25.2
Dlgap4	432.6	354.2	463.1	365.1	198.8	387.2	209.8	262.4	312.2	108.9	89.7	233.5	203.5	311	87.4	140.7	242.3	88.8	338.8	275.7	414.6	397	272.4	193.5
Ext1	102.9	52.7	117.9	142.4	166.6	124.9	117.9	238.9	276.2	381	196.7	30.4	256.2	128.4	118	280.3	149	190.6	148.6	339.9	268.9	305.4	232.8	257.5
Kalrn	159.6	197.6	164.5	114.1	115.8	163.4	45	38.2	90.4	121.1	147.3	44.7	39.1	39.6	67	48.6	116.3	13.1	59.4	57.7	60.5	42.3	79.2	71.2
Bod1l	2975.4	3835.3	1924.4	2278.8	2797.7	2561.9	2018.9	2059.1	2234.5	1985.4	2515.7	2248.4	2514.7	3069.3	2605.5	2310.3	2830	2447.6	2800	2693.3	683.5	711	165.7	223.9
Akr1b10	703.4	681.3	482.9	584.7	470.5	654.9	394.6	473.9	431.3	337.5	187.7	347.1	444.5	546.5	556.4	421	730.5	232.8	462.5	301.4	171.1	192.6	425.4	390.2
Armt1	256.2	350.5	196.2	235.8	572	476.4	212.8	232.1	489.8	372.9	413.6	455.4	332	333.8	254.9	360.3	471.3	132.4	342.4	111.6	504.5	509.7	1171.5	1127.8
Mospd2	524.9	376.1	601.5	502.1	281.7	219.7	236.7	312.3	152	251.8	120.4	161	136.5	173.1	345.2	356.2	245.9	209.5	173.6	115.4	93.9	79.9	214	275.7
Rps17	21208.8	20974.4	19396.2	18372	17712.8	20854.9	21637.1	15463.5	20685.6	20342.8	19790.1	22344.3	19557.4	21102.3	18358.2	16574.8	19678	17271.2	18289.5	22417.3	22.3	18	12.1	14.2
Suclg2	1621	1600.4	2573.1	2223.4	1583	1992.1	2219.6	2197.2	2445	2460.3	1677.4	1308.1	1735.8	2136.2	2324.4	2300.2	1568.9	2217.7	2154.4	1358.2	504.5	442.4	721.3	872.3
Gm5805	616.3	554	513.2	644.4	489	418.7	449.5	326.1	481.6	423.2	372.4	402.6	368.7	494.4	393.2	402.8	478.5	486	517.2	561.7	19.1	21.9	20.8	18.8
Inadl	260.4	212.2	254.8	214.1	62.9	160.6	145.8	109.7	0	36.7	1.5	59.9	81.4	143.8	65.5	27.3	110.2	125.1	120.1	24.4	159.9	169.9	30.2	9.7
Ccdc62	55.6	173.4	86.8	68.5	27.9	178.5	132.9	127.3	42.1	27.2	83	17	65.4	52.8	18.9	89.1	33.9	72.8	73.7	56.4	9.5	7	5.4	0
Ssbp3	1518.1	1663.3	1146.4	1074.8	1493.6	845.7	1096.8	1188.7	817.4	943	943	751.5	1034.3	769.5	910.3	886.5	1006.7	1101.5	882.2	931.1	644.5	731.3	532.8	449.7
Zscan20	106	132.5	163.8	157.6	139.4	126.3	193.8	86.2	109.9	136.1	92	230.8	54.3	228.9	91.8	216.6	63	126.6	117.7	77	203.7	178.5	24.2	95.1
Rbak	775.9	375.4	428.5	364	285.3	340.5	268.7	312.3	127.3	220.5	317.1	279.1	303.3	163.6	214.1	353.2	110.2	179	273.5	266.8	106.6	93.2	73.8	173.4
Slc25a3	4525	5324.5	6673.2	6990.8	5005.5	5406.6	7308.3	5387.2	5775.2	6979.6	8703.4	8453.1	6313.5	6736.5	6654.4	8418.4	5358.4	6596.2	7490.3	6934.6	3370.6	3291.7	5077.3	4616.8
Ppp4r1	488.2	462.5	680.5	627	735	436.6	550.4	416.1	285.5	571.5	861.5	354.3	593.8	531.8	514.1	664.9	714.8	739.2	598	725.9	1172.9	1156.5	943.4	912.4
Wbscr16	215.2	287.6	362.1	466.2	302.4	115.3	225.8	312.3	396.4	496.7	334.3	476	343.2	137.9	319	349.1	271.4	314.3	268.7	265.5	525.2	575.5	932.7	861.9
Flot2	223.6	167.6	136.2	202.1	70.1	135.9	130.9	120.4	106.8	112.9	87.5	140.5	151.6	236.2	253.4	132.6	178.1	200.8	148.6	266.8	823.6	840.2	1982.7	2345
Rps12	48242.4	36311.9	52753.7	47622	30416.5	31707.9	54369.4	33903.6	32513.3	43731.1	48044.4	65480.6	35438.1	34181.3	41157	44491.6	35275.8	40869.4	51950.9	42176	11.9	11	10.7	7.1
Rpl34	17016.6	14654.7	18832.2	21849.5	12876	13524.8	17848.1	12864.9	14011.9	16386.9	17882.4	19614.6	12984.5	15021.6	15953.6	18107.9	14662.5	17614.6	19036.2	20175.5	574.5	555.1	898.4	720.8
Hsh2d	61.9	73.2	139.8	108.7	51.5	0	17	102.8	115	15	33.7	87.7	16.8	109.3	84.5	173	77.5	139.7	98.7	106.4	326.2	352.4	163	115.8
Gmfb	880.9	1356.7	1526.9	1446.4	1331.3	1530.8	2291.6	1604.8	1419.2	1555.4	1913.7	1755.4	1703.1	1790.7	1864.2	1757.8	1358.1	1587.6	1593.2	1367.2	1924	1880	1841.2	2189.7
Athl1	487.1	305.9	326.1	175	340.3	170.2	166.8	236	86.3	198.7	171.3	187.9	167.6	246.5	128.2	122.4	350.1	263.4	184.3	278.3	415.4	418.1	261	223.2
Zfp27	90.3	96.6	51.5	145.6	0	49.4	6	82.2	12.3	24.5	51.6	123.5	240.2	228.1	71.4	22.3	83.6	1.5	110.6	87.2	106.6	119.8	114.1	207.7
Iah1	331.8	163.2	272.5	200	180.9	254	485.5	227.2	411.8	293.9	284.2	421.4	310.4	184.9	270.9	195.3	358.6	343.4	261.6	413	207.7	284.2	288.5	271.1
Pgk1	137.5	174.2	215.3	139.1	168	425.6	636.3	238.9	467.2	408.2	421.8	126.2	353.5	398.3	565.1	241.9	258	285.2	375.7	115.4	156	127.6	324.1	318.4
Lmnb2	562.7	729.6	789.2	718.3	712.1	999.5	1140.8	1138.7	2164.7	1228.8	1767.2	2166.1	1221	1161.3	1258.3	1480.5	1246.6	1145.2	1332.8	1336.4	2309.1	2287.9	2291.4	2120.5
Qk	2026.3	2642.5	2004.1	2462.5	2157.1	2497.4	2103.8	2121.8	2411.1	2408.6	2229.3	2216.2	2389.4	3163.2	2535.6	2400.4	2966.9	2473.8	2206.7	2291.9	3150.2	2906.5	2345.7	2036.3
Gm10110	320.2	336.6	222.4	254.3	476.2	189.5	173.8	514	259.8	454.5	509.3	531.5	340	382.9	380.1	528.2	236.2	238.6	497	414.3	1.6	4.7	0.7	3.2
Btbd3	133.3	133.2	275.3	356.4	79.4	236.1	37	173.3	99.6	42.2	174.2	109.2	0	67.5	81.6	84	170.8	315.8	255.6	225.7	176.6	213.8	165.7	84.1
Zfp119b	26.2	110.5	40.2	38	36.5	34.3	133.9	42.1	66.7	5.4	35.1	35.8	45.5	24.2	87.4	54.6	27.9	37.8	23.8	5.1	44.6	36	60.4	86.1
Scfd2	247.8	331.5	319.8	441.2	301	226.5	342.6	209.5	229	216.4	359.7	294.4	126.9	261.2	168.9	293.5	214.4	197.9	243.7	248.8	393.1	359.4	635.4	583.7
Rai1	990	1609.2	1442.2	1607.3	1037.4	1230.1	2717.1	2433.2	998.1	2608.7	684.3	199.5	1778.9	1376.9	2448.2	817.7	1702.1	2970	607.6	951.6	1020.1	1082.9	327.4	248.5
Zfp954	118.6	58.5	114.4	98.9	31.5	81	175.8	103.8	109.9	140.2	91.2	145.8	40.7	124	64.1	129.5	198.7	151.3	152.2	198.8	180.6	149.6	265.7	355.2
Ear6	0	0	16.2	6.5	0	0	20	4.9	0	0	13.5	17.9	0	0	20.4	72.9	30.3	0	103.4	30.8	198.1	206.7	326.1	297.7
Cnih4	434.7	465.4	343.8	422.7	526.9	682.3	615.3	621.8	270.1	519.8	477.9	368.6	324.8	667.6	566.5	513.1	379.2	585	445.9	375.8	394.7	389.9	817.3	638.7
Tgif2	652	479.3	503.3	462.9	652.1	594.5	593.4	521.9	507.3	528	515.3	469.7	723.8	471	486.4	313.7	451.9	499.1	499.4	309.1	19.1	16.4	7.4	10.4
Lancl2	383.2	246.6	305	239.1	268.8	200.4	425.5	316.3	297.8	390.6	374.7	348.9	354.3	471.7	266.5	453.4	311.3	253.2	294.9	350.1	557	564.5	702.5	614.1
2700097O09Rik	246.7	259.1	389.7	398.8	120.8	214.2	365.6	364.2	117.1	370.1	339.5	182.5	103.7	178.3	409.3	467.5	298	363.8	231.8	261.6	69.2	88.5	153.7	196.1
Btbd9	727.6	678.4	640.3	637.9	619.2	679.6	301.7	571.8	581.2	485.8	569.1	400.8	610.5	490	448.6	835.9	504	512.2	624.2	738.7	719.3	592.7	449.6	619.2
Gspt1	1332.3	1736.5	1092.1	1002	1704.5	1732.6	1126.8	1757.5	2285.8	1921.5	1616.1	1715.1	2106.9	2086.3	2015.7	1877.2	1278.1	1526.5	1609.8	1961	2386.3	2154.8	3813.8	3286.5
Tnfaip8	2345.5	2591.3	1514.9	1326.9	1460.7	1150.5	1078.9	1125	1201.5	1192.1	1089.6	1125.5	2170.7	2360.7	1814.7	1439	2595	2224.9	1550.4	1798.1	2352.1	2301.2	3590.4	3582.2
Rapgef2	516.5	644.7	535.1	517.3	601.3	749.6	349.6	570.8	554.5	511.7	337.3	805.2	700.7	474.6	358.3	484.7	765.7	468.6	499.4	533.5	397.9	351.6	214.7	235.5
Gak	974.3	747.9	1348.3	1600.7	561.3	756.5	1013.9	1254.3	1134.7	1130.8	1809.8	2306.5	1023.9	961.7	1182.6	1811.4	913.5	1405.7	1413.7	1371	1959.8	1975.5	1707.6	1858.4
Cks2	298.2	149.3	462.4	285.8	651.3	826.5	1112.8	583.6	1567	1490.1	878	425	593.8	1118.7	1002	558.6	1350.8	1091.4	676.5	383.5	56.5	37.6	46.3	42.1
Morf4l1	2410.5	3739.4	1863	1907.2	2562.5	2629.2	2314.5	2271.6	3294.3	2246.7	2645.9	3437.4	3094.9	2564.6	1979.3	2752.5	2936.6	2354.4	3186.4	3597.5	448	444.7	435.5	381.1
Gm6030	36.7	103.9	74.1	65.2	133	129.1	122.9	132.2	659.3	523.9	499.6	407.1	323.2	722.6	337.9	352.2	331.9	120.8	199.7	636.1	10.3	7	19.5	27.2
Glrp1	154.3	62.2	88.2	71.7	36.5	52.2	162.8	60.7	143.8	53.1	106.2	27.7	93.4	53.6	32	70.8	4.8	68.4	41.6	34.6	4.8	3.9	41.6	29.8
Rpl17	19868.1	17040.4	16669.9	16189.9	16398	18444	18028.9	12625	17527.9	15450.7	7748.4	5377.2	14801.7	14507.3	15009.9	9272.5	18396.3	17096.6	15065.1	14760.6	46.2	36	26.2	21.4
Itgb1bp1	190	146.4	272.5	270.6	380.4	339.1	291.7	276.1	253.6	246.3	275.2	382.9	160.4	161.4	209.7	199.4	172	212.5	173.6	256.5	368.4	433	520	498.9
Gm15772	122.8	229	97.4	159.7	178	244.4	104.9	69.5	165.3	127.9	105.4	83.2	110.9	165.8	148.6	65.8	158.7	69.8	101.1	80.8	0	0	0	0
Tmem65	233.1	143.4	438.4	535.8	246.7	337.7	217.8	354.4	287.5	269.4	332.8	208.5	332.8	263.4	196.6	360.3	295.6	200.8	334.1	366.8	268.9	211.4	453.6	419.9
Borcs7	345.4	422.2	492.7	455.3	268.1	432.5	336.6	477.8	270.1	500.8	313.3	401.7	457.3	333	423.8	401.7	416.7	519.5	479.1	593.8	226	212.2	139.6	157.9
Zfp706	2115.5	2671	4061.9	3337.3	2481	2675.8	4476.3	4187.8	2649.4	3508.2	3643.5	4622	4058.2	4217.4	5116.4	5108.3	4275.3	5384.1	6050.5	5268.6	6197.7	6157.5	8334.2	8062.5
Arf2	222.6	223.9	189.9	85.9	258.8	162	178.8	169.4	251.6	112.9	288.7	306	318.4	107.8	190.8	167	242.3	299.8	92.7	175.7	588.8	563	552.9	563
Rpl9-ps6	391.6	436.1	316.3	249.9	480.5	707.1	895.1	224.2	462.1	563.4	118.9	93.9	510.8	677.8	560.7	160.9	472.5	502	158.1	255.2	10.3	16.4	19.5	6.5
Gm8623	607.9	600.1	636	645.5	886.6	704.3	606.4	437.7	398.4	836.9	598.3	732.8	604.1	810.6	531.6	932	849.2	774.1	771.6	1158.1	0	0	0	0.6
Nsl1	65.1	71.7	112.9	65.2	165.2	427	416.6	158.6	371.7	321.2	616.2	582.5	292.9	236.2	310.2	309.7	461.6	339.1	334.1	300.1	757.5	702.4	625.4	515.1
Zfp398	401.1	393.7	465.2	328.2	478.3	582.1	389.6	595.3	558.6	470.8	411.3	290.8	548.3	650.7	428.2	247.9	474.9	461.3	461.3	400.1	361.2	383.7	281.8	286.7
Mppe1	110.2	166.8	65.7	56.5	55.1	218.3	29	68.5	14.4	55.8	23.2	0	106.1	103.4	77.2	8.1	14.5	145.5	51.1	19.2	344.5	351.6	696.5	788.8
Tlr12	38.8	13.9	24	13	12.9	30.2	28	8.8	0	17.7	17.2	0	93.4	139.4	65.5	100.2	20.6	93.1	32.1	3.8	498.1	526.2	24.8	32.4
Timm17a	573.2	499.1	422.9	390.1	439.7	433.8	480.5	518.9	784.5	530.7	516	349.8	370.3	822.3	404.9	316.7	420.4	550	218.8	699	561.8	640.5	685.7	659.4
Cnr2	30.4	27.1	14.8	0	68.6	83.7	13	51.9	155.1	152.4	101.7	42.1	59.9	115.2	59.7	30.4	0	46.6	0	41	210.9	171.5	213.4	322.9
Armc9	54.6	14.6	52.2	21.7	0	79.6	47.9	25.5	99.6	0	78.5	77.8	46.3	117.4	2.9	25.3	40	14.6	17.8	88.5	184.6	149.6	175.1	124.9
Srpk2	1486.6	1664.1	1239.6	1264.9	1883.2	1359.2	1246.7	1419.7	1363.7	1265.6	1251.1	972.5	1529.9	1398.2	1603.5	2000.6	2166.1	1311.1	2077.1	1751.9	658.8	668.7	622.7	526.1
Rps3a2	831.5	740.6	547.8	617.3	772.9	852.6	708.2	424.9	678.8	602.8	415.1	600.3	628.1	778.3	572.4	310.7	736.6	858.5	385.2	852.9	0.8	0	2	0
2310039H08Rik	712.9	460.3	386.1	442.3	436.1	171.6	765.2	441.6	561.7	370.1	371.7	263.9	377.5	462.9	356.8	291.4	342.8	408.9	281.8	516.9	270.5	251.3	359.6	318.4
Mysm1	1102.4	1245.5	1001	1205.2	888	1216.4	960	1341.4	982.7	760.7	955	1062	1168.4	894.2	1070.5	978.6	1069.7	752.3	1049.8	775.9	405	382.1	255.6	274.4
Ganc	613.1	753.7	561.9	491.2	511.2	399.5	622.3	508.2	504.2	458.6	405.3	355.2	344.8	212	323.3	279.3	404.6	424.9	499.4	391.2	246.7	267	418	471.7
Rpl7a	18645	15836.6	19055.3	15600.9	13857	13552.2	18037.9	17181.9	15079.8	17862	15282.9	17430.6	13487.3	14239.6	18438.3	14538.7	15883.7	18908.2	15817.7	21191.2	185.4	220.8	326.8	284.7
Ncs1	155.4	82	74.1	45.6	54.3	72.8	65.9	146.9	149.9	100.7	99.5	41.2	139.7	54.3	62.6	51.6	98.1	218.3	63	239.8	246.7	287.4	128.2	180.5
Atp5g2	192.1	200.5	307.8	278.2	521.9	286.9	322.7	290.8	447.7	347	404.6	499.2	297.7	319.1	388.9	511	338	304.1	375.7	202.6	10.3	8.6	10.1	10.4
Cebpzos	198.4	218.8	218.8	260.8	225.9	112.6	340.6	246.7	410.8	246.3	263.2	174.5	313.6	133.5	297.1	241.9	67.8	181.9	279.4	135.9	48.5	61.1	94.6	78.9
Hist1h2bk	0	37.3	57.2	0	262.4	141.4	57.9	53.9	322.4	140.2	204.9	79.6	168.4	220.1	142.7	74.9	404.6	77.1	105.8	10.3	4.8	10.2	9.4	7.1
Ppox	373.8	196.9	228	322.8	32.9	201.8	112.9	105.7	29.8	138.8	39.6	251.4	36.7	53.6	107.8	138.6	232.6	213.9	154.6	198.8	366.8	411.9	287.2	337.1
Zfp677	64	30.7	74.8	103.2	4.3	19.2	1	18.6	38	6.8	26.9	10.7	0	35.2	51	11.1	36.3	13.1	63	41	62.9	76.7	89.2	44.6
AI413582	166.9	122.9	139.1	135.8	82.2	67.3	5	87.1	128.4	161.9	206.4	217.4	8.8	153.3	125.3	151.8	174.5	11.6	92.7	274.5	186.2	180.9	299.3	195.4
Zfp512	852.5	768.4	835.8	1570.3	371.8	623.3	695.3	872.4	617.2	692.7	654.4	1040.5	490.8	649.2	383	765	553.6	796	692	405.3	653.3	782.2	481.1	473.7
Ei24	865.1	730.3	623.3	673.8	642	672.7	535.4	532.6	404.6	416.4	545.2	552.9	586.6	540.7	336.4	383.5	438.6	486	499.4	180.8	898.3	915.3	1107.1	926
Zfp599	128.1	176.4	63.5	126.1	110.8	119.4	66.9	70.5	18.5	49	87.5	45.6	114.9	143.8	100.5	124.5	197.5	128.1	101.1	187.2	156.8	103.4	63.1	35.6
l7Rn6	448.3	181.5	426.4	216.3	497.6	311.7	608.4	555.2	744.5	476.3	467.4	459	692.7	630.1	632.1	433.1	590	883.3	481.5	737.5	344.5	348.4	436.8	354.6
4833420G17Rik	1016.3	820.3	634.6	696.6	684.2	1046.2	611.4	489.6	1047.4	545.7	590.8	553.8	735	806.9	483.5	733.7	769.3	784.3	741.9	607.9	420.1	430.7	422	394.1
Actg1	696.1	802.8	889.5	946.5	1303.4	1271.3	1441.5	1154.4	1810.4	1588.1	1483.7	1353.7	1545.1	994	1041.3	1659.6	1098.8	1328.6	1370.9	1172.2	58.1	51.7	4	2.6
Phactr2	2108.2	2432.5	2381.8	2758.1	1781.7	1588.5	1965.9	1945.5	1443.8	1582.6	1601.9	1842.2	1493.2	1281.6	1252.5	1781	1927.5	1660.3	2345.8	1383.8	593.6	608.4	395.2	480.8
Impdh2	1875.1	2317.6	1689.3	2121.3	2301.5	2947.7	2197.7	1823.2	2994.4	2393.7	1784.4	2964.1	2420.5	2778.1	2343.4	2007.7	2981.4	2501.4	1813.1	2509.9	416.2	465.1	585.1	605.7
Klhl24	1036.2	1350.1	1352.6	1111.7	753.6	2104.7	982	1109.4	1159.4	885.9	492.1	224.6	1701.5	1403.3	872.4	802.5	1870.5	1532.3	1175.9	715.7	1262	1040.6	635.4	682
Hdac10	184.8	146.4	179.3	165.2	171.6	296.6	224.8	162.5	88.3	230	118.2	428.6	106.9	94.6	152.9	172	216.9	256.1	109.4	220.6	606.3	575.5	368.4	283.4
Acadm	1910.8	2000	2355.7	2258.2	1813.2	1805.4	2241.6	1853.5	1534.2	1974.5	1126.3	848.2	1731	1339.5	1854	1257.9	1595.5	2332.6	1139	1229.9	714.5	729.8	1261.4	1057.3
Cfl2	547	605.2	568.3	520.5	725.7	696.1	673.3	529.7	805.1	446.3	369.4	618.2	268.2	309.6	466.1	534.3	519.7	638.8	453	360.4	141.6	115.1	95.9	166.3
Zfp938	166.9	121.5	92.5	132.6	162.3	133.2	270.7	247.7	27.7	273.5	308.1	43.8	135.7	140.8	250.5	256	138.1	459.8	259.2	182.1	53.3	59.5	54.3	34.9
Gm10123	39.9	40.2	63.5	57.6	62.9	188.1	135.9	112.6	311.1	151.1	53.1	32.2	188.3	155.5	244.7	44.5	96.9	135.3	54.7	82.1	0	0	0.7	1.3
Mtap	922.9	1390.4	1159.8	1273.6	860.1	1397.6	2043.8	1361	941.7	1215.2	1076.1	1182.8	1201.9	1094.5	1504.5	1415.7	696.6	1469.7	1005.8	851.6	1017.7	1101.7	1240.6	1133
Stat4	607.9	787.4	537.2	659.6	561.3	503.9	717.2	620.8	337.8	234.1	284.2	119	365.5	278	320.4	355.2	322.3	531.1	384	342.4	405.8	331.2	267.7	168.9
9130023H24Rik	279.3	171.2	183.5	110.8	40	152.4	458.5	177.2	104.7	172.8	242.3	169.1	12.8	68.2	69.9	83	104.2	91.7	122.5	128.3	97.1	94.7	93.3	84.1
Atp11c	300.3	718.6	425	247.8	543.4	742.8	353.6	448.4	513.4	435.5	599.8	414.2	575.4	617.7	501	613.2	911	641.7	648	587.4	439.2	436.1	320.7	369.5
Kdr	292.9	166.8	293	489	173	27.5	196.8	93	229	191.9	178	239.8	51.1	0	36.4	5.1	0	0	9.5	88.5	56.5	55.6	0.7	0
Ufc1	788.5	1031.8	894.4	838.9	873.7	730.4	742.2	795.1	786.6	932.2	1051.5	1581.8	1301.6	620.6	739.9	1121.2	1141.2	1021.5	979.7	1188.9	618.3	656.2	1028.6	939.5
Mrpl42	548	637.4	827.4	747.7	1106.8	704.3	1094.8	1072.2	883.1	1085.9	1222	783.8	619.3	1107.7	1278.7	667.9	929.2	691.2	1192.5	1618.6	845.8	830.8	1102.4	1136.3
Nrg1	0	0	12.7	0	0	0	0	33.3	0	39.5	9.7	0	0	0	0	0	0	0	9.5	7.7	11.9	8.6	569	441.9
Ica1	484	643.2	625.5	527.1	534.1	707.1	638.3	708.9	238.2	348.4	658.8	728.3	565.8	260.4	356.8	637.5	386.5	264.8	360.3	419.4	156.8	154.3	505.2	596
Rpl35	14827.6	11413.7	15329.4	14367.5	14322.4	15003.4	19175.7	13135.1	15961.9	13414.9	19368.4	17203.3	13169.7	13627.8	16517.3	15510.2	16529.4	12117	19447.6	16703.7	303.2	312.4	533.4	423.2
Gm9701	431.5	472.7	703.1	974.8	549.8	336.4	651.3	639.4	438.5	811	968.5	1289.3	575.4	617.7	719.5	1391.4	371.9	874.5	1315	874.7	0.8	0	0.7	2.6
Ccni	2606.9	2413.4	4884.4	3762.2	3519.8	4168.2	5314.4	3838.2	4250.3	5382	5146.7	5593.7	4878.6	4711.1	4774.1	5487.8	3411.5	5350.6	4699.9	3515.4	2090.3	1883.1	2514.2	2353.4
2010204K13Rik	597.4	761.8	745.5	578.1	856.5	970.7	768.2	596.3	668.5	508.9	632.7	1049.5	783.7	487.8	550.5	550.5	427.7	553	464.9	473.3	84.3	83.8	25.5	19.4
Manbal	81.9	152.9	204.7	153.2	140.1	173	263.7	122.4	376.9	166	109.2	131.5	127.7	349.9	94.7	187.2	197.5	109.1	171.2	135.9	402.6	472.2	306.6	343.6
Zfp780b	435.7	739.8	589.5	897.6	632	453.1	418.6	478.8	450.8	419.1	455.4	252.3	703.1	398.3	496.6	418.9	462.8	782.9	379.3	321.9	39.8	59.5	61.7	58.9
Ing2	664.6	1029.6	602.2	962.8	856.5	830.6	639.3	625.7	810.2	813.8	996.9	1162.2	806	977.9	617.5	753.9	827.4	537	916.7	767	388.3	371.1	337.5	221.9
Lrrc40	397.9	274.4	366.4	229.3	777.2	396.8	283.7	316.3	414.9	496.7	471.1	843.7	445.3	554.6	461.7	483.7	419.2	484.6	359.1	370.7	869.7	887.1	1362.8	1114.9
Mapk3	550.1	349.1	635.3	617.3	626.3	465.4	482.5	561	542.2	572.9	551.9	626.3	617.7	485.6	582.6	661.8	453.1	544.2	568.3	765.7	692.3	792.4	1017.9	944.1
Kif1b	397.9	753	554.2	597.7	313.2	737.3	380.6	862.6	648	704.9	566.9	680	361.5	301.5	317.5	404.8	152.6	116.4	181.9	273.2	115.4	116.7	1014.5	812.1
Zfp26	632	743.5	743.3	717.2	440.4	991.3	777.2	751	909.8	770.2	709.7	629	438.1	596.4	954	545.4	811.7	1183	646.8	464.3	322.3	331.2	208	262.1
Numbl	55.6	77.6	236.5	173.9	66.5	116.7	93.9	164.5	159.2	49	109.2	164.6	154.8	88	29.1	79.9	59.4	75.7	116.5	38.5	55.7	71.3	36.2	80.9
Rps4l	436.8	186.6	272.5	202.1	102.2	185.3	176.8	103.8	19.5	126.6	121.2	149.4	99.8	124.7	96.1	182.2	117.5	119.3	135.5	160.3	249.9	251.3	181.8	245.2
Hspb11	505	258.3	259.8	184.7	440.4	481.9	166.8	199.7	400.5	228.6	60.6	27.7	464.5	228.9	126.7	138.6	272.6	443.8	224.7	120.6	50.9	57.2	13.4	23.9
Klk1b27	0	0	0	0	0	0	0	0	0	0	0	0	0	0	0	0	0	0	0	0	78.8	80.6	0	0
Pstk	352.8	313.2	314.8	429.3	303.1	519	560.4	326.1	252.6	253.1	260.2	268.4	297.7	348.5	273.8	224.7	436.1	365.2	241.4	247.5	129.7	166.8	226.8	195.4
Cd300lb	0	0	0.7	0	0	0	37	2	14.4	8.2	0	28.6	110.1	97.6	4.4	55.7	106.6	251.7	130.8	61.6	162.3	119.8	923.3	1006.8
Nol7	1798.5	1432.8	907.1	1305.1	1203.3	1860.3	1273.7	1096.6	2063	1238.3	1239.9	1129.1	1523.5	1643.2	1721.5	1284.2	1830.5	1642.9	1677.6	1689.1	1490.3	1504.1	1062.8	1001.7
Ldha	2039.9	2601.5	3245.9	3137.3	3118.7	3284.1	3601.2	3263.5	3458.6	4749.2	4840	5387	2242.6	3442	3810	3491.2	1977.1	1952.8	3022.3	3918.1	12078	12098.9	20060.9	19909.7
Gpr84	0	0	0	0	0	0	0	0	0	0	0	0	0	0	0	0	14.5	0	0	0	4	7	53	84.1
Ptpmt1	223.6	301.5	369.2	304.3	304.6	297.9	517.5	390.7	301.9	556.6	534.7	473.3	272.1	384.4	407.8	522.2	197.5	464.2	418.5	455.3	288	211.4	465.7	386.3
1110038F14Rik	660.4	612.5	699.6	767.2	669.9	702.9	679.3	600.2	706.5	592	550.4	646	511.6	418.1	694.7	511	605.7	662.1	447	570.7	449.6	459.6	357.6	349.4
Scoc	802.1	974	1265	1159.5	1155.4	996.7	1045.9	1254.3	872.9	1119.9	1420.9	1125.5	1143.6	558.3	910.3	1098	844.4	1546.8	1470.7	949.1	88.3	94	92.6	118.4
Parp10	210	188.1	419.3	376	238.8	282.8	288.7	233	200.2	276.2	222.1	505.5	265.8	115.2	358.3	386.6	168.4	195	313.9	205.2	448	527.7	355.6	418.7
Naa15	1740.7	1378.7	1581.3	1499.7	1879.7	2161	1376.5	2114.9	1956.2	2329.7	1726.8	1425.3	2020.7	2545.5	1891.9	1709.2	1996.5	2012.5	1720.4	1428.7	1711.6	1734.3	2037.1	2283.5
Hacd1	352.8	204.9	586.6	556.4	569.8	394	575.4	672.7	291.6	514.4	622.2	703.2	539.5	375.6	787.9	689.1	305.3	509.3	554	377.1	101.8	112.8	340.9	290.5
Zfp35	655.1	372.5	386.9	376	240.9	470.9	505.5	311.4	324.5	303.5	364.9	861.6	600.1	652.2	368.5	477.6	346.5	384.2	434	487.4	642.1	608.4	1074.9	1105.8
Gm8995	3095.1	3740.9	2279.5	2630.9	3126.6	4367.3	2872	2850.3	2405	2453.5	2363.2	2704.7	4348.7	3573.3	3485.2	3272.7	5489.2	3586.9	3829.6	2266.2	1303.4	1118.9	793.1	1105.2
Rpl27	13845.9	10890.4	13498.9	13193.8	13594.6	14877.1	17312.7	11437.3	17559.8	15545.9	13339.3	10316.8	13080.3	16309	18847.5	11104.2	16518.5	16115.8	15870	13212.6	196.5	215.3	379.8	315.1
Usp31	199.5	305.2	230.1	240.2	246	308.9	384.6	274.2	99.6	464	363.5	92.2	282.5	234.7	256.3	258	184.1	189.2	186.7	207.8	163.1	151.9	144.9	133.9
1190007I07Rik	759.1	563.5	920.5	705.3	753.6	854	745.2	659.9	698.3	782.5	786	432.1	539.5	703.5	838.9	448.3	637.2	740.7	526.7	595.1	220.4	205.9	312.7	368.8
Krr1	717.1	952.1	904.3	940	1198.3	1037.9	1324.6	825.4	794.8	836.9	691.8	808.8	1407	804.7	776.3	689.1	882	809.1	966.6	913.2	745.6	679.6	1248.7	1502.5
Mapk1	2655.2	2834.2	3815.6	2719	3050.1	3561.4	4049.7	3849	3539.7	4698.9	3253.9	2323.5	2433.3	3375.9	4118.8	2560.2	3019	4426.6	2626.4	2391.9	4133.7	4019.9	4366.7	4534.7
Alg11	718.1	799.1	744.8	714	776.5	527.2	356.6	427.9	462.1	385.1	439.7	320.3	734.2	443.8	600	282.3	553.6	388.5	392.4	224.4	130.5	115.9	188.5	221.3
Bcl9l	410.5	775	369.9	420.6	423.3	505.2	375.6	331.9	116	147	214.6	291.7	505.2	180.5	310.2	343.1	504	458.4	567.1	218	331	331.2	36.9	9.7
Tmed5	983.7	832.8	1104.8	824.8	880.1	1172.5	863.1	1177.9	1125.5	1099.5	498.8	434.8	986.4	1255.9	1338.5	835.9	1326.6	1385.3	1007	1387.7	1274.7	1413.3	2377.9	2224.6
Stk24	2322.4	1874.8	2966.3	3268.8	3263.9	2600.3	3118.7	2579	3294.3	2603.2	2958.5	3414.2	2493.2	2112.7	2566.2	2901.3	2353.9	2160.9	2903.4	2622.8	198.9	209.1	121.4	111.3
Cyp26b1	1652.5	863.5	476.5	520.5	25	63.2	0	16.6	33.9	0	32.2	0	0	0	14.6	0	0	0	1.2	1.3	1.6	0.8	0	0
B9d2	232	168.3	91.1	100	153	71.4	166.8	151.8	173.5	264	193.7	311.4	209.1	410.1	154.4	273.2	256.8	202.3	290.1	119.3	868.9	869.9	668.3	537.1
Nmral1	240.4	252.5	228.7	151.1	474.7	341.9	559.4	328	657.2	473.6	549.7	341.8	405.4	517.2	364.1	444.2	616.6	424.9	607.6	664.4	1188	1225.4	958.8	1098.7
Syne2	895.6	1192.1	609.2	492.3	622.7	620.6	211.8	597.3	163.3	212.3	213.1	117.2	799.7	251.6	400.5	435.1	820.2	401.6	538.6	557.9	703.4	634.2	25.5	31.7
D630045J12Rik	40.9	109	172.2	185.8	144.4	151	161.8	215.4	33.9	175.5	45.6	233.5	290.5	51.4	228.7	65.8	139.3	61.1	164.1	193.7	194.9	210.6	49.7	40.8
Rps15	10445.3	10822.4	9186.3	9247.9	10022.5	9990.8	9850.6	7460	10760.7	8160.8	8924	12352.3	8981.4	9250.5	7726.3	7726.3	10830.6	8405	8267.9	12312.3	1114	1125.2	1644.6	1388
1700112E06Rik	69.3	70.3	155.3	57.6	20.7	157.9	92.9	84.2	136.6	35.4	170.5	0.9	161.2	220.8	151.5	106.3	158.7	161.5	67.8	175.7	48.5	40.7	230.8	176.7
Nhp2l1	2710.8	3230.1	2584.4	2637.5	3129.5	3200.3	3670.1	3300.7	4051.1	4098.8	4981.4	6162.7	4218.6	2805.2	4130.4	3689.6	2982.7	3028.2	3830.8	4320.8	289.6	288.9	289.2	301.5
Snrnp70	6597.5	5650.9	5371.5	4879.3	4510.8	4825.9	5054.6	5176.7	4781.2	5036.4	3549.3	2661.7	4760.5	5052.2	4229.4	4668.1	4609.7	3729.6	4502.5	3675.7	3343.5	3319.9	2966.4	2849.1
Eno1	514.4	103.2	353.7	276	486.2	413.3	469.5	476.8	500.1	506.2	394.1	302.4	589	472.4	779.2	385.6	276.2	237.2	375.7	451.5	2831.1	2785.9	6237.4	6005.5
Zfp773	64	119.3	54.4	46.7	89.4	86.5	166.8	49	18.5	13.6	21.7	73.4	11.2	26.4	35	153.8	38.8	37.8	39.2	10.3	52.5	63.4	106	108.1
Nup98	225.7	141.2	258.4	107.6	230.2	219.7	98.9	175.3	116	434.1	57.6	26.8	68.6	218.6	292.7	52.6	113.9	106.2	63	129.5	876.9	832.3	613.3	796.5
Gm10132	45.1	110.5	55.8	71.7	63.6	56.3	30	35.2	89.3	76.2	101	27.7	70.2	198.8	49.5	96.1	80	55.3	73.7	91.1	1.6	2.3	2	3.2
Klhdc3	363.3	662.3	477.2	603.1	617	549.2	334.6	388.7	635.6	457.2	631.9	418.7	770.9	405.7	683.1	455.4	568.2	333.2	651.5	528.4	1774.4	1893.3	2862.4	2816.7
Ccdc102a	33.6	24.9	19.8	13	21.4	0	0	11.7	37	0	43.4	3.6	71.8	16.1	67	37.4	10.9	94.6	57.1	50	128.9	121.4	28.9	27.8
Jakmip1	184.8	103.2	149	111.9	135.1	101.6	190.8	132.2	87.3	204.1	216.1	93.9	385.5	125.4	113.6	247.9	706.3	871.6	624.2	466.8	1437.8	1512.8	37.6	16.8
Slc22a21	137.5	121.5	151.1	81.5	175.9	149.6	108.9	94	75	36.7	53.1	87.7	146	151.1	81.6	92.1	33.9	77.1	53.5	102.6	13.5	6.3	33.5	14.9
Zbtb18	268.8	335.9	273.9	139.1	524.1	519	254.7	524.8	477.5	303.5	231.1	269.3	246.6	286.8	368.5	452.3	302.9	391.4	346	347.6	432.1	384.5	345.6	456.2
Brwd3	339.1	678.4	363.6	522.7	313.2	551.9	415.6	463.1	630.5	617.8	451.7	434.8	506.8	421.1	463.1	661.8	347.7	350.7	514.8	384.8	72.4	70.5	95.3	76.4
Cycs	364.3	216.6	272.5	102.2	566.3	888.3	318.7	345.6	814.3	700.8	668.6	334.6	358.3	756.3	734	407.8	768.1	761	417.3	657.9	61.3	44.6	112.1	101.6
Gm8730	2992.2	2377.6	2269.6	2977.6	2016.9	1905.6	1786.1	1952.4	2064	2268.5	3120	3255.8	1840.3	2400.3	2154	4336.2	1856	2159.4	3211.3	4217	37.4	33.7	26.2	25.9
Sfxn4	171.1	121.5	84	79.3	10.7	105.7	28	45	64.7	76.2	77	0.9	105.3	24.2	62.6	62.7	46	200.8	101.1	32.1	24.7	7	13.4	25.2
Sp3os	129.1	87.8	135.5	122.8	185.2	237.5	126.9	113.6	66.7	80.3	117.4	34	150	63.8	43.7	77.9	121.1	165.9	116.5	102.6	66.8	83	43.6	29.1
Gm10136	1050.9	979.1	760.3	1165	1004.5	766.1	407.6	592.4	655.2	724	860	1275.8	823.6	435	703.5	1218.4	686.9	806.2	865.6	2036.7	0	0	0	1.3
Rnf217	241.5	277.3	403.1	146.7	185.2	328.1	184.8	260.5	94.5	129.3	82.3	20.6	15.2	133.5	118	117.4	54.5	81.5	34.5	105.2	40.6	13.3	241.6	242.7
Utp14a	458.8	689.3	381.9	319.5	489.8	545.1	268.7	469	595.6	581.1	635.7	532.3	209.1	702	661.2	635.5	934	662.1	442.3	867	307.9	351.6	510.6	464.6
Chchd1	941.8	458.8	631.1	590.1	552	917.1	774.2	503.3	1034.1	948.5	629.7	737.2	446.1	1069.6	750.1	494.8	921.9	459.8	625.4	961.9	498.9	515.2	854.8	741.5
Prpf38a	265.6	507.1	398.9	357.5	600.6	1117.6	704.3	616.9	454.9	738.9	508.5	426.8	770.9	502.5	603	429.1	345.3	910.9	418.5	321.9	785.4	776	1018.5	937
Ap3s2	607.9	697.4	439.8	504.2	357.5	539.6	435.5	619.8	259.8	342.9	543.7	304.2	507.6	223	495.2	708.4	391.3	375.4	412.6	439.9	771	788.5	781.7	705.3
Hspbp1	552.2	518.1	643.8	460.8	692.8	646.7	630.3	609	698.3	725.3	774	681.8	792.5	693.2	643.7	865.2	735.4	545.7	948.8	967	1854	1927.8	1562.7	1219.1
Gpatch1	458.8	469.8	378.4	458.6	308.9	189.5	312.7	344.7	359.4	383.7	201.2	318.5	345.6	329.4	300	242.9	362.2	344.9	353.1	225.7	393.1	350	397.2	253.7
Alms1	93.4	125.1	138.4	214.1	120.8	347.4	81.9	249.7	138.6	250.4	326.1	293.5	229	348.5	209.7	92.1	213.2	157.2	242.5	88.5	100.3	80.6	67.1	41.4
Ppcdc	365.4	267.1	343.8	453.2	307.4	173	266.7	384.8	343	111.6	326.8	197.7	143.7	340.4	260.7	539.4	369.5	232.8	582.6	457.9	225.2	216.1	232.8	247.8
Gpx1	4964.9	5622.3	6955.6	5850.9	6805.1	6867.4	6940.6	6192.1	9752.3	8766.4	7890.5	13165.5	9123.5	10917.9	9865.8	8294	8441.6	8835.7	8710.2	12412.3	15742.2	16560.5	48966.6	44185.2
Chd4	7566.6	8130.1	7074.2	7567.9	7200.5	7159.8	6204.4	7879.1	7269.3	7891.3	6393.3	6734.4	8212.1	7769.4	7251.5	5575.9	6592.9	8543.2	7244.2	6746.1	2199.3	2065.6	972.9	1087.1
Rps6-ps1	600.5	739.8	332.5	164.1	292.4	488.8	891.1	277.1	755.8	664.1	29.9	29.5	337.6	347	726.8	59.7	471.3	785.8	20.2	415.5	2.4	0.8	0.7	4.5
Uqcrh	5901.4	4581.7	6457.9	6010.6	5582.5	4650.1	4514.2	4698.9	4246.2	5659.6	5995.5	8936.3	4379.8	5049.3	5567.9	7108	4618.2	4692.9	6384.6	6794.8	899.1	956	1038.7	947.3
Ptcd3	722.3	701.1	1111.8	841.1	959.5	860.8	1038.9	1042.8	1052.6	1328.2	1257.1	934.1	928.2	1016	1197.2	1233.6	953.4	897.8	1197.3	1033.7	929.4	881.7	1497.6	1638.4
Rpl7l1	1374.3	1489.9	1055.4	887.8	1362	1183.5	817.1	936.1	1486.9	1190.7	726.2	994	1216.3	1254.4	951	1052.4	788.7	1123.4	881	1335.1	1937.5	1997.4	4005.7	3984
Crem	36.7	13.2	43.1	26.1	0	6.9	39	14.7	16.4	17.7	98	16.1	49.5	14.7	0	24.3	167.2	212.5	64.2	50	207.7	180.1	99.3	69.2
Zkscan8	645.7	602.3	746.9	700.9	569.1	598.6	768.2	874.4	483.7	798.8	835.3	723.8	487.6	477.6	664.1	617.3	531.8	812	867.9	652.8	118.6	118.2	80.5	81.5
Nupl1	48.3	346.1	206.8	121.7	184.5	259.5	110.9	156.7	162.2	289.9	266.2	407.1	280.1	295.6	249	383.5	214.4	295.4	161.7	191.1	850.6	806.5	1276.2	1276.7
DHRSX	75.6	180.8	136.2	200	12.2	45.3	88.9	144.9	134.5	89.8	77.8	42.1	175.6	175.3	170.4	116.4	136.9	260.5	186.7	138.5	514	511.3	672.3	618
Gm7964	1	12.4	0.7	2.2	0.7	0	10	3.9	1	0	0	0	47.9	39.6	2.9	1	1.2	0	1.2	3.8	221.2	222.4	250.9	234.9
Klk1	0	0	0	0	0	0	0	0	0	0	0	0	0	0	0	0	0	0	0	5.1	533.1	590.4	0	0
Dpp3	640.4	603	893.7	816.1	700	792.2	961	646.2	916	529.4	750.8	813.3	888.2	848.8	659.8	828.8	420.4	710.1	961.9	850.3	2498.5	2476.6	3715.9	3522.7
Pepd	227.8	162.5	323.3	239.1	308.2	207.3	320.7	278.1	407.7	321.2	324.6	372.2	233	347.7	438.4	421	126	222.6	228.3	455.3	1174.5	1234	1378.9	1412.6
Brpf3	312.9	330	696.1	761.8	353.9	479.2	649.3	659.9	581.2	462.7	568.4	256.8	664.8	268.5	643.7	396.7	630	452.6	639.7	463	164.7	191.1	41.6	76.4
Amd2	289.8	306.6	300.7	269.5	507.6	374.8	340.6	486.6	503.2	345.6	196.7	179.8	350.4	521.6	686	342	449.5	573.3	317.4	719.5	8	7.8	7.4	8.4
Klk8	287.7	129.5	178.6	178.2	249.5	114	187.8	237.9	259.8	307.5	207.9	373.1	235.4	228.1	253.4	230.7	143	160.1	217.6	301.4	116.2	129.2	85.9	62.1
Pym1	1	1.5	0	0	0.7	43.9	1	8.8	84.2	1.4	0	0	31.9	0	1.5	0	0	10.2	0	19.2	187.8	207.5	109.4	96.4
Gpn1	746.5	664.5	565.5	468.4	584.9	546.4	600.4	590.4	642.8	408.2	596	416.9	680.8	257.5	588.4	518.1	567	708.7	538.6	588.7	743.2	705.5	1037.3	1179.6
Trerf1	476.6	524	487.8	503.1	642.8	355.6	828.1	552.2	414.9	683.1	753.8	409.8	646.4	415.2	533	337	324.7	650.5	506.5	370.7	156.8	172.3	152.3	152.1
Dzip3	1088.7	1039.9	758.9	641.2	1327	652.1	506.5	830.3	1055.6	992	513	565.5	1012.7	854.6	742.8	597.1	1194.5	796	770.4	637.4	427.3	369.6	248.9	315.8
Ipcef1	145.9	112.7	274.6	134.8	129.4	247.1	324.7	207.6	147.9	65.3	62.8	199.5	316	340.4	329.2	352.2	511.2	727.6	634.9	316.8	266.6	209.1	23.5	27.2
Mtx1	355.9	129.5	242.1	163	169.4	252.6	464.5	262.4	411.8	308.9	381.4	499.2	314.4	369	434	188.2	345.3	458.4	266.3	641.3	673.2	621.7	859.5	784.9
Vrk2	203.7	368.1	323.3	316.2	381.1	304.8	327.7	376	246.5	515.7	500.3	492.1	606.5	393.9	514.1	630.4	506.4	509.3	400.7	479.7	358.9	330.4	422	454.2
Cnnm2	0	0	1.4	5.4	0	0	81.9	2	13.3	91.2	96.5	54.6	0	5.9	17.5	64.8	54.5	21.8	25	46.2	84.3	76	272.4	274.4
Hcst	328.6	79.8	245	161.9	228.8	237.5	470.5	168.4	313.2	376.9	230.3	762.3	434.1	316.2	279.6	368.4	441	422	447	513	123.3	90.8	214.7	171.5
Mocs1	68.2	57.8	84	26.1	76.5	64.5	88.9	17.6	66.7	53.1	43.4	0	34.3	48.4	49.5	68.8	33.9	14.6	79.7	106.4	284.1	309.3	401.2	498.2
Med14	619.4	441.3	449.7	296.7	469	498.4	715.2	542.4	745.5	796.1	561.6	560.1	559.4	492.2	455.9	621.3	702.7	499.1	441.1	659.2	1170.5	1105.6	1022.6	1048.3
Cenpj	199.5	173.4	296.5	442.3	371.1	221	347.6	351.5	556.6	556.6	520.5	468.8	431	240.6	412.2	617.3	401	406	567.1	342.4	335	315.5	40.3	159.2
Fam172a	660.4	1109.4	688.3	522.7	820.1	1305.7	928	607.1	1104.9	743	713.4	418.7	1419.8	1076.2	681.6	693.2	994.6	766.9	684.8	808	1114.8	1062.5	1367.5	1641
Zfp69	0	0	70.6	23.9	0.7	0	2	9.8	3.1	9.5	47.9	0	0	9.5	30.6	0	55.7	0	10.7	2.6	76.4	85.3	21.5	33.6
Arih2	946	1263.1	1061.7	974.8	1043.9	1179.4	891.1	1009.5	915	914.5	1075.4	1517.4	784.5	1254.4	882.6	1201.2	1085.5	1015.7	1171.1	818.3	730.5	679.6	650.2	585
Rab44	1	0	35.3	0	3.6	0	2	2	66.7	95.3	167.5	40.3	235.4	583.9	308.8	226.7	30.3	23.3	42.8	56.4	357.3	302.2	2077.3	2113.3
Rab3ip	342.3	329.3	188.5	295.6	166.6	244.4	166.8	334.9	128.4	254.5	249.8	233.5	214.7	141.6	241.8	202.4	115.1	205.2	303.2	273.2	461.5	468.2	302.6	214.2
Ano6	1042.5	1066.9	1360.3	1530.1	639.2	1009.1	1547.4	1096.6	1002.2	1136.3	908.6	1027.1	624.1	817.2	907.4	865.2	674.8	800.3	803.7	604.1	1174.5	1037.5	902.5	1103.9
Ifi27	896.6	826.9	1073.7	869.4	910.9	849.8	829.1	759.8	767.1	685.8	869.7	1009.2	1297.7	1122.4	812.7	1084.8	1750.6	1347.5	2026	1912.3	674	634.2	536.1	559.1
Ethe1	315	232.7	189.9	144.5	62.2	248.5	150.8	283.9	302.9	269.4	312.6	154.8	367.1	416.7	192.2	310.7	260.5	295.4	359.1	266.8	1402	1450.9	1711	1699.2
Gimap8	1889.8	1187.7	1144.3	730.3	409	543.7	893.1	569.9	298.8	55.8	54.6	112.7	499.6	270.7	342.3	171	464	71.3	134.4	234.7	88.3	92.4	0	0
Zfp428	45.1	77.6	90.4	32.6	68.6	22	42	40.1	75	24.5	15.7	122.6	43.1	16.9	55.3	60.7	30.3	33.5	55.9	23.1	333.4	338.3	113.4	78.3
Hvcn1	2.1	38.8	28.9	2.2	0	0	1	44.1	54.4	38.1	0	90.4	36.7	140.8	53.9	43.5	19.4	66.9	13.1	65.4	902.3	988.1	907.2	943.4
Cdpf1	128.1	118.5	115.8	94.5	121.5	6.9	38	68.5	100.6	93.9	132.4	122.6	42.3	88	72.8	40.5	54.5	53.8	76.1	135.9	214.8	234.1	268.4	210.3
Tank	266.7	96.6	211.8	120.6	140.1	288.3	136.9	257.5	202.3	300.7	212.4	283.6	74.2	345.5	174.8	147.7	248.4	238.6	221.1	341.2	367.6	382.1	874.3	865.8
Clasp1	267.7	439.8	451.1	306.5	433.3	627.4	428.5	470	512.4	556.6	549.7	488.5	885.9	490.8	623.3	626.4	765.7	500.6	595.7	357.8	902.3	954.5	416	606.3
Siva1	953.3	1117.4	1102	1279.1	1037.4	1359.2	1581.3	1466.7	1971.6	2205.9	1765.7	2065	1659.2	1583.1	1462.2	1370.2	1402.9	2015.4	1488.6	1732.7	874.5	839.4	1186.3	1136.9
Pde6h	95.5	202	130.6	224.9	60.8	87.9	38	15.7	0	0	0	0	0.8	0	0	0	1.2	11.6	20.2	0	2.4	0	2.7	4.5
mt-Rnr1	4701.4	59316.4	19805.7	24805.3	49229	55916.8	22108.6	22027.6	54896.3	22816.7	31159.6	28583.9	56666.7	54960.1	23439.6	32323.8	53697.5	25927.9	31410.7	19622.7	1215.8	1429.8	1658.7	1532.9
mt-Rnr2	44118.4	165653.6	65482.4	78118.5	137843.8	139340.4	84798.2	79765.3	148423.1	92821	78793.4	75427.9	134363.9	134277.3	85451.1	77061.3	129752.9	103417.6	81414.2	137231.9	14802.4	14754.1	8703.9	9542.3
mt-Nd1	18544.2	18746.9	25753.2	22946	20743.6	23405.8	30134.1	27932.8	31412.5	35504.9	27863.1	31235.8	25031.3	28953.8	32031.1	24030.9	24027.2	23618.6	21990.7	46745.6	6602.7	6787.1	5119.6	4845.9
mt-Ti	66.1	36.6	81.9	105.4	26.5	74.1	136.9	242.8	163.3	232.7	110.7	86.8	27.9	61.6	157.3	133.6	161.1	106.2	44	280.9	0	0	0	0
mt-Nd2	11926.7	13227.8	17088.5	17151.6	16633.9	14583.3	20858.9	20475.7	14708.1	22192.1	15214.8	11923.7	13666.1	16779.2	20879.2	15194.5	13761.2	14941.5	15468.2	22245.5	1518.2	1564.4	1250	1058.6
mt-Co1	8411.7	9194.9	7176.5	4273	10667.4	10054	7570	6666.9	10335.6	7749.8	4648.6	5362	7673.4	11385.9	8748.7	4208.7	13551.6	7226.3	5797.3	9118.8	7162.9	7008.6	5248.4	5086.6
mt-Nd3	1259.9	770.6	926.9	595.5	1713.1	1960.5	1438.5	703	2435.8	1649.3	98	8.9	2198.7	2262.4	1657.4	238.8	2025.6	705.7	606.4	878.5	0.8	2.3	3.4	3.2
mt-Nd4	27822.1	22208.2	35282.6	31487.6	31599.8	26742	41709.8	36084.1	27207.4	39071.6	26505.8	21698.3	24166.2	30616.1	35740.6	28752.7	24078.1	30019.8	27105.6	57708.7	1908.1	1905	1235.9	1140.8
mt-Nd5	4170.2	6454.4	5259.2	5279.3	6560.6	6392.4	6530.1	6321.3	7072.2	6737.4	5117.5	4473.5	6608.8	8077.5	7266.1	5000.1	7722	7281.6	5985.1	5779.1	4082.7	4229	3276.4	2874.9
mt-Nd6	1547.5	2305.1	766.6	996.5	1432.1	1042.1	633.3	1210.2	1285.7	881.8	823.4	697	1364.7	991.1	1089.4	860.2	1358.1	1261.6	1022.5	545.1	733.6	743.1	496.5	447.8
mt-Cytb	36233.8	33736.8	51316.5	41244.1	43968.2	46337.9	60001.4	49160.4	41673.1	51193.7	40548	37050.5	37586.5	45565.8	48580.4	36700.5	39423.9	44002.3	35620.8	70485.2	9158.5	9573	8028.9	7376
mt-Tt	290.8	278.8	224.5	176	2.1	60.4	172.8	75.4	258.8	133.4	37.4	130.6	193.1	120.3	187.9	175.1	84.8	116.4	48.7	73.1	0.8	0	0	0.6
Sepp1	3148.6	2663.7	5192.9	4395.8	1768.1	2279.1	4344.4	2766.1	1823.8	2816.9	2905.4	4225.7	2499.5	1707.8	3132.8	2889.1	1978.3	3383.2	2966.4	3217.9	1667.8	1701.5	1076.2	1202.9
Gm22060	223.6	155.1	98.8	139.1	155.9	111.2	79.9	145.9	185.9	132	124.9	55.5	118.9	22.7	24.8	96.1	112.7	56.8	117.7	148.8	0.8	3.1	0	1.9
Rn7sk	75.6	22.7	122.1	108.7	37.2	20.6	108.9	59.7	72.9	99.3	118.9	204.9	17.6	74.8	36.4	42.5	0	0	279.4	142.4	6.4	1.6	3.4	2.6
Gm26132	70.3	54.2	105.2	170.6	80.1	0	78.9	71.5	10.3	20.4	38.9	0	11.2	111.5	7.3	114.4	20.6	113.5	96.3	53.9	0	0	0	0.6
Snord104	740.2	728.9	740.5	693.3	646.3	476.4	1021.9	654.1	492.9	540.2	661.8	1037.9	898.6	353.6	498.1	685.1	633.6	858.5	850.1	332.2	0.8	7	3.4	2.6
Snora73b	37.8	60.7	7.8	0	2.1	0	21	31.3	87.3	23.1	95	23.3	166.8	102	29.1	75.9	54.5	125.1	39.2	64.1	0	0	0	0
Gm25337	102.9	119.3	36	148.9	19.3	118.1	99.9	140	4.1	122.5	98	123.5	154.8	141.6	155.8	110.3	117.5	103.3	117.7	37.2	0	0.8	0	0
Gm22579	130.2	83.4	151.1	86.9	203.8	420.1	161.8	193.9	678.8	250.4	148.8	337.3	476.4	724	444.2	235.8	315	475.8	65.4	82.1	0.8	1.6	0	0
Gm23849	192.1	8	32.5	2.2	76.5	2.7	93.9	52.9	308.1	108.9	59.1	68.9	0	135	37.9	9.1	130.8	26.2	74.9	23.1	14.3	16.4	2	1.3
n-R5-8s1	0	0	0	0	0	0	0	0	0	0	0	0	0	0	0	0	0	0	0	0	173.5	165.2	97.3	139.8
Tacc1	2890.3	4299.2	2773.6	3881.7	3476.9	3620.4	2360.5	3974.3	2788	3576.2	4167	4155.9	4084.5	3511.7	4009.5	4958.6	3406.7	3128.6	3865.3	3287.1	2546.2	2456.3	2596.7	2713.8
Ifitm7	169	326.4	151.8	458.6	87.9	201.8	136.9	105.7	7.2	8.2	0	23.3	89.4	19.8	35	98.2	50.9	20.4	61.8	35.9	0	0.8	17.4	14.9
Cpped1	380.1	464	391.8	309.7	340.3	383	221.8	383.8	606.9	238.1	134.6	135.1	396.6	110	442.8	265.1	275	286.7	248.5	470.7	441.6	419.7	583.8	607.6
Aurkaip1	470.4	464	550.6	673.8	549.1	676.9	856.1	575.7	1155.2	649.1	765	1022.6	498.8	616.9	518.5	597.1	751.1	602.4	718.1	927.3	1036	1075.8	1373.5	1232
2610305D13Rik	304.5	169	285.2	198.9	106.5	34.3	114.9	82.2	66.7	111.6	87.5	76.9	82.2	99.8	125.3	116.4	144.2	202.3	121.3	160.3	10.3	6.3	32.2	39.5
Dhrs3	59.8	58.5	61.4	50	27.2	167.5	143.8	64.6	121.2	107.5	307.4	99.3	141.3	208.3	135.4	338	585.1	621.3	739.5	669.5	492.5	436.1	428.8	414.8
Ubr4	3083.5	3055.2	3047.5	3400.3	2004.1	2141.8	2057.8	2860.1	2559	2596.4	3834.9	3483.1	2755.7	2147.9	2245.8	2780.8	1894.8	2192.9	2701.3	1964.8	1237.3	1042.2	545.5	490.5
Hnrnpr	5594.9	5461.3	4364.8	5378.1	5385.2	6531	4199.6	4912.3	6080.2	5424.2	4775.7	3854.4	5738.1	5532.7	5014.5	4140.9	6124	5711.5	5234.9	4393.9	1972.5	2109.4	1611.7	1653.9
Med18	6.3	19.8	54.4	72.8	49.3	24.7	42	37.2	56.5	84.4	130.9	57.3	51.9	110	33.5	192.3	31.5	77.1	65.4	48.7	276.9	307.7	524	576.5
Phactr4	749.6	741.3	1043.4	1056.3	725.7	1073.6	1182.7	1264.1	777.4	1046.5	1076.9	952	1199.5	770.3	795.2	996.8	1035.8	1030.2	1161.6	967	137.7	139.4	61.7	96.4
Gm10154	793.7	837.9	1018.7	1291	785	675.5	676.3	755.9	649	726.7	1085.1	1096.9	732.6	663.2	1058.8	1128.3	520.9	924	1280.5	1713.5	0	0	0	0
Prpf4	396.9	641	552.7	487.9	577	715.3	263.7	704	850.3	801.5	674.6	790	932.1	443.8	803.9	756.9	930.4	688.3	749	610.5	798.9	837	951.4	1089
Cdc26	646.7	592	415.1	461.9	419	838.9	383.6	452.4	355.3	495.3	415.1	220.1	482.8	680	270.9	303.6	563.3	539.9	417.3	628.4	398.6	409.5	558.3	596
Slc31a1	276.1	267.1	415.8	408.6	328.9	185.3	236.7	362.3	271.1	311.6	257.3	305.1	56.7	154.1	311.7	234.8	75.1	391.4	235.4	350.1	720.1	687.5	1175.6	1249.5
Fkbp15	384.3	526.2	650.9	740.1	384.7	348.7	457.5	695.2	536	646.4	836.8	748	745.4	490	718	729.6	659	819.3	789.5	714.4	1361.4	1370.3	544.2	708.5
Slc31a2	13.6	52.7	51.5	47.8	75.8	27.5	116.9	60.7	75	70.8	23.2	0	130.9	115.9	87.4	64.8	80	34.9	88	43.6	97.1	139.4	580.4	614.7
E230001N04Rik	53.5	71	105.9	117.4	22.2	22	48.9	49.9	48.3	55.8	44.1	19.7	0.8	11.7	13.1	12.1	77.5	2.9	69	14.1	15.9	32.1	13.4	18.8
2510046G10Rik	140.7	166.1	47.3	107.6	286.7	54.9	154.8	54.8	185.9	253.1	53.1	162.8	55.9	66	221.4	85	138.1	96	61.8	41	40.6	60.3	25.5	27.8
Ipo7	1824.7	2489.5	2732.7	2414.7	3563.4	3473.5	3765	3348.6	3657.8	3849.7	3760.9	3141.3	3266.5	3639.3	3402.2	3031.8	2679.8	3444.3	3450.3	2547.1	1355.1	1310.7	1996.2	2321
Tmem42	260.4	185.1	336	419.5	128	134.5	302.7	140	1	166	91.2	75.2	245.8	222.3	152.9	98.2	247.1	359.4	350.7	180.8	140.8	153.5	186.5	138.5
Pomgnt2	632	430.3	665.7	699.8	515.5	263.6	402.6	325.1	191	228.6	250.5	453.6	201.1	299.3	327.7	404.8	560.9	411.8	730	439.9	268.2	303	393.9	483.4
Trim12a	1002.6	847.4	535.1	830.2	722.8	711.2	440.5	340.7	569.9	319.8	288.7	189.7	470.9	447.5	359.7	412.9	722	470	506.5	379.6	342.9	279.5	124.1	123.6
Vps37b	415.8	341.7	388.3	593.3	511.9	328.1	1077.9	667.8	357.4	619.2	916.1	899.2	585.8	358	492.3	617.3	283.5	362.3	502.9	583.6	264.2	300.7	410.6	336.5
Numa1	2021	2213.7	2381.8	1882.2	1944.7	2144.5	2010.9	1630.3	1707.7	1094.1	2013.9	1863.7	1967.2	1737.9	1471	1965.2	2040.1	1139.4	1769.1	931.1	4431.3	4492.9	1074.9	1183.5
Gm12918	300.3	230.5	209.7	224.9	181.6	155.1	220.8	235	254.7	164.7	174.2	136.9	262.6	192.9	203.9	169	278.6	339.1	177.2	232.1	0	0	0	0
Impad1	5024.8	4844.4	3775.3	3857.8	3570.6	3756.3	3834.9	4147.6	3540.7	3781.7	3516.4	3017.8	4536.2	3713.4	3782.3	3533.7	3599.3	3691.7	3849.8	2609.9	864.9	829.2	1448.6	1396.4
Wdr6	937.6	623.5	996.1	1009.6	580.6	675.5	707.3	847.9	877	736.2	1027.5	1153.3	894.6	623.5	780.6	1216.4	705.1	796	906	1238.9	2208.1	2212	976.3	1114.9
Serpina3f	23.1	113.4	122.8	194.5	0	170.2	0	30.4	67.8	0	3.7	0.9	64.6	0	29.1	0	2.4	56.8	4.8	12.8	34.2	42.3	19.5	12.9
Akap13	9835.4	10103.8	8119.7	10500.9	8545.4	8271.9	6313.3	8250.2	6879.1	6277.4	7788	8429.9	10469.8	8712	7831.2	8764.5	9862.6	9139.8	10123.9	6983.4	4158.3	4401.3	1892.8	1955.4
Gm10263	87.1	129.5	88.2	119.5	44.3	207.3	95.9	64.6	114	157.9	49.4	34	69.4	102	152.9	82	73.9	147	78.5	106.4	0.8	0	0	0.6
Msl2	1971.7	1869.7	1713.3	1371.4	1260.5	1567.9	1031.9	1300.3	1863.8	1509.1	1554	1734.8	1536.3	1264.7	1625.4	1436	1358.1	1072.4	1519.5	1535.2	1000.2	918.5	923.3	1114.3
Zfyve26	75.6	290.5	95.3	155.4	103.7	83.7	28	107.7	166.4	114.3	140.6	185.2	142.1	93.9	164.6	88	318.6	208.1	235.4	141.1	304	281.1	56.4	117.1
Rdh11	663.5	663.7	722.2	374.9	783.6	783.9	1030.9	775.5	846.2	666.8	474.9	271.1	426.2	617.7	514.1	459.4	514.9	721.8	461.3	523.3	439.2	586.5	534.1	564.9
Mthfs	283.5	240	259.1	210.8	189.5	174.4	193.8	156.7	208.5	179.6	150.3	141.4	216.3	246.5	187.9	196.3	201.1	211	133.2	115.4	18.3	25.1	22.8	17.5
Hmgn3	1226.3	1351.6	1715.4	1374.7	909.4	815.5	1154.8	890	236.2	628.7	633.4	386.5	296.9	404.2	402	486.7	430.1	603.9	550.5	323.2	410.6	437.7	99.3	73.8
Gm6265	30.4	91.5	79.1	45.6	113	182.6	109.9	54.8	100.6	93.9	79.3	110.9	43.1	184.1	106.3	104.2	58.2	119.3	133.2	105.2	0.8	0	2	1.3
Hmgb1	3571.7	4605.1	3183.1	3504.7	4560.8	4948.1	3920.8	4645	7168.7	5786.2	6178.7	8334.2	5569.7	6237.7	4860.1	5470.6	6229.4	5816.2	5037.6	5716.2	1648.7	1688.2	1201.7	1112.3
Lsm14a	2533.4	2020.5	2235.7	2026.7	2576.8	2516.6	2674.2	2583.9	2086.6	2698.5	1641.5	1232.9	2098.1	2170.7	2234.1	1419.8	2179.4	2197.3	1859.5	1903.3	1929.6	1889.4	1663.4	1443.6
4931406P16Rik	1157	948.4	486.4	616.2	477.6	525.8	488.5	593.4	527.8	547	323.8	315.8	436.5	444.6	428.2	328.9	513.7	419.1	195	404	304	247.4	98	93.8
Gm7589	1033.1	624.2	547.1	442.3	246	656.3	697.3	351.5	612	529.4	363.5	281.8	578.6	549.5	505.4	428.1	432.5	694.1	302	997.8	0	0.8	1.3	0.6
Mfsd7b	190	273	381.9	223.9	343.9	308.9	448.5	291.8	459	363.3	382.9	214.7	209.1	218.6	262.2	410.9	419.2	208.1	325.8	334.7	274.5	245.9	613.3	591.4
Zfp932	342.3	529.1	322.6	424.9	341.8	166.1	493.5	318.2	377.9	345.6	554.9	561.9	571.4	471	340.8	473.6	367.1	553	363.8	173.1	49.3	60.3	132.2	107.4
Tecpr1	689.8	622	408.7	448.8	120.8	232	194.8	168.4	161.2	141.5	81.5	118.1	302.5	251.6	107.8	211.5	441	407.4	425.6	368.1	775.8	790.8	86.6	140.4
Pgk1-rs7	27.3	62.9	67.1	114.1	95.1	72.8	29	30.4	42.1	46.3	160.8	186.1	93.4	27.9	99	83	23	144.1	38	156.5	4	0	1.3	1.3
Ttc32	233.1	459.6	356.5	183.7	303.1	554.7	390.6	441.6	502.1	499.4	270.7	108.3	229.8	253.8	199.5	353.2	410.7	394.3	235.4	425.8	205.3	215.3	388.5	355.2
Fbxl18	306.6	477.9	421.4	386.9	549.1	324	490.5	338.8	163.3	322.5	448.7	557.4	355.9	286.1	515.6	487.8	334.4	548.6	398.3	229.6	125.7	157.4	119.4	111.3
Wdr35	64	128.8	60	39.1	112.3	0	0	44.1	44.2	29.9	24.7	37.6	67	0.7	4.4	4	184.1	126.6	95.1	150.1	189.4	167.6	46.3	29.1
Gm5113	50.4	56.3	117.2	84.8	81.5	108.5	0	42.1	196.1	13.6	158.5	29.5	155.6	0	1.5	12.1	7.3	68.4	46.4	47.5	31.8	42.3	95.3	45.3
Pydc3	0	0	0	0	0	0	28	54.8	0	0	0	85.9	23.9	1.5	26.2	35.4	24.2	34.9	29.7	150.1	80.4	85.3	0	0
Zbtb16	34.6	75.4	71.3	78.2	47.9	31.6	76.9	92	79.1	126.6	164.5	92.2	143.7	198.1	134	111.3	4.8	14.6	15.5	9	46.9	45.4	61.1	65.4
Fxyd6	0	0	0	0	0	0	0	0	0	0	0	0	0	0	0	0	0	0	0	6.4	101.8	98.7	0	0
Gm10175	128.1	73.2	77.7	136.9	77.9	227.9	104.9	147.8	118.1	140.2	77.8	191.5	160.4	144.5	64.1	129.5	111.5	68.4	108.2	57.7	9.5	7	9.4	5.8
Vkorc1l1	513.4	504.9	835.1	522.7	566.3	488.8	828.1	464.1	689	704.9	695.5	394.6	347.2	840.7	554.9	484.7	346.5	618.4	430.4	536.1	479	434.6	518.7	489.2
Zbtb6	253	534.9	342.4	468.4	397.5	564.3	411.6	312.3	581.2	458.6	479.4	424.1	375.9	382.2	466.1	386.6	348.9	272.1	451.8	319.3	82	82.2	102.7	152.7
Rnasel	2466.2	1920.2	1654.7	2184.3	1364.2	1875.4	1662.2	1264.1	859.5	1124	1296	800.8	1208.3	1572.1	1264.2	1321.6	2513.8	1842.2	1518.3	1321	353.3	422	323.4	368.8
Gm10180	850.4	690.8	892.3	1034.6	885.9	1462.2	1218.7	697.1	1163.5	819.2	1807.5	1974.6	739.8	982.3	760.3	823.7	1201.8	518	1074.8	649	0.8	0	0	0
Zfp810	105	83.4	140.5	136.9	108	70	140.9	178.2	130.4	138.8	89	133.3	73.4	184.9	230.1	177.1	82.4	109.1	255.6	170.6	183.8	256.8	126.1	43.4
Zfp772	105	117.1	114.4	111.9	123.7	127.7	171.8	73.4	238.2	142.9	145.8	113.6	6.4	155.5	77.2	83	132.1	174.6	151	103.9	85.1	101	129.5	199.3
Ecsit	174.3	114.9	217.4	80.4	138	60.4	51.9	104.8	78	236.8	86.7	69.8	197.9	158.5	336.4	130.5	83.6	129.5	118.9	271.9	496.5	519.9	694.5	697.5
Nck2	106	143.4	95.3	164.1	258.1	119.4	180.8	153.7	7.2	181	60.6	89.5	211.5	118.8	97.6	42.5	30.3	71.3	61.8	74.4	223.6	217.7	261	254.3
Zfp617	329.7	447.9	310.6	155.4	404	410.5	219.8	358.4	255.7	401.4	119.7	568.1	93.4	215.7	288.4	139.6	307.7	523.9	183.1	214.2	39	46.2	73.8	107.4
Fbxl12	975.3	684.2	792.8	657.5	494	657.6	332.6	546.4	452.9	310.3	445.7	355.2	328.8	575.9	291.3	332.9	362.2	337.6	412.6	501.5	277.7	288.1	42.3	55
Vsig10	409.5	279.5	360	493.4	148	109.8	314.7	263.4	126.3	174.2	261.7	151.2	251.4	164.3	109.2	187.2	164.8	192.1	112.9	94.9	30.2	11	7.4	33
Suds3	1042.5	739.8	1042.7	865	921.6	1109.3	666.3	1123.1	1295.9	1234.3	1602.6	1633.7	1039.1	1198.7	1131.6	1973.3	756	1207.8	1549.2	1758.3	1072.6	1069.6	912.5	850.3
Rps23-ps2	640.4	853.3	1067.4	1517.1	965.9	773	1409.5	1113.3	867.7	1382.6	1973.6	1715.1	959.3	752.7	1198.6	2188.9	763.2	1440.6	1955.8	1233.8	0	0	0	0
Bub3	1999	1581.4	1856.6	1870.2	2152.1	1723	2208.7	2136.5	2405	2714.8	3125.2	3487.5	1909.8	2843.4	2330.3	2677.6	2517.5	2991.8	2394.5	2852.3	4004.8	3868	2749	2649.1
Hes6	602.6	481.5	421.4	878.1	672.1	896.5	495.5	518.9	699.3	483.1	462.2	920.6	776.5	697.6	626.3	730.6	1020.1	733.4	1149.7	1490.3	3277.5	3342.6	1378.9	1085.8
Polr1c	1612.6	1064.7	1500.8	1466	1833.9	1127.2	1494.4	1246.4	1720	1321.3	1916.7	2657.3	1711.1	1488.4	1737.5	1817.5	1507.1	1561.4	1725.2	1605.7	455.9	468.2	486.5	497.6
Jchain	0	16.1	278.8	0	425.4	1.4	304.7	117.5	232.1	176.9	1.5	113.6	0	3.7	278.2	0	37.6	0	41.6	926	1019.3	1119.7	0	0
Xpo5	115.5	144.9	103.1	121.7	190.2	248.5	200.8	95	172.5	103.4	148.8	182.5	76.6	39.6	64.1	129.5	42.4	122.2	129.6	123.1	1164.9	1029.6	2043.1	2037
Eif1ax	1591.6	1979.5	1704.8	1488.8	2455.9	1739.5	2050.8	1603.8	2585.7	2297.1	2003.5	1835	2517.9	2232.3	2139.5	1510.8	1891.1	1376.6	1556.3	1766	1704.4	1722.6	2251.1	2442.7
H2-T23	1389	677.6	474.4	309.7	462.6	326.8	615.3	300.6	425.1	338.8	88.2	94.8	366.3	263.4	158.7	124.5	227.8	334.7	123.7	236	3189.2	3187.6	1043.4	1037.3
Rplp0	19466	16662.8	18020.4	16018.2	17987.4	22247	17900	14076.1	22030.8	17085	17578	27848.5	18733.8	20125.1	17359.1	15033.6	19433.3	17678.6	18195.6	22273.7	7215.4	7329.7	12481.5	11213.1
Rps28	33848.4	27574.4	33622.9	34247.8	24546.6	24594.7	34115.9	23669.6	26444.4	27095.1	31271	42442.9	25466.3	22711.7	24776.6	28837.7	24377.4	28551.5	32156.2	37919.3	237.1	221.6	265.7	210.9
Bmpr2	1055.1	1130.6	1336.3	1250.8	1041	1070.9	1140.8	948.8	892.4	632.8	470.4	489.4	1126.1	574.4	648.1	763	851.7	721.8	521.9	452.7	38.2	67.3	103.3	95.1
Rps25-ps1	143.8	166.8	92.5	114.1	187.3	140	80.9	126.3	196.1	119.8	91.2	167.3	232.2	189.3	138.4	108.3	124.8	74.2	85.6	270.6	3.2	2.3	2	3.2
Tmem128	871.4	752.3	871.1	698.8	611.3	773	1145.8	629.6	566.8	862.8	379.9	156.6	424.6	760	773.4	435.1	570.6	931.3	170	333.5	449.6	458.8	453.6	544.2
Lyar	1258.8	752.3	1100.6	1263.8	1251.9	1014.6	1649.3	1546.1	1837.1	1943.2	1827	1824.3	1606.5	1656.4	1721.5	1631.3	1329	1437.7	1663.3	1858.4	1509.4	1508.1	1658	1680.4
Trmt2b	360.1	365.9	480.7	470.5	464	369.3	642.3	376	688	559.3	483.1	557.4	374.3	600.1	627.7	467.5	622.7	429.3	601.6	422	608.7	575.5	559.6	693.7
B3galt4	0	0	0	0	0	0	2	0	17.5	1.4	0	43.8	0	0	0	29.3	0	0	0	0	137.7	119.8	160.4	172.1
Tspan6	257.2	234.9	296.5	229.3	307.4	494.3	326.7	160.6	212.6	213.6	295.4	143.2	345.6	121.8	157.3	163.9	510	499.1	521.9	432.2	371.6	385.2	25.5	36.2
Zfp763	312.9	291.3	445.4	581.4	351.1	509.4	139.9	396.5	745.5	484.4	341	394.6	262.6	188.5	323.3	391.6	277.4	261.9	390	298.8	76.4	90.8	135.5	181.2
Hdac8	221.5	174.9	147.5	215.2	141.6	254	148.8	118.5	93.4	96.6	338	146.7	65.4	62.4	160.2	211.5	157.5	77.1	195	114.1	247.5	238.8	183.8	200.6
S1pr3	0	0	19.1	0	0	23.3	0	0	1	8.2	0	0	0	113.7	69.9	26.3	71.5	82.9	47.6	55.1	296.8	252.9	715.9	894.9
Prkag1	968	729.6	501.9	579.2	566.3	494.3	671.3	500.3	529.9	415	774.8	872.3	802.1	844.4	664.1	828.8	523.4	395.8	583.8	529.7	414.6	400.1	468.3	414.1
Lpar5	0	0	0	29.3	0	0	0	0	0	0	0	0	0	0	51	0	12.1	24.7	7.1	55.1	140.8	151.9	163	133.3
Gm10221	86.1	291.3	79.8	53.2	121.5	94.7	96.9	123.4	52.4	118.4	109.9	121.7	110.9	56.5	104.9	149.8	96.9	96	109.4	148.8	0	0	0	0
BC003965	539.6	643.2	539.3	805.3	244.5	546.4	730.2	617.8	276.2	702.2	675.3	788.2	468.5	681.5	1015.1	620.3	416.7	558.8	594.5	863.1	469.5	541.8	550.9	559.1
Xlr4b	156.4	103.9	73.4	115.2	4.3	22	122.9	74.4	194.1	148.3	66.6	170	70.2	101.2	36.4	215.5	178.1	145.5	112.9	82.1	13.5	14.9	15.4	18.1
Blcap	436.8	354.2	345.9	216.3	363.2	233.4	158.8	193.9	143.8	107.5	276.7	175.4	357.5	84.4	166	351.1	236.2	120.8	137.9	296.3	428.9	415.8	379.8	405.7
Pex26	275.1	412.7	346.6	326	391.8	377.6	493.5	377	496	424.6	338.8	122.6	306.5	165.1	291.3	271.2	182.9	203.7	120.1	128.3	119.4	170.7	159	151.4
Romo1	1339.7	1296	1154.2	1320.4	1550.1	1541.8	1588.3	1156.4	1759.1	1251.9	1488.2	1876.2	1485.2	1864	1214.7	1477.5	1039.4	861.4	1016.5	1199.2	405.8	379	574.4	553.9
Arfgef1	2123.9	2305.9	2124.9	2077.8	2701.2	2233.8	1835.1	1899.5	2069.2	2113.3	1850.2	2122.2	2048.6	1762.1	1886.1	1886.3	1614.9	2031.4	1649.1	1530.1	849	786.1	883	1097.4
Rpl31-ps8	1331.3	1042.1	1109	1126.9	1292.7	1191.7	1115.8	871.4	1725.2	1071	1493.4	1374.3	1517.1	1849.4	1054.4	1336.8	1536.2	1129.2	1488.6	1496.7	64.5	68.9	40.3	34.9
Htatsf1	3661	3040.6	2391.7	2390.8	2217.1	2880.4	2741.1	2217.7	2692.5	2287.5	2455.2	2210.8	2343.1	1976.3	2207.9	2119	2483.5	1731.6	1997.4	1962.3	1104.4	1132.2	1003.1	1087.1
Mtap7d3	101.8	316.9	125	258.6	146.6	152.4	163.8	162.5	131.4	69.4	113.7	118.1	158	295.6	211.2	87	161.1	419.1	104.6	100	40.6	39.9	73.8	42.1
Gm13139	647.8	769.8	681.9	882.4	663.5	509.4	393.6	782.3	460	669.5	697	471.5	751	517.9	655.4	350.1	726.9	583.5	766.9	519.4	19.9	18	26.2	22
Cxx1b	155.4	150.7	198.4	220.6	414	265	236.7	189	163.3	183.7	209.4	369.5	132.5	195.1	163.1	303.6	92.1	199.4	211.6	355.3	31.8	29	30.2	32.4
Cxx1a	117.6	61.5	66.4	77.2	42.9	23.3	101.9	77.4	71.9	102.1	138.4	131.5	164.4	77	93.2	106.3	27.9	32	93.9	55.1	21.5	17.2	20.1	17.5
Zfp760	430.5	403.9	331.8	391.2	424.7	631.5	651.3	381.9	199.2	379.7	204.2	406.2	323.2	568.5	348.1	388.6	666.3	459.8	355.5	434.8	89.9	78.3	143.6	86.1
Zfp160	421	723	312	455.3	401.8	523.1	195.8	276.1	246.5	235.4	300.6	273.8	396.6	513.5	397.6	453.4	488.2	398.7	456.6	225.7	182.2	160.5	177.1	137.2
Gtf2f2	571.1	467.6	225.2	178.2	473.3	502.5	210.8	526.8	697.3	669.5	537.7	755.1	361.5	544.3	786.5	493.8	531.8	579.2	555.2	598.9	564.9	567.7	939.4	868.4
Lrch1	437.8	87.1	190.6	245.6	329.6	314.4	293.7	214.4	324.5	228.6	187	142.3	57.5	172.4	144.2	233.8	182.9	261.9	379.3	270.6	1083	1078.2	230.8	342.3
Mllt4	1109.7	1133.5	1381.5	1212.8	840.1	830.6	731.2	1156.4	511.4	749.8	425.5	614.7	502.8	497.4	632.1	582.9	422.8	436.5	454.2	315.5	30.2	36.8	11.4	12.3
Tcp1	2326.6	2732.5	2013.3	1985.4	3953.1	3577.9	3054.8	3230.2	4994.8	3135.3	3807.3	4101.3	4095.7	3873.3	3785.2	3424.5	3856.1	3524.4	3006.8	3800.1	4330.2	4178.9	7029.8	6950.2
Tm9sf4	1018.4	1034.7	811.8	612.9	546.2	767.5	405.6	565	724	684.5	670.1	656.7	870.7	847.3	866.6	691.2	1033.4	730.5	512.4	729.8	1213.4	1234.8	2426.9	2225.3
Tcf15	260.4	130.3	129.9	93.5	42.9	35.7	28	54.8	11.3	25.9	4.5	0	16	17.6	0	3	10.9	0	0	0	3.2	1.6	0	0
Cenpm	112.3	119.3	97.4	86.9	563.4	578	278.7	377.9	274.2	234.1	519	577.1	472.5	393.9	195.2	328.9	364.7	353.6	356.7	339.9	1067.8	1001.5	705.9	572.7
Tnfrsf13c	77.7	172.7	112.9	148.9	76.5	12.4	123.9	183.1	22.6	20.4	1.5	114.5	162	2.2	74.3	40.5	92.1	189.2	191.4	150.1	924.6	881.7	18.1	14.9
Ccdc134	1	67.3	96.7	52.2	80.1	23.3	71.9	134.1	94.5	159.2	124.9	309.6	78.2	219.3	62.6	87	168.4	115	158.1	177	394.7	506.6	252.3	240.7
Ninl	124.9	72.4	57.2	85.9	175.2	52.2	67.9	75.4	46.2	2.7	28.4	60.8	43.1	80.7	51	32.4	8.5	10.2	88	52.6	62.1	47.8	10.1	0
Cst7	0	4.4	0.7	0	0.7	0	0	49	321.4	293.9	262.5	420.5	138.1	536.2	233	280.3	282.3	288.1	394.7	461.7	601.6	558.3	4199.6	3938.7
Zfp442	333.9	149.3	49.4	176	98.7	108.5	10	179.2	78	108.9	112.9	108.3	110.1	100.5	67	114.4	100.6	216.8	53.5	71.8	13.5	15.7	2.7	18.1
Zfp120	698.2	695.9	786.4	547.7	712.1	545.1	739.2	732.4	270.1	485.8	615.5	996.7	455.7	368.3	578.2	712.4	421.6	411.8	434	409.1	105	105.7	308.6	388.2
Ndufaf2	279.3	307.4	482.2	160.8	326.7	417.4	410.6	450.4	689	502.1	640.9	905.4	443.7	731.4	697.6	395.7	311.3	537	425.6	596.4	194.9	198.9	291.9	220.7
Pick1	308.7	639.6	276.7	457.5	218.1	197.7	129.9	262.4	183.8	276.2	162.3	229	152.4	224.5	179.1	115.4	167.2	180.4	96.3	150.1	187	172.3	218.7	181.8
Lgals1	101.8	146.4	125	65.2	133.7	157.9	431.5	176.2	584.3	362	511.5	744.4	772.5	946.3	521.4	403.8	591.2	407.4	530.3	917	4626.2	4785.7	5891.9	5117.7
Il2rb	0	0.7	2.8	10.9	95.1	0	31	76.4	85.2	96.6	40.4	119	0	26.4	69.9	30.4	17	59.7	0	138.5	176.6	189.5	0	2.6
Gm11808	1140.2	802	1222	1688.8	1199.7	958.3	1071.9	1157.3	969.4	1317.3	2158.3	2153.5	1038.3	1359.3	1309.3	2590.6	808.1	1210.7	2157.9	2797.2	11.9	7	7.4	7.1
Phf11d	69.3	66.6	164.5	129.3	7.1	0	4	72.5	22.6	39.5	29.9	34	44.7	0	13.1	25.3	29.1	36.4	3.6	51.3	5.6	8.6	4	0.6
Amn1	866.2	837.9	408.7	1047.6	567	641.2	381.6	536.6	546.3	639.6	480.1	249.6	431.8	792.3	486.4	428.1	885.6	633	659.9	371.9	97.1	154.3	26.2	47.2
Gm5879	187.9	186.6	112.2	113	56.5	92	110.9	140	143.8	106.1	89	125.3	64.6	186.3	249	186.2	100.6	231.4	183.1	274.5	0.8	0	0.7	0.6
Efcc1	838.9	642.5	657.2	684.6	353.2	670	455.5	394.6	98.6	168.7	360.5	111.8	192.3	151.9	115.1	306.6	432.5	553	542.2	339.9	33.4	29	29.5	8.4
Ap5s1	49.3	53.4	20.5	45.6	97.2	45.3	58.9	61.7	0	49	64.3	69.8	217.1	64.6	21.8	43.5	143	33.5	82	112.9	176.6	188.7	119.4	76.4
Cenpb	362.2	517.4	465.9	380.4	518.4	568.4	591.4	577.7	668.5	487.2	782.2	644.2	790.9	726.2	546.2	597.1	444.6	797.4	902.4	686.2	973.1	794.7	554.2	524.1
Shroom4	180.6	139.8	123.5	73.9	155.1	64.5	237.7	117.5	48.3	68	103.2	137.8	83	102.7	39.3	98.2	6.1	100.4	17.8	1.3	0	0	5.4	0
Usf3	403.2	537.1	365	436.9	293.9	288.3	278.7	450.4	381	480.4	460.7	150.3	138.1	448.2	314.6	291.4	476.1	390	204.5	184.7	152	151.1	97.3	84.8
Ddrgk1	500.8	699.6	623.3	835.7	693.5	852.6	409.6	608	563.8	579.7	890.7	841.9	721.5	828.2	563.6	795.4	415.5	723.2	570.7	657.9	832.3	921.6	864.9	895.5
Gm10029	171.1	153.7	48.7	54.3	86.5	184	117.9	48	116	98	87.5	70.7	69.4	162.9	67	118.4	38.8	56.8	86.8	193.7	0	0.8	0.7	0
Aup1	342.3	248.8	150.4	271.7	91.5	173	89.9	165.5	230	206.8	169.8	94.8	135.7	355.8	131.1	111.3	338	200.8	96.3	491.2	1554	1622.4	2113.6	2052.5
Htra2	390.6	383.5	702.4	581.4	622	810	857.1	505.2	1015.6	679	679	343.6	669.6	313.2	1012.2	795.4	516.1	641.7	731.2	651.5	545.1	553.6	1334.6	1314.2
Dok1	894.5	740.6	481.4	380.4	276.7	254	372.6	303.5	461.1	291.2	326.8	254.1	224.3	154.1	230.1	203.4	155.1	215.4	274.6	398.9	357.3	316.3	257.7	313.8
Chrac1	382.2	393	502.6	279.3	534.1	392.7	436.5	528.7	440.5	317.1	634.2	571.7	304.9	464.4	552	549.5	356.2	390	441.1	559.2	472.6	437.7	497.2	420.6
Cep152	157.5	310.3	308.5	521.6	448.3	304.8	500.5	577.7	605.9	684.5	1221.2	1105.9	334.4	479.8	688.9	925.9	528.2	515.1	755	561.7	339.8	335.1	134.9	188.3
Rpl34-ps1	1494	1270.4	1408.3	1079.1	939.5	1363.3	2581.3	1053.6	1526	1982.7	323.1	138.7	1051.1	1475.2	1940	356.2	1707	1871.3	327	1135	0	0	0	0
Gm10240	216.3	138.3	132	31.5	128	148.3	209.8	103.8	184.8	181	3.7	0	92.6	52.8	101.9	10.1	185.4	216.8	11.9	85.9	6.4	3.1	6.7	1.9
Rnase12	0	0	0	0	0	1.4	7	0	20.5	0	0	0	37.5	13.2	21.8	13.2	0	53.8	0	0	180.6	190.3	71.8	65.4
Pnp2	52.5	19.8	53.7	1.1	0	0	116.9	20.6	32.9	50.4	1.5	104.7	1.6	66.8	2.9	14.2	38.8	0	0	29.5	148	111.2	91.3	88
Mfap1a	1153.8	1645.1	1130.9	1625.7	1362	1145	1031.9	1210.2	1323.7	1249.2	1262.4	1446.7	1619.3	1431.2	1482.6	1084.8	1315.7	1289.3	1137.8	1387.7	202.1	147.2	181.8	137.8
Gng5	1168.5	1155.5	1402.7	1241	1477.1	1662.6	1259.7	1654.7	1812.5	1291.4	1771.6	1550.5	1329.6	1641	1507.4	1734.5	1856	774.1	1919	1324.9	362	347.7	405.3	324.2
Zfp467	901.9	792.5	730.6	790	306.7	530	209.8	277.1	41.1	64	80	77.8	280.1	141.6	323.3	377.5	369.5	250.3	468.4	370.7	99.5	85.3	71.8	84.1
Myadm	424.2	152.2	55.1	83.7	89.4	109.8	237.7	69.5	52.4	81.6	27.7	31.3	63	46.2	139.8	56.7	63	257.6	122.5	151.3	763.1	699.2	518.7	413.5
Zfyve19	165.9	32.9	113.7	75	116.5	24.7	135.9	60.7	130.4	68	130.1	216.5	166	201.7	219.9	194.3	184.1	33.5	204.5	121.8	536.3	535.6	792.4	852.2
Mgam	19.9	30.7	24	94.5	84.4	0	93.9	27.4	56.5	8.2	0	39.4	47.9	252.4	24.8	54.6	32.7	0	2.4	47.5	4.8	3.9	137.6	100.9
Gm4841	708.7	526.9	593	544.4	353.9	284.2	381.6	260.5	35.9	36.7	97.2	77.8	75	184.1	81.6	124.5	284.7	237.2	183.1	198.8	6.4	7.8	0	0
Clec16a	103.9	95.9	60.7	71.7	130.8	41.2	196.8	62.7	123.2	53.1	123.4	96.6	181.2	24.9	18.9	69.8	21.8	66.9	26.2	16.7	140	179.3	129.5	113.9
Tmem167b	223.6	257.6	319.8	185.8	266	178.5	301.7	266.3	221.8	213.6	168.3	302.4	220.3	241.3	166	126.5	182.9	229.9	199.7	334.7	553	557.5	432.8	560.4
Trp53i11	132.3	180.8	146.1	95.6	96.5	109.8	63.9	138.1	17.5	57.2	37.4	113.6	149.2	23.5	53.9	113.3	192.6	125.1	109.4	196.2	3789.1	3910.3	34.9	27.2
Sars	902.9	1360.4	722.9	1048.7	794.3	897.9	876.1	1010.5	616.1	796.1	1076.1	1758.1	885.9	803.3	799.6	1118.2	865	998.2	947.6	829.8	1725.1	1884.7	2165.9	2215.6
Cry2	319.2	195.4	192	303.2	280.3	274.6	196.8	280	196.1	293.9	347.7	265.7	104.5	250.9	241.8	335	130.8	321.6	285.3	261.6	235.5	251.3	278.5	238.8
Psrc1	115.5	61.5	94.6	214.1	211.6	260.9	392.6	406.3	296.8	401.4	370.2	655.8	29.5	317.6	332.1	309.7	329.5	295.4	371	257.8	257.8	230.2	61.7	84.8
Sort1	488.2	307.4	408	476	382.5	551.9	266.7	321.2	487.8	259.9	399.3	189.7	271.3	431.3	384.5	325.8	308.9	451.1	516	342.4	993.8	935.7	1972	2574
Psma5	1185.3	957.2	1383.6	987.8	1529.3	1390.8	1521.4	1264.1	2184.2	1596.2	1292.3	878.6	1743	1771.6	1660.3	1120.2	1555.5	1670.5	1165.2	1952	588	620.1	999.8	858.7
Il3ra	8.4	35.9	8.5	59.8	16.4	67.3	42	10.8	68.8	4.1	41.9	2.7	27.1	66.8	78.6	33.4	128.4	81.5	36.9	3.8	235.5	241.9	320.1	353.3
Rap1a	1502.4	1484.1	1627.2	1521.4	1491.4	1654.4	2254.6	1601.9	1970.6	1928.3	2000.5	1663.3	2116.5	2003.4	2295.3	1893.4	1510.7	2110	1438.6	2054.6	941.3	871.5	900.5	1095.5
Csde1	5983.3	6395.1	5211.9	4278.4	5526.1	5749.8	5180.5	5437.1	5919	5162.9	4478.1	5070.3	6068.5	5876.7	5133.9	5191.3	6338.5	6260.1	4956.7	5181.4	4755.1	4976.8	6460.2	7215.5
Hist2h2be	213.1	245.1	361.4	311.9	160.9	133.2	320.7	251.6	396.4	289.9	465.2	199.5	517.1	271.4	233	390.6	439.8	190.6	261.6	311.7	292	245.1	48.3	99.6
Hist2h2ac	0	39.5	69.9	39.1	183.7	164.8	35	104.8	308.1	119.8	281.9	450	100.6	204.7	93.2	183.2	174.5	122.2	154.6	118	7.2	9.4	7.4	5.8
Sf3b4	877.7	856.2	1287.6	1079.1	1320.6	1270	1832.1	1670.4	1358.6	2472.6	1888.3	1537.1	1749.4	1721.7	1789.9	1666.7	984.9	2072.1	1896.4	2385.5	1020.1	940.4	897.8	858
Selenbp1	723.4	592.7	940.3	873.7	556.3	383	613.4	575.7	423.1	514.4	554.9	561.9	451.7	604.5	342.3	555.6	266.5	518	397.1	539.9	152.8	131.5	440.2	429
Ssb	8001.2	8957.8	5366.5	5777	7103.3	7413.8	6166.5	7081.1	9134.2	7724	8100.6	8310	9169	8314.4	8193.8	7668.6	7574.2	7625	7322.7	7876	2601.9	2562	2890.6	2878.2
Clk2	316	379.8	387.6	368.4	388.2	424.2	451.5	376	430.3	306.2	259.5	199.5	589	481.2	378.7	350.1	409.5	395.8	341.2	452.7	521.2	612.3	411.3	475.6
Dap3	602.6	663.7	607.1	541.2	686.4	372.1	439.5	525.8	849.2	737.6	718.7	960.9	458.9	648.5	621.9	704.3	672.4	493.3	771.6	942.7	1055.9	1051.6	1854.6	1873.3
Msto1	109.2	64.4	74.1	313	183.7	178.5	189.8	175.3	125.3	104.8	93.5	192.4	197.1	171.7	199.5	131.6	173.2	131	89.2	201.4	533.9	545.8	823.3	669.1
Syt11	865.1	839.4	736.3	684.6	467.6	719.4	392.6	448.4	145.8	170.1	251.3	322.1	445.3	212	192.2	225.7	196.3	270.7	179.5	273.2	48.5	65.8	41.6	67.3
Zbtb34	341.2	589.8	414.4	359.7	111.5	252.6	307.7	332.9	183.8	338.8	507.8	467.9	292.9	456.3	314.6	429.1	439.8	296.9	464.9	257.8	172.7	178.5	168.4	183.8
Urm1	428.4	403.9	383.3	235.8	337.5	288.3	294.7	275.1	411.8	266.7	182.5	486.7	334.4	490.8	256.3	246.9	361	273.6	312.7	432.2	233.9	254.5	182.5	188.9
Cdk7	652	773.5	464.5	406.4	692.1	708.4	264.7	499.4	405.6	596	204.9	415.1	665.6	577.3	439.8	352.2	533.1	647.5	373.3	595.1	572.1	614.7	805.2	832.8
Pde7a	947	859.1	909.9	799.8	782.2	509.4	975	1103.5	564.8	753.9	641.6	920.6	956.9	831.1	1000.6	956.3	1439.2	1970.3	1156.8	955.5	984.3	848	299.9	309.9
Zbtb10	474.5	680.6	471.6	678.1	412.5	481.9	589.4	396.5	269	178.3	382.1	184.3	288.1	236.9	343.7	363.3	225.3	250.3	493.4	277	90.7	87.7	29.5	16.8
Gm10260	132.3	60	86.1	129.3	25.7	63.2	74.9	73.4	139.7	80.3	141.3	129.7	23.1	49.9	88.8	251	46	84.4	111.8	157.8	0	0	0	0
Rps24-ps2	123.9	177.1	98.1	172.8	56.5	20.6	25	62.7	23.6	17.7	53.8	59.9	24.7	21.3	32	43.5	15.7	94.6	91.5	35.9	0	1.6	0	0
Fgfr1op	580.6	440.5	501.9	480.3	711.4	372.1	615.3	576.7	344	604.2	658.1	270.2	440.5	561.2	531.6	464.5	625.1	531.1	649.2	454	881.6	824.5	552.2	761.6
Gm13192	2511.3	1610.7	1913.1	1645.3	1219	827.9	1533.4	1097.6	1007.4	1076.4	950.5	1357.3	815.6	1131.9	1063.2	1430.9	1118.2	887.6	1312.6	2438.1	0.8	0	0	0
Zfp874a	176.4	128.1	194.1	156.5	140.1	92	52.9	112.6	81.1	144.2	12	92.2	197.9	162.9	77.2	152.8	132.1	77.1	92.7	101.3	86.7	86.9	236.2	242
Zfp825	19.9	79.8	24	123.9	0	115.3	111.9	96	123.2	0	97.2	53.7	67	72.6	168.9	107.3	40	141.1	72.5	87.2	76.4	58.7	126.1	102.9
Fam8a1	679.3	578.8	972.8	573.8	691.4	355.6	669.3	381.9	238.2	258.6	596	808.8	691.1	487.8	241.8	590	481	714.5	494.6	333.5	115.4	101.8	40.9	89.3
Dusp22	97.6	27.1	60	142.4	0	1.4	100.9	87.1	27.7	25.9	4.5	81.4	0	0	49.5	32.4	96.9	91.7	96.3	200.1	114.6	137.8	40.9	47.9
Hist1h3a	0	34.4	40.9	53.2	33.6	159.3	98.9	31.3	108.8	46.3	135.4	221.9	173.2	136.4	26.2	75.9	84.8	0	41.6	53.9	22.3	19.6	5.4	3.2
Hist1h2ac	27.3	43.9	50.1	65.2	10.7	54.9	127.9	17.6	26.7	72.1	172	112.7	164.4	73.4	7.3	45.5	78.7	0	22.6	11.5	23.1	29	7.4	5.8
Hist1h2ae	22	128.8	55.1	29.3	583.4	436.6	143.8	80.3	1117.3	224.5	786	359.7	632.9	451.2	94.7	304.6	470.1	321.6	287.7	71.8	128.9	227.9	277.1	167.6
Hist1h3e	56.7	59.3	139.8	98.9	207.3	70	105.9	47	184.8	55.8	36.6	355.2	83	82.2	30.6	32.4	72.7	69.8	99.9	46.2	20.7	18.8	14.8	5.2
Hist1h4f	0	0	8.5	3.3	26.5	49.4	41	14.7	76	130.6	145.8	252.3	150.8	41.8	65.5	163.9	112.7	53.8	93.9	96.2	3.2	0.8	0.7	0
Hist1h2bj	36.7	41.7	18.4	4.3	37.2	107.1	159.8	7.8	398.4	61.2	65.1	231.7	51.1	97.6	51	35.4	27.9	88.8	11.9	37.2	20.7	17.2	12.7	6.5
Hist1h2ag	45.1	0	1.4	1.1	52.2	35.7	2	22.5	164.3	58.5	134.6	89.5	35.1	198.1	39.3	35.4	54.5	11.6	35.7	29.5	3.2	3.9	2	0.6
Hist1h4n	40.9	18.3	16.9	8.7	65.1	50.8	119.9	52.9	120.1	35.4	133.9	40.3	107.7	98.3	56.8	135.6	61.8	33.5	46.4	26.9	1.6	0.8	0.7	1.3
Hist1h2an	0	36.6	19.8	0	85.8	83.7	34	39.2	154	59.9	150.3	196.8	141.3	43.3	62.6	49.6	67.8	52.4	21.4	42.3	7.2	5.5	4.7	1.9
Hist1h3c	11.5	24.1	13.4	14.1	93.7	46.7	0	22.5	141.7	104.8	185.5	204	8	49.9	65.5	118.4	126	24.7	82	79.5	10.3	13.3	9.4	7.1
Epc2	599.5	984.3	926.2	909.6	609.9	652.1	1021.9	553.2	950.9	722.6	701.5	1079.9	1062.2	950.7	645.2	1012	1263.6	1041.9	952.3	579.7	143.2	136.2	103.3	61.5
Lyz2	2760.2	2830.5	3610.1	3527.5	2533.2	3171.5	6050.6	3923.4	1554.7	3264.6	2820.1	6207.4	2461.2	2795	3761.9	2872.9	1904.4	2690.6	2350.5	7829.8	2317.1	2348.2	7446.5	7790.1
Tmem19	597.4	434.7	528.7	334.7	263.8	476.4	514.5	351.5	219.8	436.8	342.5	435.7	293.7	354.3	329.2	456.4	524.6	547.1	253.2	441.2	482.2	509.7	752.8	836.7
Scyl2	459.9	751.5	705.2	737.9	715.7	590.4	968	567.9	996.1	820.6	744.9	802.5	529.9	404.2	935	586.9	580.3	518	434	343.7	215.6	167.6	91.9	157.2
Dazap1	1412.1	1687.5	2370.5	2176.7	2273.6	2833.7	2734.1	2234.4	3323	2910.8	3234.4	3938.5	3086.1	3443.4	2247.3	2602.7	2309.1	2495.6	2185.3	1852	1749	1895.6	978.3	935
Gm10273	49.3	54.2	87.5	67.4	35.7	89.2	325.7	75.4	171.5	125.2	4.5	0.9	51.1	91.7	211.2	14.2	67.8	147	11.9	106.4	0	0	0	0
Strada	487.1	325.6	408	630.3	280.3	519	133.9	480.8	175.6	445	626.7	337.3	497.2	330.8	452.9	466.5	599.7	553	470.8	395	712.2	642.1	738.1	612.8
Marcks	1281.9	1200.9	1409.8	1806.1	779.3	738.6	1262.7	1237.6	1058.7	1137.6	766.5	692.5	1320	843.6	1388	1295.3	1405.3	2144.9	1803.6	1825	2850.2	2766.3	272.4	311.2
Gm10275	3575.9	2180	2124.9	2519	2982.2	2015.5	1622.3	1551	2394.7	2088.8	1960.8	2592.8	2619.3	2313	2139.5	2681.7	2126.1	1752	2355.3	5140.4	25.5	20.4	27.5	18.8
Gm5595	96.6	138.3	16.9	66.3	141.6	105.7	80.9	65.6	144.8	127.9	169.8	99.3	170	135.7	107.8	96.1	49.7	48	58.3	37.2	27.1	26.6	69.1	61.5
Arid1b	3740.8	2853.2	2076.9	2191.9	2554.6	2577	1749.1	2541.8	2841.4	2204.5	1849.4	1874.4	2231.4	1811.2	2072.5	1347.9	1759.1	1440.6	1313.8	1778.9	2727.7	2485.2	1081.6	992
Zfp820	238.3	524.7	303.6	580.3	425.4	494.3	144.8	380.9	321.4	341.6	379.2	710.4	99	250.2	272.4	477.6	323.5	186.3	171.2	320.6	21.5	40.7	51.7	34.9
Psmb3	1014.2	1049.4	1038.4	695.5	1432.8	1631	1640.3	1159.3	1980.9	1562.2	1696.1	1917.3	1374.3	2171.4	1551.1	1447.1	2156.4	1383.8	1354.2	2026.4	997.8	945.9	1168.8	1002.3
Zfp125	186.9	182.9	64.2	19.6	105.1	78.3	42	55.8	54.4	87.1	39.6	45.6	42.3	36.7	115.1	46.5	82.4	24.7	54.7	62.8	63.7	33.7	34.9	73.1
Msi2	6749.7	10733.1	5872.7	8042.8	7365.7	8848.6	5808.8	7895.8	6168.5	4991.5	4710.7	4315.1	7585.6	6861.2	5926.2	7079.6	8401.6	8671.2	8781.5	4814.6	339.8	355.5	22.8	53.7
Wfdc17	32.5	11	56.5	4.3	98	49.4	8	16.6	0	34	0	34.9	288.9	4.4	199.5	116.4	2138.3	2293.3	1722.8	1636.5	93.1	104.1	7.4	7.8
Slfn9	147	221	153.9	235.8	349.6	450.3	243.7	221.3	99.6	178.3	204.9	311.4	562.6	326.4	187.9	344.1	237.4	165.9	195	139.8	287.2	296	423.4	487.9
Fbp1	38.8	5.9	71.3	0	57.2	74.1	27	40.1	16.4	8.2	103.2	8.9	53.5	12.5	68.5	90.1	43.6	91.7	33.3	79.5	47.7	43.8	250.9	219.4
Nlrp1a	0	0	0	7.6	4.3	0	36	2.9	0	0	0	0	0	0	5.8	0	1.2	93.1	13.1	29.5	82.8	81.4	337.5	196.1
Ahnak	925	598.6	710.9	640.1	205.9	109.8	382.6	305.5	57.5	292.6	86	450.9	185.9	164.3	110.7	139.6	426.4	539.9	382.8	1120.9	1208.7	1487.7	200.6	207.1
Sco1	131.2	177.8	201.9	125	153.7	188.1	140.9	180.2	57.5	85.7	164.5	442	254.6	126.2	203.9	137.6	153.9	58.2	215.2	169.3	218.8	209.1	435.5	485.3
Rps12-ps9	163.8	191.7	214.6	183.7	200.2	145.5	236.7	154.7	246.5	232.7	62.8	27.7	144.4	143	218.5	129.5	116.3	259	155.8	175.7	23.1	24.3	20.8	16.8
4930438A08Rik	0	0	0	0	0	0	0	0	0	0	0	0	0	0	0	0	0	0	0	1.3	11.9	22.7	157.7	104.8
Irgm2	1329.2	1454.1	2534.3	1938.7	668.5	834.7	1680.2	1203.4	503.2	552.5	402.3	691.6	620.9	599.3	611.7	734.7	468.8	992.4	788.3	529.7	191	185.6	240.2	136.5
9930111J21Rik2	172.2	308.1	127.1	161.9	135.1	118.1	120.9	175.3	34.9	147	56.1	51	170	214.2	123.8	209.5	638.4	276.5	466.1	466.8	175.1	187.9	27.5	22.6
9930111J21Rik1	56.7	13.2	0	0	1.4	0	0	29.4	0	0	15	0	36.7	0	14.6	1	10.9	0	5.9	6.4	121.7	121.4	12.7	24.6
Atxn1l	202.6	446.4	583.8	697.7	361.1	659	620.3	639.4	480.6	639.6	544.4	475.1	342.4	512.8	556.4	517.1	302.9	660.6	438.7	278.3	78.8	76.7	43.6	36.2
Spdl1	16.8	91.5	94.6	76.1	319.6	200.4	409.6	202.7	503.2	355.2	370.9	164.6	206.7	284.6	317.5	282.3	414.3	349.2	321	332.2	397.1	390.7	285.8	256.9
Hba-a2	10.5	11.7	122.8	111.9	65.1	0	153.8	130.2	0	111.6	311.1	263.9	0	0	119.4	154.8	0	107.7	72.5	605.4	1154.6	1174.5	640.8	610.2
Hba-a1	0	0	0	8.7	0.7	0	3	6.9	0	4.1	0.7	0	0	6.6	18.9	0	0	20.4	1.2	2.6	1565.9	1681.1	904.5	837.3
Rps13-ps2	1497.1	1795.8	2390.3	2410.3	2194.3	1596.7	1632.3	2182.5	1726.2	2352.8	2381.9	2986.5	1766.9	2191.2	2713.3	3679.5	1759.1	2658.6	3159	3632.1	14.3	13.3	20.1	17.5
Fcho1	342.3	262.7	360	357.5	388.2	416	392.6	381.9	349.1	310.3	407.6	416.9	610.5	522.3	377.2	557.6	874.7	649	720.5	813.1	4664.4	4764.6	2023.7	2075.2
Ell	1129.7	1145.2	1323.6	1435.5	1023.8	848.5	1202.7	1036.9	666.4	982.5	1263.1	689.8	806	688.1	908.8	871.3	724.5	1156.8	739.5	878.5	577.7	597.4	378.4	398.6
Ssbp4	93.4	147.1	110.1	115.2	195.9	155.1	70.9	158.6	87.3	148.3	225.1	297	123.7	245	126.7	126.5	140.5	151.3	112.9	144.9	975.5	1061	1880.1	1494.1
Sp140	564.8	442.7	355.1	532.5	399	388.5	423.6	364.2	377.9	415	411.3	564.6	556.3	515.7	447.1	546.5	414.3	497.7	430.4	525.8	212.5	220	108	100.9
Sp110	5103.5	4592	3946.2	3455.8	4336.3	4127	4633.1	3347.7	3895	3512.3	3826.7	4400.1	4272	3590.9	3285.7	3231.2	4512.8	4410.6	3376.6	3144.8	467.1	563.8	452.9	564.9
Mfhas1	177.4	193.9	469.4	415.1	253.1	103	192.8	210.5	75	27.2	60.6	159.3	130.9	83.6	132.5	127.5	100.6	264.8	108.2	220.6	370	350	60.4	42.1
Snora57	173.2	209.3	314.8	310.8	495.5	752.4	675.3	374	1650.2	1196.2	1930.2	1940.6	1191.5	2075.3	1018	1621.2	1325.4	355.1	1159.2	759.3	7.2	3.9	4	4.5
Gm13268	1634.7	671	209.7	247.8	379.7	212.8	175.8	136.1	193.1	104.8	160.8	384.7	276.1	321.3	163.1	380.5	299.2	248.8	225.9	992.7	1.6	0	0.7	1.3
Ndufaf3	227.8	125.9	144	122.8	173	109.8	132.9	169.4	53.4	228.6	255.8	97.5	132.5	82.9	241.8	115.4	144.2	243	136.7	214.2	342.2	363.3	340.9	375.3
Gmppb	52.5	27.1	74.1	126.1	51.5	5.5	79.9	79.3	65.7	112.9	83	8.1	1.6	124.7	84.5	59.7	50.9	168.8	92.7	91.1	296.8	298.3	915.9	924
Mpzl3	0	0	0	0	0	0	0	0	0	0	0	0	0	0	0	0	0	0	23.8	20.5	70	101.8	30.9	18.8
4930581F22Rik	621.5	423.7	804.8	704.2	158	439.3	421.6	397.5	329.6	289.9	342.5	119	259.4	399.8	196.6	325.8	375.6	314.3	369.8	114.1	32.6	27.4	12.7	11.6
Eif3g	1417.4	1315.8	1721.1	1965.9	1786.7	1179.4	1820.1	2163.9	1496.2	2493	2744.6	4063.7	2397.4	1402.6	2257.5	1994.6	1275.7	1904.8	2285.2	3110.1	2718.1	2789.1	4505.6	4351.5
Rnf213	1375.4	1588	1607.4	1584.4	1367.7	1123.1	1022.9	1491.2	1712.8	1522.7	758.3	815.1	1827.6	1850.8	1437.5	1093.9	1415	1640	1815.5	1591.6	361.2	402.5	207.3	245.2
Gm10288	4652.1	2877.4	2395.2	2791.8	2985	2266.7	1730.2	1755.6	2761.3	2012.6	2796.2	2983.8	2172.3	3367.9	2030.3	3742.2	2702.8	2603.3	2503.9	6280.5	15.9	12.5	8.1	7.1
Ccnd1	1748.1	2891.3	2078.3	2547.3	1953.3	1504.7	1271.7	2145.3	1150.1	1269.6	856.3	1026.2	1186.7	845.8	1482.6	782.2	1324.1	1925.2	1348.3	1526.2	1071.8	1012.4	255	228.4
Gm21975	154.3	151.5	182.1	295.6	200.9	347.4	58.9	161.6	327.6	250.4	92	42.9	69.4	374.1	224.3	108.3	150.2	279.4	103.4	139.8	23.1	17.2	75.8	35.6
Itgad	5.2	0	0	0	32.9	8.2	62.9	7.8	0	0	75.5	0	0	0	32	28.3	0	40.7	0	0	144	175.4	14.8	5.8
Capza1	1158	925	1356.1	848.7	1843.9	1150.5	1312.6	1362	1674.9	1767.7	1013.3	1153.3	1061.4	1542.7	1638.5	1337.8	1438	1351.8	1022.5	1675	786.2	781.4	1417.1	1460.4
Tmem256	1046.7	1063.3	1263.6	1116.1	1032.4	1265.8	1502.4	1226.9	1681	1823.5	1826.2	2054.2	1257	1224.4	1669.1	2134.2	1160.6	1351.8	1537.3	1223.5	764.7	757.9	1221.8	1009.4
Rnf121	201.6	125.1	86.1	181.5	117.3	146.9	81.9	103.8	23.6	100.7	246.8	129.7	257.8	109.3	119.4	121.4	89.6	208.1	101.1	251.4	244.3	246.6	330.8	287.3
Serpinh1	78.7	75.4	65.7	96.7	93.7	30.2	101.9	50.9	41.1	19.1	0	42.9	34.3	0	18.9	0	36.3	18.9	4.8	43.6	90.7	84.6	0	1.3
Mesdc1	246.7	302.2	218.1	271.7	220.9	311.7	157.8	192.9	152	136.1	243.8	174.5	282.5	512	358.3	221.6	345.3	350.7	243.7	460.4	866.5	830	275.1	419.3
Fam217b	322.3	382.7	513.2	273.9	351.1	291.1	331.6	407.3	116	319.8	347.7	709.5	312.8	371.9	489.4	344.1	252	301.2	285.3	351.4	42.2	40.7	85.2	89.3
Chchd2	6305.6	4652.7	6047.7	5494.4	6287.5	5285.8	6174.5	5473.4	8073.4	8642.5	9804.2	10514.5	6438.8	6677.8	7701.6	10482.8	5131.8	5040.6	7403.6	7774.7	973.9	1014.8	1189	1151.1
Ndnl2	935.5	804.2	513.2	296.7	353.9	914.4	781.2	615.9	737.3	620.5	142.8	210.3	611.3	334.5	554.9	169	362.2	637.4	136.7	454	490.2	494.1	548.9	528.7
Peg12	160.6	213.7	242.1	113	128.7	351.5	158.8	180.2	256.7	156.5	195.9	340.9	168.4	236.2	152.9	101.2	202.3	171.7	103.4	78.2	13.5	9.4	27.5	20.7
Mkrn3	52.5	80.5	120.7	148.9	80.1	12.4	46	38.2	78	6.8	17.9	19.7	28.7	3.7	27.7	39.5	42.4	133.9	29.7	16.7	14.3	13.3	3.4	7.8
Top1	6278.3	7232.2	4772.1	5684.6	6732.2	5719.6	5007.7	7718.5	6849.3	7778.4	6424.7	5761.9	7105.2	6289.7	6775.3	6089.9	6087.7	6427.4	6456	7142.4	1762.5	1657.6	1097.7	1074.1
Rasal2	181.6	271.5	96.7	280.4	176.6	238.9	95.9	243.8	260.8	178.3	266.2	162.8	158.8	272.2	182.1	138.6	218.1	66.9	212.8	184.7	95.5	97.1	29.5	30.4
Mn1	243.6	237.8	156.7	180.4	24.3	97.5	119.9	94	0	21.8	3	1.8	1.6	132.8	83	51.6	856.5	1031.7	546.9	681	197.3	158.9	9.4	0
Vsig10l	87.1	78.3	85.4	107.6	51.5	92	271.7	159.6	88.3	111.6	190.7	195	23.1	107.8	49.5	103.2	58.2	46.6	89.2	148.8	106.6	72	123.5	82.2
Gm13251	206.8	257.6	161.7	355.4	397.5	310.3	131.9	107.7	11.3	55.8	172	116.3	77.4	261.2	189.3	118.4	335.6	115	224.7	123.1	12.7	14.9	38.2	31.7
Lrrc8b	529.1	555.4	723.6	544.4	791.5	921.2	1061.9	814.6	1480.8	1235.6	1289.3	683.6	612.1	435.7	1488.5	726.6	359.8	975	718.1	533.5	487.8	490.9	509.9	374
Sox13	40.9	87.1	81.9	109.8	143	56.3	185.8	99.9	0	66.7	79.3	162.8	69.4	52.8	150	108.3	54.5	88.8	91.5	107.7	68.4	73.6	151	89.9
Runx3	552.2	511.5	364.3	380.4	1447.1	1615.9	1080.9	1691	3590	2230.4	2459.7	3248.7	3201.8	2355.5	2366.7	2098.8	2160.1	2086.7	2002.2	1796.8	783.8	822.2	524.7	541.6
Rps12-ps10	835.7	938.1	512.5	374.9	503.3	668.6	747.2	483.7	709.6	1069.6	83.8	148.5	558.6	542.9	824.3	180.1	826.2	938.6	224.7	282.2	3.2	0.8	0.7	1.9
Utp3	1290.3	1218.4	821.7	667.2	1106.8	1168.4	913	835.2	1049.5	623.3	883.9	1343.8	1044.7	1436.4	924.8	1008.9	902.6	868.7	1092.6	1050.4	1007.4	965.4	913.2	1127.2
Sars2	107.1	98.1	146.1	82.6	314.6	72.8	138.9	137.1	177.7	341.6	371.7	157.5	217.9	209.8	144.2	162.9	300.4	311.4	174.8	150.1	592	580.2	560.9	512.5
Eid2b	201.6	125.9	49.4	7.6	142.3	78.3	92.9	69.5	139.7	99.3	0	105.6	55.1	8.8	58.3	56.7	157.5	125.1	78.5	34.6	74.8	74.4	96.6	66.6
1700049G17Rik	6.3	33.7	62.1	72.8	1.4	71.4	44	83.2	149.9	49	47.1	65.3	110.1	77.8	96.1	130.5	71.5	122.2	209.3	28.2	19.9	29	27.5	31.7
Gm10282	67.2	46.8	51.5	44.6	66.5	116.7	41	96.9	159.2	115.7	92	71.6	43.1	137.9	122.3	83	104.2	53.8	85.6	123.1	31	21.9	16.1	26.5
Rmdn3	277.2	361.5	327.6	220.6	378.2	162	69.9	290.8	484.7	281.7	409.1	421.4	129.3	272.2	160.2	332.9	198.7	142.6	174.8	429.6	533.1	595.1	705.9	651.6
Fryl	3143.4	3671.4	2342.3	2772.2	1562.2	2634.7	2565.3	3030.4	2830.1	2935.3	1811.3	1737.5	3553.8	2233.8	2695.8	2324.5	2121.3	3116.9	2121.1	1528.8	1360.7	1368.7	318.7	380.5
Gm12942	213.1	282.5	398.1	374.9	324.6	499.7	131.9	206.6	257.7	201.4	277.4	154.8	241.8	221.5	158.7	153.8	213.2	97.5	334.1	152.6	119.4	144.1	206.7	161.8
Dgkd	673	624.2	569	670.5	682.1	510.7	534.4	636.4	547.3	691.3	771	604.8	399.8	825.3	630.6	723.5	814.1	729	652.7	820.8	2622.6	2530.7	801.8	694.3
Rbm47	64	17.6	117.2	41.3	15	19.2	78.9	85.2	28.8	29.9	30.7	29.5	130.9	267.8	87.4	56.7	267.7	305.6	400.7	356.5	372.4	310.9	118.1	82.2
Cited4	7.3	16.1	63.5	0	110.1	2.7	8	78.3	15.4	58.5	77	11.6	0	0	27.7	12.1	0	0	0	88.5	18.3	25.1	155	131.4
Gltscr1	173.2	165.4	48	70.6	182.3	92	25	71.5	56.5	6.8	74	56.4	67.8	296.4	141.3	117.4	144.2	174.6	126	39.8	168.7	169.1	58.4	41.4
6330408A02Rik	226.8	185.9	97.4	236.9	63.6	156.5	65.9	67.6	182.8	95.3	225.1	67.1	159.6	104.2	74.3	124.5	143	74.2	89.2	83.4	85.1	79.1	42.3	51.1
Zscan18	60.9	88.5	235.1	196.7	100.8	74.1	160.8	91.1	0	96.6	109.9	134.2	53.5	43.3	23.3	128.5	127.2	69.8	112.9	98.8	14.3	27.4	12.1	23.3
Skint3	269.8	458.8	311.3	279.3	167.3	57.7	99.9	73.4	0	0	0	30.4	0	0.7	0	9.1	0	0	0	0	0	1.6	0	0
Ccdc173	438.9	295.6	225.9	290.2	317.4	329.5	193.8	237	142.7	144.2	101	132.4	186.7	265.6	68.5	217.6	283.5	266.3	403.1	234.7	20.7	20.4	2.7	5.2
Klhl9	1675.6	1396.2	1985.1	1325.8	1822.5	1438.8	1625.3	1466.7	1499.3	1717.3	1171.1	1127.3	1271.3	1468.6	1510.3	1675.8	1266	1162.7	1081.9	1177.4	924.6	884.8	1482.2	1554.3
Rraga	3727.1	3821.4	3724.5	3512.3	3149.5	2408.1	3849.9	3028.5	2970.8	2823.7	3474.5	4495	3383	2061.4	2438	2615.9	2187.9	1973.2	2486.1	1548	676.3	669.5	565.6	565.5
Tgfbrap1	274	289.1	309.9	339.1	363.2	505.2	206.8	429.8	255.7	326.6	246.8	510	312.8	451.9	268	356.2	438.6	244.5	305.6	405.3	347.7	358.6	191.9	192.8
Il1rl2	32.5	67.3	39.5	64.1	60.1	0	61.9	67.6	4.1	12.2	0	0	0	107.1	17.5	29.3	104.2	65.5	32.1	35.9	148	117.5	395.9	331.9
Rabepk	516.5	586.9	535.1	561.8	574.1	611	426.5	544.4	634.6	640.9	332.8	500.1	641.6	179	640.8	531.3	428.9	468.6	412.6	560.5	340.6	364.1	570.3	591.4
Dnajc25	240.4	327.1	159.5	406.4	266.7	189.5	141.8	234	234.1	167.4	81.5	282.7	227.4	430.6	326.2	435.1	272.6	301.2	336.5	269.3	93.1	73.6	240.2	218.1
Ndufb6	772.7	629.3	641	454.2	1003.1	790.8	1792.1	884.2	1172.7	1084.6	1563	1026.2	938.5	1320.4	1267.1	1150.6	898.9	1167	1255.5	1041.4	395.5	409.5	595.8	518.3
Camkmt	17.8	10.2	2.8	41.3	20	17.8	0	51.9	0	5.4	43.4	23.3	17.6	0	65.5	50.6	9.7	0	30.9	11.5	51.7	41.5	95.9	103.5
Gm15210	46.2	64.4	64.9	34.8	115.1	93.4	69.9	73.4	102.7	127.9	12.7	18.8	70.2	188.5	72.8	32.4	87.2	88.8	9.5	37.2	12.7	24.3	21.5	29.8
Rasgrp3	26.2	0	5.6	46.7	0	0	16	6.9	41.1	0	0	0	0	48.4	0	0	88.4	202.3	7.1	32.1	124.1	112.8	0	3.9
Rpl7a-ps5	2277.2	2179.3	3344.7	3824.1	2375.2	1545.9	2167.7	2193.3	2334.1	3011.5	2923.3	3402.6	1861.9	2451.6	2818.2	3838.3	1965	2530.5	3288.6	4256.7	0	0	0.7	0
Safb	858.8	948.4	504.7	603.1	953.1	952.8	477.5	717.7	704.4	636.9	984.9	578	724.6	877.4	627.7	736.7	999.5	915.3	866.7	578.4	1477.6	1472	1025.3	1252.7
Zfp827	387.4	545.2	392.5	395.6	353.2	439.3	172.8	306.5	62.6	98	49.4	34	172.4	69.7	122.3	64.8	113.9	189.2	128.4	121.8	27.1	30.5	3.4	14.9
Treml2	1564.3	1577.7	2393.8	1479	1397.1	1256.2	933	1649.8	1081.3	1615.3	1718.5	1951.3	800.5	1178.1	1255.4	1318.6	718.4	665	1076	1022.2	927.8	915.3	441.5	531.2
Ptges3	2953.3	3638.4	2773.6	2801.5	3834.4	5869.3	3494.3	4916.2	5419.9	4772.4	3850.6	3688.9	5102	5530.5	4726.1	4328.1	5080.9	4611.4	4151.8	5381.5	1365.4	1411.8	1924.4	1890.1
Yipf3	264.6	140.5	141.9	144.5	110.8	133.2	133.9	152.7	219.8	178.3	145.8	236.2	175.6	289.8	257.8	260.1	193.8	227	111.8	230.9	1044	1089.2	1215.8	1221.7
Jund	471.4	405.4	286.6	191.3	430.4	79.6	143.8	235	222.8	142.9	147.3	135.1	283.3	73.4	173.3	150.8	77.5	237.2	170	351.4	4620.6	4722.3	310.7	388.2
Nr2c2ap	388.5	234.2	431.3	446.6	299.6	351.5	308.7	324.1	319.4	329.3	351.5	208.5	308.1	249.4	320.4	441.2	187.8	416.2	360.3	387.3	128.9	130.8	90.6	102.2
1700029J07Rik	106	124.4	66.4	100	4.3	151	2	53.9	43.1	6.8	27.7	5.4	70.2	77.8	11.7	13.2	52.1	11.6	51.1	24.4	4.8	7.8	0	3.2
Rpl36a-ps3	171.1	25.6	52.2	114.1	111.5	114	84.9	53.9	56.5	46.3	163.8	78.7	91	181.9	96.1	114.4	101.8	29.1	86.8	293.7	0.8	0	0	1.3
Srsf3	6243.7	6604.4	6669	6877.8	8694.8	6888	8130.4	9826.6	9353.9	10871.5	10311.2	10502	9350.1	9261.5	10426.5	8169.5	8520.3	8725.1	8700.7	9556.1	4330.2	4256.4	6220	5967.3
Arhgef10	52.5	65.1	81.9	113	61.5	30.2	57.9	87.1	37	0	6.7	0	32.7	39.6	0	43.5	110.2	145.5	135.5	103.9	401	389.2	9.4	0.6
Smim15	807.4	818.1	770.2	1086.7	532.7	1068.1	967	681.5	947.8	937.6	903.4	882.2	743	663.9	632.1	934	1029.8	646.1	1018.9	661.8	664.4	700.8	588.4	681.4
Naip5	1109.7	1094.8	890.9	606.4	362.5	495.6	657.3	653.1	390.2	412.3	487.6	462.6	343.2	310.3	250.5	530.3	347.7	117.9	384	147.5	93.9	76	138.2	194.8
Cecr2	0	0	41.7	9.8	67.9	0	59.9	59.7	50.3	127.9	65.8	162.8	67	0	75.7	11.1	0	59.7	3.6	304	1621.6	1492.4	0	0
Slc25a16	198.4	184.4	227.3	228.2	321.7	87.9	108.9	299.6	132.5	194.6	56.8	194.2	145.2	146.7	260.7	94.1	318.6	126.6	141.5	179.6	334.2	377.4	615.3	602.4
Zfp213	155.4	184.4	319.8	147.8	186.6	199.1	423.6	236	198.2	396	191.4	368.6	158	144.5	380.1	247.9	229	68.4	275.8	366.8	245.1	231.8	189.2	201.9
Zfp946	98.7	60.7	48	83.7	170.9	61.8	30	56.8	88.3	10.9	32.9	33.1	9.6	52.1	80.1	99.2	115.1	71.3	189	153.9	101.8	81.4	162.4	121
Zfp942	510.2	283.2	432.7	654.2	343.9	373.4	433.5	393.6	334.8	232.7	399.3	93	384.7	361.7	410.7	395.7	381.6	342	281.8	289.9	178.2	175.4	208	209
Zfp65	394.8	338.8	320.5	344.5	383.9	402.3	318.7	326.1	96.5	171.5	182.5	201.3	419.8	157	310.2	286.4	256.8	375.4	458.9	318.1	91.5	84.6	83.2	153.4
Zfp58	30.4	65.9	81.9	48.9	5	11	62.9	52.9	93.4	31.3	80.8	91.3	99.8	52.8	72.8	94.1	75.1	7.3	76.1	48.7	45.4	43.8	88.6	71.8
2610044O15Rik8	161.7	230.5	204	218.4	233.8	151	359.6	244.8	38	182.3	109.9	96.6	177.2	227.4	270.9	148.8	301.7	323	168.8	174.4	95.5	90	166.4	160.5
Rps8-ps1	413.7	233.4	108.7	17.4	145.9	256.7	616.3	122.4	382	268.1	3	2.7	95	148.2	460.2	2	437.3	263.4	3.6	77	0	0	0	0
Tia1	3079.3	2375.4	2204.6	2887.4	3058.7	3087.7	2711.1	3235.1	2769.5	3014.2	1910	1055.7	3072.6	3174.9	3205.6	2228.3	5013.1	3991.5	3130.5	2790.8	940.5	931	842.7	720.8
Setdb2	76.6	43.9	53.7	3.3	149.4	193.6	34	38.2	359.4	209.6	10.5	213.8	91.8	69.7	74.3	73.9	98.1	142.6	74.9	55.1	234.7	212.2	332.8	293.1
Tbpl1	488.2	306.6	624	800.9	554.1	435.2	460.5	663.9	452.9	628.7	617.7	389.2	454.9	664.6	690.3	883.4	449.5	601	585	709.2	577.7	588	671.6	590.1
Map3k5	485	359.3	384	555.3	435.4	254	226.8	385.8	559.7	219.1	354.5	462.6	770.1	487.8	515.6	684.1	662.7	915.3	760.9	633.6	826.7	799.4	341.5	314.5
Hpcal1	303.4	204.2	261.9	251	238.1	222.4	142.8	280	116	152.4	134.6	384.7	434.1	281.7	123.8	146.7	184.1	227	233	194.9	313.5	292.8	596.5	555.8
2410004P03Rik	46.2	59.3	24.7	25	0	0	0	17.6	0	0	0	0	0	33	21.8	0	100.6	29.1	48.7	14.1	86.7	88.5	14.1	55
Rpl23	42843.9	40595.1	39478.7	41259.3	27588.8	29426.1	34040.9	30761.5	29045.5	28528.1	34660.2	46824.2	29044	28074.2	29167.7	35385	29825.4	32602.7	36618.3	40075.2	574.5	554.4	797.8	751.2
Rps15-ps2	618.4	348.3	473.7	465.1	591.3	366.6	233.8	351.5	479.6	366.1	377.7	518	379.1	383.7	321.9	868.3	434.9	301.2	382.8	1097.8	2.4	3.9	6	4.5
Psmg4	677.2	377.6	709.5	524.9	506.9	259.5	688.3	471.9	502.1	449.1	795	647.8	814	508.4	779.2	596	261.7	878.9	669.4	765.7	225.2	214.5	310	268.5
Dtnb	202.6	185.1	163.1	150	55.1	192.2	111.9	182.1	181.8	62.6	105.4	99.3	243.4	61.6	141.3	56.7	231.4	165.9	126	116.7	605.5	525.4	247.6	178.6
1110002L01Rik	100.8	259.8	149	226	20	241.6	108.9	155.7	116	87.1	69.5	89.5	163.6	85.1	144.2	187.2	169.6	50.9	41.6	91.1	32.6	36.8	19.5	23.3
Zfp777	365.4	185.9	224.5	240.2	178.7	178.5	167.8	164.5	152	123.8	173.5	68.9	276.9	206.9	176.2	231.7	180.5	149.9	195	324.5	767.9	801	588.4	627
Nutf2-ps1	46.2	39.5	56.5	107.6	47.2	90.6	106.9	76.4	97.6	46.3	63.6	102.9	177.2	115.9	75.7	101.2	153.9	154.2	108.2	143.6	8.8	4.7	4	5.8
Hist1h2ai	4.2	25.6	19.1	59.8	69.4	0	61.9	0	254.7	35.4	68.1	136.9	81.4	32.3	103.4	8.1	59.4	2.9	5.9	26.9	1.6	1.6	0	1.3
Usmg5	2511.3	2354.9	2712.9	2475.5	3119.4	3163.2	4395.3	2870.8	5265.9	3327.2	4386.8	2173.2	4961.6	4816.7	3676	2845.6	4119	2437.4	4037.7	2799.8	62.1	68.9	106.7	73.8
Pcnp	1394.3	1938.5	1664.6	1436.6	3024.3	2453.4	2064.8	1798.7	2464.5	2144.6	1512.9	999.4	2051.8	2437	2614.3	1370.2	2223.1	2489.8	1795.3	2185.4	538.7	495.6	556.2	570.7
Nt5dc2	136.5	77.6	182.8	235.8	289.6	218.3	815.1	427.9	236.2	608.3	714.9	1082.6	229.8	705	664.1	408.8	331.9	333.2	400.7	386	2136.5	2081.2	4229.8	4422.1
2510002D24Rik	917.6	882.5	811.1	569.4	750.7	836.1	777.2	794.1	823.6	511.7	999.9	713.1	540.3	751.9	563.6	650.7	655.4	924	632.5	507.9	194.9	227.1	155.7	201.2
Cebpd	36.7	13.2	149	23.9	21.4	0	65.9	53.9	28.8	53.1	68.8	59.1	70.2	115.9	147.1	108.3	19.4	109.1	82	151.3	205.3	195.8	2066.6	2068
Eef1g	6629	6687.8	5533.1	5423.8	6323.2	7578.6	7185.4	5976.6	6724.1	6975.5	7354.3	8514	7545.7	8337.2	7188.9	6771	7242.2	7577	7633	8508.3	835.5	851.9	1337.9	1253.4
Tut1	242.5	224.7	265.4	140.2	451.9	249.9	222.8	201.7	422.1	307.5	300.6	203.1	194.7	330.1	224.3	240.8	225.3	426.4	346	234.7	675.6	757.2	968.9	1094.8
Mta2	1805.8	2104.6	1872.8	1831.1	2433.1	2417.7	2534.3	1992.5	2667.9	2238.5	2237.5	2450.6	2550.6	2145.7	2119.1	2289	2695.5	1695.3	2085.4	1862.2	7221	7068.9	5442.3	5535.7
Eml3	408.4	777.2	830.2	707.5	549.1	421.5	1063.9	514	902.6	642.3	956.5	265.7	691.9	345.5	715.1	597.1	545.2	571.9	623	397.6	874.5	943.5	868.2	847.7
Rom1	129.1	72.4	69.9	126.1	153	98.9	47	7.8	89.3	24.5	1.5	0.9	27.9	0	21.8	21.3	25.4	16	11.9	26.9	54.9	75.2	32.9	25.9
B3gat3	142.8	199	62.8	140.2	160.9	105.7	44	107.7	117.1	74.8	72.5	59.1	111.7	31.5	112.1	228.7	104.2	131	120.1	34.6	458.3	469	476.4	541
Ganab	715	820.3	842.9	593.3	338.9	394	581.4	510.1	663.4	499.4	543.7	810.6	525.9	509.8	406.3	686.1	462.8	359.4	554	470.7	3732.6	3684.8	5781.8	5597.8
Ints5	236.2	219.5	255.5	261.9	108.7	300.7	251.7	337.8	586.4	366.1	456.9	493	170.8	190.7	211.2	306.6	371.9	481.7	353.1	191.1	1328	1541.7	1793.5	1903
Uqcc3	746.5	652	541.5	838.9	540.5	329.5	778.2	577.7	791.7	684.5	729.9	626.3	452.5	417.4	518.5	617.3	444.6	608.3	795.4	669.5	289.6	300.7	471	339.7
Ubxn1	1729.2	1826.5	1132.3	1204.1	1542.9	1230.1	1103.8	1091.7	1358.6	1243.8	1795.6	2477.4	1094.1	1390.1	1286	1928.8	1602.8	1417.3	1462.4	1839.1	1772	1752.4	1228.6	1197.1
Bscl2	408.4	449.3	532.3	531.4	602	764.7	701.3	613.9	638.7	536.2	714.9	599.5	324.8	471	388.9	517.1	564.5	592.2	657.5	581	1059.9	1099.3	1513.7	1286.4
Hnrnpul2	2110.3	2188	1537.5	1477.9	1421.4	1297.4	1498.4	1685.1	1994.2	1539.1	1257.9	1269.6	2152.4	1576.5	1619.5	1581.7	1619.7	1276.2	1538.5	1160.7	427.3	398.5	250.9	240.1
Ttc9c	631	638.1	754.6	728.1	703.5	597.2	686.3	902.8	905.7	1011.1	1184.6	1463.7	762.2	497.4	741.3	1128.3	524.6	1014.2	1188.9	825.9	653.3	782.2	924.6	744.8
Zbtb3	29.4	0	14.1	0	47.2	1.4	1	37.2	123.2	49	39.6	169.1	0	0	0	0	6.1	1.5	10.7	43.6	42.2	25.8	81.9	93.8
Polr2g	607.9	801.3	1023.6	910.7	978.8	908.9	920	992.8	677.7	1119.9	1257.1	1105.9	814	851	1026.8	1425.8	597.3	828	904.8	949.1	836.3	790.8	1244.7	1111.7
Snx29	248.8	150.7	129.9	214.1	213.8	326.8	93.9	112.6	90.4	205.5	125.6	84.1	213.9	218.6	227.2	164.9	401	241.6	298.4	201.4	371.6	427.5	81.2	73.1
Sms	1295.6	1619.4	1106.9	1759.4	1466.4	1550	1630.3	1506.9	1792.9	1956.8	1675.9	2041.7	2002.3	1775.3	1773.9	1771.9	2075.3	1622.5	1803.6	1943	184.6	237.2	200.6	264.7
Csf2rb	414.7	259.1	309.9	390.1	267.4	263.6	295.7	569.9	596.6	783.8	661.1	658.5	1608.9	1312.4	1080.7	950.2	695.4	905.1	1035.6	909.3	1504.7	1555	1731.8	1853.9
Csf2rb2	47.2	249.5	87.5	347.7	99.4	38.4	87.9	103.8	19.5	164.7	26.9	119.9	72.6	80.7	326.2	88	17	87.3	136.7	82.1	1081.4	1133.8	85.9	92.5
Ncf4	34.6	0.7	67.1	92.4	88.7	13.7	123.9	140	139.7	159.2	69.5	163.7	374.3	371.9	176.2	288.4	132.1	190.6	404.2	650.2	972.3	1018.7	2006.2	1917.3
Gspt2	290.8	494.7	425	384.7	191.6	219.7	279.7	208.6	122.2	127.9	157.8	220.1	209.9	247.2	190.8	164.9	147.8	97.5	145.1	96.2	13.5	20.4	219.4	165
2610005L07Rik	45.1	101	64.2	47.8	215.9	174.4	62.9	106.7	81.1	87.1	56.1	0	71.8	28.6	4.4	33.4	156.3	34.9	89.2	11.5	14.3	5.5	2	6.5
6820431F20Rik	192.1	302.2	177.9	353.2	267.4	311.7	299.7	239.9	178.7	234.1	262.5	102	266.6	112.2	129.6	259.1	178.1	291	198.6	179.6	7.2	6.3	4.7	5.2
Apcdd1	0	0	0	0	0	0	0	0	0	0	0	0	0	0	0	4	0	0	0	0	141.6	168.3	8.1	15.5
Ccdc112	1654.6	1113.8	1034.2	979.1	752.9	1106.6	564.4	588.5	324.5	360.6	356.7	377.6	653.6	277.3	252	559.6	103	302.7	324.6	183.4	24.7	25.1	4.7	0.6
Ppia	3178	2852.5	3742.9	3272.1	5069.9	5478	4889.8	4092.8	6135.6	5260.9	6800.9	5972.1	4359.8	5757.2	5655.3	7170.7	5806.6	4723.4	6098.1	5475.1	851.4	853.5	1030.6	816.6
6720489N17Rik	27.3	8	44.5	27.2	156.6	267.7	52.9	84.2	73.9	83	104.7	95.7	93.4	47.7	110.7	56.7	71.5	58.2	44	66.7	43.8	80.6	161	127.5
Ccnf	87.1	101	173	160.8	341.8	204.6	195.8	250.7	931.4	559.3	649.1	1317.9	158.8	344.1	247.6	636.5	516.1	481.7	512.4	519.4	1928.8	2055.4	1105.8	1184.8
Tuba1a	359.1	380.5	377	627	371.8	508	528.4	553.2	570.9	560.7	786.7	1296.4	438.9	793.7	770.4	780.2	984.9	828	906	582.3	378	384.5	164.4	206.4
Trim6	839.9	576.6	530.2	597.7	362.5	291.1	443.5	533.6	226.9	357.9	249	174.5	458.1	151.9	378.7	155.8	411.9	145.5	285.3	241.1	7.2	5.5	31.5	0
Taf1a	144.9	173.4	267.5	182.6	210.9	133.2	181.8	196.8	67.8	80.3	44.1	126.2	33.5	129.1	192.2	306.6	78.7	107.7	280.6	192.4	132.9	97.9	103.3	115.8
Ppp1r3e	320.2	146.4	211.8	179.3	220.9	267.7	207.8	263.4	302.9	88.5	212.4	315.8	334.4	289	301.5	162.9	26.7	202.3	191.4	132.1	13.5	27.4	22.8	12.3
Phf20l1	1958	1675.1	1344.1	2046.3	2595.4	1760.1	1273.7	2007.2	1718	1525.5	1657.2	1436.9	2620.8	1654.2	2162.8	1641.4	2035.3	2210.4	1838.1	1426.2	781.4	716.4	432.1	479.5
Fam84b	543.8	517.4	506.2	470.5	356.8	531.3	498.5	411.2	283.4	325.2	82.3	174.5	247.4	471.7	578.2	339	373.1	323	306.7	221.9	123.3	112.8	146.9	198.7
Ptrh2	451.5	207.1	309.9	471.6	438.3	450.3	531.4	378.9	614.1	514.4	621.5	504.6	405.4	247.2	375.8	385.6	484.6	385.6	485.1	487.4	457.5	443.2	686.4	776.5
Ear2	0	0	91.1	0	0	0	84.9	15.7	99.6	0	9	0	0	0	0	28.3	30.3	0	17.8	38.5	94.7	114.3	105.3	128.1
Ear1	0	0	84.7	0	0	0	3	10.8	0	0	80	80.5	3.2	0	1.5	49.6	37.6	0	35.7	133.4	117	104.9	79.2	71.8
Gm10384	122.8	87.8	83.3	36.9	139.4	332.2	313.7	140	174.6	24.5	118.2	115.4	239.4	220.1	167.5	193.3	357.4	519.5	247.3	228.3	117.8	133.9	113.4	73.8
Slfn2	395.8	792.5	329	512.9	179.5	122.2	264.7	259.5	101.7	80.3	95.7	359.7	62.2	3.7	131.1	72.9	43.6	16	66.6	448.9	503.7	483.9	844.8	918.8
Slfn10-ps	186.9	100.3	41.7	82.6	92.9	70	76.9	134.1	243.4	126.6	130.1	168.2	204.3	169.5	24.8	83	302.9	321.6	168.8	189.8	84.3	71.3	15.4	5.8
Lyrm9	981.6	701.8	575.3	657.5	496.9	601.3	547.4	617.8	460	592	707.5	258.6	332.8	294.2	512.7	443.2	425.2	243	508.9	270.6	90.7	108.8	207.3	154.6
Zfp783	831.5	463.2	589.5	697.7	331	572.5	301.7	443.5	503.2	319.8	412.1	311.4	503.6	401.3	435.5	262.1	401	395.8	580.2	601.5	207.7	198.9	248.9	170.2
Rpl37rt	1572.7	1233.1	1786.7	1802.9	1727.4	1204.1	1314.6	1182.8	1321.6	1232.9	1732.8	1682.9	1683.1	1517.1	1405.4	1952.1	1259.9	1599.2	1886.9	2881.8	24.7	32.1	40.9	39.5
1500011B03Rik	534.4	433.9	674.2	622.7	369.6	362.5	490.5	585.5	553.5	465.4	439	510	365.5	317.6	234.5	489.8	322.3	537	344.8	380.9	210.1	195	130.8	188.9
Smim10l1	1088.7	1257.9	994.7	1005.2	943.1	941.8	832.1	946.8	1340.1	1209.8	509.3	329.3	1201.9	1001.3	1080.7	618.3	960.7	1060.8	850.1	775.9	532.3	519.9	605.2	589.5
4930522L14Rik	49.3	59.3	28.2	78.2	253.8	6.9	135.9	17.6	105.8	31.3	101.7	117.2	171.6	69	88.8	29.3	55.7	8.7	70.1	64.1	54.1	50.9	79.2	122.3
5430403G16Rik	165.9	87.8	150.4	221.7	110.8	171.6	138.9	147.8	160.2	74.8	59.8	54.6	187.5	55.8	67	250	375.6	69.8	203.3	178.3	21.5	42.3	30.9	46.6
Gm10419	424.2	502	432.7	636.8	214.5	19.2	136.9	119.5	1	12.2	41.9	163.7	0	52.8	1.5	32.4	0	0	14.3	12.8	2.4	0	0	0
Acrbp	285.6	157.3	335.3	293.4	94.4	234.8	212.8	203.7	94.5	104.8	157.8	82.3	60.7	191.5	234.5	212.5	271.4	144.1	273.5	264.2	17.5	13.3	2.7	2.6
Grcc10	116.5	68.8	103.1	60.9	154.4	107.1	79.9	51.9	186.9	15	24.7	53.7	83	186.3	23.3	28.3	109	97.5	34.5	91.1	51.7	69.7	38.9	46.6
Zfp951	92.4	86.4	79.8	76.1	146.6	210.1	42	113.6	16.4	81.6	149.6	136.9	134.9	176.8	141.3	87	149	122.2	148.6	92.3	74	77.5	117.4	115.2
9330160F10Rik	84	32.2	123.5	118.5	32.9	34.3	97.9	53.9	0	1.4	23.2	47.4	20	9.5	78.6	102.2	90.9	33.5	78.5	85.9	10.3	17.2	4.7	12.9
Cep170b	246.7	206.4	339.6	384.7	173.7	81	171.8	214.4	132.5	127.9	150.3	80.5	109.3	88	65.5	95.1	123.6	48	95.1	157.8	381.9	458.1	10.7	44
Rybp	249.9	125.9	333.9	220.6	207.3	133.2	175.8	233	285.5	163.3	192.9	130.6	149.2	393.2	125.3	358.2	163.5	397.3	412.6	348.8	51.7	63.4	37.6	25.9
Nfxl1	286.6	507.9	450.4	276	509.1	335	217.8	408.3	114	389.2	276.7	133.3	233	344.8	282.5	181.1	178.1	259	237.8	202.6	184.6	187.9	592.5	567.5
4933439C10Rik	495.5	298.6	576.7	605.3	554.8	450.3	665.3	811.7	345	578.3	822.6	583.3	563.4	330.8	400.5	547.5	299.2	439.5	734.8	624.6	64.5	47.8	8.1	1.3
Gm12258	269.8	143.4	159.5	154.3	190.9	122.2	316.7	113.6	79.1	246.3	118.9	0	194.7	134.2	16	51.6	58.2	101.9	93.9	47.5	18.3	26.6	0	13.6
Gm10443	768.5	947.7	473.7	343.4	454.7	974.8	1138.8	342.7	1048.5	800.2	185.5	183.4	551.5	630.9	840.4	210.5	851.7	983.7	193.8	219.3	0	0	0.7	0.6
Ptgr2	761.2	562.7	573.9	465.1	419	466.8	402.6	412.2	522.7	451.8	268.5	364.1	134.9	473.9	286.9	212.5	447	372.5	309.1	492.5	589.6	586.5	994.4	1056.7
Acot1	548	366.6	300.7	489	386.1	341.9	535.4	293.7	69.8	21.8	80	109.2	612.9	333	203.9	200.4	535.5	746.5	640.8	311.7	19.9	13.3	74.5	58.2
Bhlhb9	583.7	698.9	544.3	773.7	905.9	715.3	430.5	683.4	744.5	586.5	580.3	677.3	559.4	666.1	613.2	571.8	600.9	456.9	573.1	677.2	837.9	817.5	965.5	980.3
Gprasp2	650.9	942.5	420	619.4	388.2	295.2	464.5	323.1	169.4	100.7	233.3	183.4	133.3	128.4	119.4	156.9	86	350.7	246.1	282.2	46.2	71.3	0	0
Armcx5	478.7	532	337.4	169.5	315.3	311.7	110.9	283	172.5	145.6	231.8	277.4	203.5	262.6	136.9	98.2	163.5	180.4	212.8	65.4	124.1	116.7	88.6	81.5
Oip5	6.3	26.3	17.6	59.8	141.6	85.1	129.9	98.9	156.1	43.5	138.4	160.2	68.6	190	152.9	134.6	135.7	93.1	101.1	50	426.5	387.6	402.6	446.5
Vamp5	3005.8	2395.9	2693.1	3348.2	3226.7	3258	2987.8	3141.1	4264.7	4512.5	4487.1	5270.7	2307.2	2313.7	2770.1	2484.3	1223.6	958.9	935.7	1555.7	99.5	101.8	151	146.9
Gpr174	0	0	0	0	40	0	0	22.5	0	65.3	38.1	0	0	1.5	0	0	14.5	80	33.3	44.9	173.5	172.3	2.7	0
Zxdb	320.2	164.7	217.4	170.6	198	118.1	225.8	101.8	382	283	45.6	14.3	201.9	99	136.9	104.2	147.8	176.1	79.7	52.6	103.4	76	50.3	47.9
Lrrc61	101.8	208.6	193.4	132.6	139.4	260.9	90.9	111.6	126.3	123.8	154.1	153	145.2	148.2	173.3	128.5	266.5	168.8	174.8	148.8	183	166	97.3	175.4
Vma21	539.6	570.8	879.6	561.8	749.3	709.8	691.3	719.7	1161.4	568.8	506.3	646	1056.6	748.3	751.5	745.8	598.5	519.5	404.2	761.8	316.7	321	632.7	594
BC023829	205.8	88.5	112.2	170.6	141.6	116.7	266.7	220.3	93.4	145.6	217.6	156.6	161.2	88.8	190.8	161.9	235	132.4	212.8	309.1	413.8	381.3	728	619.2
5031425E22Rik	1066.7	814.5	970	1200.8	574.1	1035.2	782.2	482.7	535	398.7	440.5	348	494	328.6	442.8	432.1	691.8	491.8	456.6	484.8	364.4	379.8	103.3	74.4
1810058I24Rik	921.8	672.5	1171.9	1155.2	855.8	1169.7	876.1	794.1	860.5	941.7	1133	1869	851.5	630.1	1137.5	1193.1	863.8	1126.3	1104.5	922.1	634.2	684.3	654.2	552
Gm10478	355.9	239.3	275.3	239.1	133	205.9	391.6	228.1	147.9	249	201.9	328.4	290.5	188.5	208.3	115.4	379.2	141.1	309.1	260.4	3.2	6.3	2	3.2
2500004C02Rik	56.7	103.2	50.1	82.6	175.2	162	97.9	139	18.5	55.8	41.1	48.3	69.4	108.6	109.2	166	84.8	107.7	147.4	48.7	37.4	33.7	23.5	58.9
Gm14636	302.4	663	346.6	456.4	383.2	569.8	321.7	750	408.7	362	447.2	322.1	869.1	834.1	365.6	973.5	848	606.8	721.7	325.8	68.4	51.7	10.1	55
Nudt11	31.5	76.8	126.4	118.5	29.3	123.6	18	15.7	0	69.4	0	0	0	5.1	0	0	0	0	3.6	0	3.2	0	0	0
C030034I22Rik	470.4	273	269.7	145.6	318.9	269.1	144.8	155.7	139.7	224.5	64.3	92.2	328	172.4	174.8	61.7	147.8	109.1	52.3	160.3	21.5	14.1	4.7	1.3
A330017A19Rik	389.5	221.7	122.8	157.6	77.9	184	172.8	222.3	148.9	35.4	271.5	104.7	188.3	122.5	132.5	50.6	289.5	126.6	112.9	80.8	39	32.9	2	0
C920025E04Rik	19.9	0	9.9	0	32.2	0	65.9	0	45.2	25.9	44.9	34	0	38.1	30.6	23.3	61.8	5.8	11.9	0	130.5	130.8	36.2	21.4
H2-Q6	1737.6	1252.8	3143.5	2920	1644.4	1765.6	2487.4	1929.9	1270.3	1562.2	1961.6	2011.3	999.2	773.9	1200.1	1072.7	871.1	1420.2	1362.5	1229.9	1800.7	1878.4	296.6	337.1
H2-D1	10831.7	9132.7	10061.7	9029.5	7108.3	7389.1	8151.4	7482.6	7135.8	6390.4	5036	5756.5	7006.2	6628.7	6953	5768.1	7545.1	7731.2	5130.3	8918.7	30485.7	30031.2	19655.6	19002.5
Lst1	1315.5	1180.4	1507.9	1210.6	736.4	260.9	839.1	752	639.8	608.3	602	688	599.3	589.1	681.6	581.9	838.3	342	350.7	472	29.4	31.3	165.7	182.5
Gm10501	90.3	43.2	69.2	57.6	222.4	75.5	25	64.6	55.5	83	26.2	78.7	40.7	66	59.7	14.2	29.1	77.1	105.8	26.9	5.6	10.2	8.7	8.4
H2-Ab1	170.1	50.5	402.4	334.7	304.6	201.8	371.6	344.7	229	299.4	323.1	544	199.5	180.5	394.7	417.9	341.6	835.3	607.6	908	7574.3	7863.7	356.3	348.8
Zfp414	147	132.5	192	247.8	162.3	119.4	243.7	216.4	143.8	304.8	172.8	402.6	368.7	266.3	275.3	202.4	151.4	331.8	186.7	186	377.2	334.3	264.4	302.8
Gm4924	57.7	8.8	163.1	132.6	45.8	94.7	18	33.3	110.9	100.7	103.2	51	45.5	71.2	75.7	87	58.2	112	82	132.1	8	14.1	12.1	7.1
Wdr90	182.7	160.3	158.8	94.5	210.2	166.1	112.9	202.7	212.6	288.5	98.7	157.5	213.9	315.4	374.3	106.3	225.3	152.8	288.9	225.7	620.6	677.3	446.2	406.4
Eme2	106	49	72	84.8	62.2	179.9	151.8	34.3	129.4	43.5	0	0	292.1	0.7	13.1	22.3	130.8	48	70.1	120.6	71.6	82.2	49.7	63.4
D330041H03Rik	219.4	109	153.2	229.3	195.9	190.8	224.8	206.6	80.1	228.6	321.6	196.8	120.5	296.4	319	163.9	164.8	149.9	176	50	23.9	26.6	4.7	3.2
Sft2d1	785.3	298.6	888.1	424.9	476.2	771.6	1120.8	838.1	832.8	800.2	335.8	66.2	889	928.7	1083.6	622.4	855.3	766.9	618.3	752.8	156.8	143.3	191.9	154
D730003I15Rik	216.3	176.4	269.7	260.8	76.5	145.5	132.9	60.7	104.7	76.2	187	18.8	75	107.1	37.9	89.1	47.2	69.8	95.1	120.6	58.1	45.4	20.8	12.9
Marc2	2168	1677.3	2093.1	2055	2566.8	1890.5	1951.9	1637.1	1990.1	1799	2190.4	2057.8	1534.7	1588.2	1785.6	1682.9	1816	1910.6	1909.4	2458.6	1475.2	1531.6	2133.7	2009.8
Ifi204	27.3	0	7.8	79.3	0	17.8	78.9	38.2	16.4	2.7	50.1	25.1	0	0	37.9	7.1	55.7	26.2	22.6	132.1	11.1	5.5	89.9	84.1
Pydc4	47.2	20.5	92.5	1.1	35	1.4	228.8	59.7	0	8.2	35.9	0	63.8	0	69.9	25.3	117.5	225.5	110.6	203.9	47.7	19.6	0	0
Cep76	164.8	76.1	195.5	144.5	143	153.8	357.6	322.1	330.7	234.1	265.5	78.7	285.7	84.4	269.4	261.1	136.9	518	208.1	193.7	406.6	383.7	348.2	381.1
Gm4951	872.5	806.4	528.7	736.8	57.9	216.9	261.7	291.8	17.5	29.9	53.8	89.5	39.9	80	99	25.3	277.4	526.8	85.6	146.2	19.9	13.3	2.7	0
Ppp1r12b	263.5	226.9	182.1	306.5	335.3	127.7	158.8	228.1	203.3	206.8	213.9	402.6	128.5	114.4	252	154.8	86	50.9	151	134.7	105.8	75.2	31.5	31.7
Csnk1g3	557.5	815.2	715.8	936.7	725	789.4	804.1	937	833.8	738.9	753.8	478.7	795.7	704.2	863.7	516.1	676	685.4	785.9	563	707.4	589.6	481.1	556.5
3222401L13Rik	176.4	2.9	167.3	32.6	35.7	211.4	0	57.8	100.6	24.5	47.1	0	0	10.3	14.6	23.3	56.9	48	32.1	12.8	3.2	1.6	1.3	0
Ecscr	169	109	133.4	161.9	141.6	15.1	2	35.2	0	16.3	0	0	0	0	16	16.2	4.8	1.5	4.8	3.8	4	3.1	0	0
D2hgdh	315	437.6	454.6	625.9	476.2	344.6	446.5	371.1	382	371.5	289.4	340	281.7	326.4	324.8	441.2	323.5	464.2	265.1	327	216.4	237.2	180.5	201.2
Myeov2	1372.2	1397.7	2861.2	2709.2	1816.8	1591.2	3167.6	2230.5	2185.2	3293.2	3759.4	3896.4	1826	2328.4	2927.4	3662.3	1795.4	2860.8	2877.2	2273.9	398.6	386	720.6	607
C130036L24Rik	239.4	196.1	144	218.4	128.7	141.4	346.6	188	167.4	61.2	154.1	484.9	161.2	244.3	151.5	184.2	162.3	164.4	179.5	57.7	44.6	55.6	42.3	51.8
Rab18	1325	1659.7	2290.1	1795.3	1849.6	2504.2	1864	1940.6	1686.1	2056.2	1285.5	1181	1306.4	1413.6	1396.7	1139.5	1551.9	1478.4	1437.4	1168.4	1426.7	1320.9	1531.2	1608.6
Rpl27-ps3	139.6	170.5	142.6	128.2	135.8	157.9	189.8	118.5	221.8	216.4	50.9	15.2	138.9	195.1	256.3	65.8	262.9	155.7	40.4	116.7	19.1	16.4	14.8	17.5
Wdfy1	1878.3	622	1644.8	1586.6	627.7	1504.7	1461.5	1618.5	595.6	875	1023	1187.3	569.8	694	1045.7	1475.4	949.8	1484.3	1232.9	1204.3	74	91.6	47	82.8
Nbeal1	642.5	585.4	663.6	707.5	654.9	654.9	452.5	732.4	367.6	710.3	504.8	403.5	591.4	699.8	713.6	386.6	585.1	862.9	324.6	306.5	94.7	100.2	62.4	54.4
Hspe1	5768.1	4392.9	4539.2	3842.6	6945.3	6823.5	6928.7	5828.8	8459.5	7413.7	7030.5	8356.5	6284	7977.7	9334.2	5470.6	6237.9	6236.8	5628.5	6149.7	434.5	406.4	508.6	424.5
Gm10563	102.9	169.8	27.5	80.4	62.9	59	22	78.3	109.9	16.3	60.6	25.1	0	15.4	40.8	12.1	86	17.5	36.9	37.2	0	0.8	0	0
Faap20	689.8	735.4	718.6	838.9	360.3	619.2	628.3	580.6	396.4	628.7	621.5	639.7	485.2	411.5	527.2	469.5	448.2	277.9	667	439.9	412.2	442.4	586.4	540.3
Klhl21	507.1	605.9	633.9	437.9	251.7	450.3	442.5	478.8	469.3	480.4	273.7	442.9	500.4	458.5	272.4	319.8	292	352.1	444.7	212.9	489.4	482.3	481.8	663.9
Rpl31	32338.7	24830.2	25671.3	23776.2	23010.8	25474.8	28634.7	19150.9	27047.2	20693.9	29960.1	32751.5	23647.5	26164	23591.1	22823.6	29661.8	22607.2	27067.5	29548.2	77.2	65	57.7	56.3
Apitd1	91.3	50.5	69.9	185.8	396.1	245.8	256.7	188	569.9	443.6	224.4	725.6	122.9	266.3	249	272.2	278.6	270.7	298.4	332.2	459.9	499.6	408	350.1
Lmbrd1	547	520.3	773.7	557.5	432.6	600	583.4	378.9	196.1	235.4	313.3	269.3	239.4	446	297.1	280.3	393.7	590.8	357.9	422	432.1	414.2	449.6	449.1
5730409E04Rik	568	461	306.4	285.8	225.9	508	242.7	122.4	6.2	42.2	88.2	247.8	124.5	224.5	144.2	205.4	393.7	120.8	325.8	203.9	4	3.9	14.1	10.4
Btbd19	153.3	79	178.6	178.2	154.4	133.2	330.6	139	201.3	156.5	151.1	65.3	138.1	111.5	109.2	176.1	101.8	71.3	78.5	116.7	138.5	161.3	144.9	133.9
Kti12	296.1	262.7	319.8	409.7	693.5	212.8	462.5	334.9	467.2	508.9	302.9	202.2	332	429.9	380.1	436.2	295.6	326	240.2	559.2	426.5	381.3	695.8	607.6
Efcab7	139.6	108.3	159.5	47.8	197.3	133.2	329.7	211.5	77	228.6	50.9	29.5	88.6	63.8	217	167	130.8	305.6	206.9	152.6	39	53.2	26.2	20.1
Alg6	144.9	181.5	363.6	462.9	336.8	431.1	348.6	356.4	266	631.4	624.4	607.5	509.2	448.2	298.6	420	293.2	387.1	379.3	302.7	175.1	197.3	600.5	368.8
Tufm	181.6	199.8	209	198.9	359.6	362.5	159.8	239.9	233.1	300.7	370.9	327.5	398.2	357.3	352.5	177.1	215.6	228.5	278.2	243.7	254.6	278.7	373.7	412.2
Gm13305	414.7	147.8	106.6	97.8	228.1	42.6	100.9	121.4	91.4	138.8	104.7	195	150	112.2	141.3	224.7	49.7	58.2	86.8	121.8	0	0	0	0
Ccl27a	172.2	246.6	130.6	263	55.1	157.9	133.9	151.8	0	20.4	90.5	84.1	122.9	160.7	106.3	40.5	73.9	173.2	126	92.3	8	7.8	6	6.5
Il11ra1	1484.5	1055.2	1252.3	1419.2	1064.6	821	983	889.1	775.3	552.5	727.7	1207	957.7	818.7	873.9	736.7	380.4	478.7	456.6	640	119.4	106.5	565	525.4
Gm1966	195.3	341	165.2	179.3	281.7	254	51.9	257.5	180.7	198.7	71	241.6	766.9	636.8	372.8	470.6	1322.9	1121.9	1123.6	996.5	702.6	796.3	707.2	752.5
Mob3b	24.1	149.3	67.1	136.9	102.2	204.6	161.8	159.6	174.6	83	97.2	34.9	116.5	256.8	147.1	74.9	58.2	163	146.2	110.3	182.2	187.9	156.3	108.1
Hbb-bt	647.8	839.4	496.3	729.2	699.2	199.1	507.5	600.2	136.6	224.5	465.2	221	928.9	214.9	289.8	560.6	319.8	481.7	725.3	1242.8	758.3	798.7	467.7	436.1
Trim68	527	382	291.6	292.3	256.7	199.1	242.7	335.8	191	167.4	162.3	127	261.8	139.4	237.4	153.8	359.8	234.3	260.4	214.2	93.9	86.1	84.5	106.8
Rhog	369.6	583.2	619.1	815	656.3	575.3	852.1	1005.6	572	1004.3	958.7	1461.9	1104.5	527.4	1090.9	1362.1	648.1	1165.6	1433.9	1264.6	1803.9	1964.6	3170.4	3089.1
Ggh	207.9	366.6	432.7	572.7	301	271.8	238.7	315.3	325.5	325.2	329.1	515.3	242.6	173.1	158.7	375.4	311.3	390	354.3	342.4	279.3	277.2	931.3	815.3
Ttpa	215.2	202	86.8	176	71.5	63.2	181.8	78.3	79.1	27.2	12.7	16.1	0	14.7	59.7	180.1	81.2	66.9	123.7	103.9	57.3	47	83.9	56.3
4632427E13Rik	1722.9	2563.4	1578.5	2607	1488.6	1970.2	1192.7	1632.2	1557.8	1160.8	1483.7	589.6	1338.4	1173.7	1280.2	1500.7	2058.3	1837.9	1776.3	932.4	307.9	346.1	169.1	136.5
Exoc8	212.1	300.8	441.2	258.6	182.3	288.3	133.9	283.9	298.8	230	350.7	484.9	520.3	191.5	358.3	347.1	345.3	420.5	249.7	286	588	569.2	660.2	658.7
4930520O04Rik	200.5	273	144	209.7	198	341.9	267.7	218.3	80.1	212.3	212.4	54.6	271.3	297.8	300	301.6	328.3	171.7	196.2	138.5	87.5	65	32.9	71.8
Mlycd	172.2	251	363.6	407.5	334.6	300.7	238.7	312.3	199.2	235.4	267	489.4	220.3	239.9	387.4	302.6	172	269.2	208.1	264.2	418.5	368	888.4	975.1
Fam169b	116.5	103.2	206.8	116.3	211.6	37.1	187.8	133.2	108.8	49	71.8	0.9	85.4	70.4	122.3	34.4	103	138.2	153.4	60.3	123.3	122.9	10.7	2.6
Snrnp40	464.1	680.6	461.7	423.8	703.5	642.5	530.4	531.7	654.1	790.6	296.1	382	511.6	606.7	668.5	412.9	603.3	877.5	485.1	827.2	2434.1	2408.5	2740.3	2848.4
Svip	350.7	308.1	489.9	247.8	263.1	269.1	359.6	396.5	115	304.8	196.7	137.8	494	558.3	375.8	596	530.6	436.5	429.2	323.2	127.3	137	1774.1	1909.5
Rbm15b	557.5	588.4	871.8	492.3	407.5	560.2	432.5	747.1	423.1	624.6	552.7	288.1	543.5	834.8	670	472.6	743.8	902.2	382.8	772.1	1986.1	1846.3	1194.3	1483.7
Rpl13a	37300.5	30809.6	29991.6	28369.8	21829.7	23628.2	29271	21394.1	27302.9	25341	25194.8	42312.3	24685.8	23805.5	22058.9	23177.8	27030.5	26830.1	26594.3	38913.2	3740.6	3789.7	4631.1	3752.4
Nlrc5	881.9	540.8	982.7	986.7	595.6	442.1	971	730.4	343	443.6	630.4	875	401.4	189.3	442.8	355.2	451.9	576.2	737.1	670.8	702.6	617.8	105.3	89.9
Zfp788	63	61.5	158.1	58.7	166.6	98.9	326.7	55.8	163.3	118.4	15.7	39.4	227.4	62.4	109.2	78.9	37.6	132.4	107	29.5	74.8	90.8	64.4	147.5
AW146154	552.2	355.6	411.6	424.9	438.3	370.7	282.7	353.5	451.8	272.2	264.7	315.8	393.4	363.9	284	358.2	544	273.6	292.5	278.3	55.7	43.8	104	105.5
Plekhf1	79.8	13.2	60.7	71.7	64.3	0	46	36.2	32.9	35.4	51.6	17.9	41.5	7.3	20.4	75.9	9.7	17.5	46.4	41	51.7	43.1	142.2	121.6
Znhit6	446.2	401.8	396.7	439	520.5	377.6	322.7	547.3	406.6	318.4	350.7	710.4	306.5	223	335	487.8	370.7	218.3	430.4	227	323.9	342.2	514	462
G430095P16Rik	280.3	229.8	138.4	131.5	147.3	74.1	103.9	46	199.2	138.8	303.6	1.8	23.9	119.6	104.9	97.1	124.8	100.4	46.4	75.7	18.3	18	14.1	27.2
Sdhaf1	393.7	570.1	369.9	271.7	423.3	278.7	322.7	400.5	191	436.8	308.1	670.1	466.1	142.3	151.5	184.2	212	211	382.8	441.2	86.7	88.5	90.6	102.9
Dnajb14	695	1417.5	703.1	631.4	851.5	638.4	571.4	758.8	449.8	483.1	519	335.5	666.4	399.1	566.5	486.7	620.3	398.7	412.6	424.5	247.5	213.8	136.2	223.2
Zfp382	29.4	48.3	1.4	41.3	102.2	76.9	0	15.7	0	17.7	1.5	25.9	0	0	13.1	38.5	33.9	64	8.3	9	147.2	126.1	51.7	64.1
Zfp568	2.1	53.4	47.3	167.4	83.7	149.6	79.9	165.5	72.9	185.1	166.8	163.7	110.1	105.6	126.7	101.2	100.6	197.9	66.6	132.1	137.7	136.2	383.1	440
Spint2	99.7	73.2	77.7	60.9	73.6	45.3	89.9	58.7	55.5	27.2	12	5.4	50.3	50.6	68.5	40.5	66.6	93.1	25	66.7	2251	2230	1808.3	1483.1
Ap1ar	1432	1080.8	1366.7	1546.4	2162.1	1259	1936.9	1508.8	1788.8	1737.8	2031.1	1240.1	1237.8	1282.3	1763.7	1644.4	1113.3	1231.1	1539.7	1132.5	1371.8	1386.7	854.2	1050.2
Dda1	437.8	342.5	290.8	211.9	708.5	455.8	322.7	278.1	476.5	254.5	326.1	223.7	327.2	366.8	565.1	359.2	352.5	350.7	387.6	393.7	1587.4	1548	1056.8	1050.2
Rec114	0	0	8.5	0	0	0	96.9	29.4	206.4	157.9	48.6	191.5	0	0	0	0	0	0	0	25.7	0.8	2.3	0.7	0
Ceacam1	68.2	12.4	101.7	81.5	153	140	209.8	111.6	191	156.5	33.7	48.3	126.1	69	64.1	130.5	133.3	165.9	114.1	188.5	384.3	382.9	374.4	367.5
Phldb3	116.5	113.4	112.2	102.2	207.3	67.3	108.9	69.5	110.9	92.5	102.5	147.6	209.9	69.7	48.1	144.7	69.1	100.4	85.6	137.2	17.5	18.8	2.7	0
Zfp94	49.3	54.9	168	142.4	103	196.3	104.9	160.6	30.8	89.8	122.6	113.6	0	104.2	58.3	103.2	149	221.2	49.9	119.3	117.8	88.5	91.3	109.4
Zfp109	14.7	12.4	24.7	14.1	0	0	130.9	25.5	72.9	23.1	23.2	0	45.5	27.1	48.1	18.2	0	21.8	0	0	58.1	43.8	157	147.5
Peak1	290.8	474.9	406.6	545.5	409	532.7	249.7	467	331.7	268.1	438.2	374	735.8	386.6	441.3	614.3	799.6	852.7	1188.9	886.2	334.2	454.9	62.4	106.8
I830077J02Rik	0	0.7	35.3	0	0	74.1	48.9	56.8	111.9	50.4	49.4	104.7	131.7	123.2	96.1	35.4	8.5	117.9	71.3	85.9	781.4	718	561.6	675.5
AA386476	173.2	106.1	220.3	321.7	215.2	109.8	201.8	318.2	201.3	160.6	284.2	196.8	221.9	140.1	158.7	156.9	110.2	379.8	258	37.2	30.2	35.2	4	31.1
Ccdc61	96.6	114.9	104.5	106.5	97.2	215.6	140.9	109.7	253.6	93.9	114.4	223.7	173.2	180.5	77.2	295.5	60.6	117.9	184.3	73.1	374.8	349.2	367	330.7
Ehd2	3.1	5.9	2.1	3.3	0	0	0	7.8	0	0	6.7	0	0	0	0	0	0	0	0	30.8	95.5	107.3	0	0
Zfp865	385.3	480.1	217.4	299.9	432.6	302	326.7	280	355.3	451.8	480.9	331.9	278.5	465.8	257.8	367.3	478.5	301.2	451.8	160.3	94.7	76	34.2	42.1
Zfp628	138.6	130.3	169.4	138	85.1	74.1	61.9	165.5	116	99.3	267	161.9	89.4	176.1	142.7	306.6	83.6	125.1	180.7	301.4	68.4	69.7	22.1	33.6
Spc24	350.7	264.2	415.1	419.5	980.9	999.5	1218.7	851.8	1728.2	1728.2	2157.5	2469.4	1118.1	1451	1165.1	1378.3	982.5	996.8	1619.3	1162	1508.7	1514.3	981	894.9
Mex3a	1467.7	1601.9	582.4	518.4	1161.1	1131.3	772.2	1034.9	855.4	887.2	667.8	823.1	1017.5	1374	1082.1	1144.5	1055.2	1398.4	834.6	769.5	78.8	77.5	22.8	12.3
A430078G23Rik	170.1	237.1	112.9	198.9	174.5	212.8	92.9	192.9	185.9	126.6	187.7	117.2	97.4	215.7	161.7	295.5	391.3	152.8	400.7	286	261	300.7	85.2	70.5
Arfip1	462	198.3	429.9	310.8	426.1	575.3	531.4	369.1	563.8	227.3	376.2	382.9	420.6	435.7	384.5	293.5	462.8	499.1	526.7	389.9	95.5	84.6	71.8	52.4
Gm10709	91.3	98.1	120.7	110.8	159.4	92	163.8	59.7	214.6	110.2	1.5	0.9	47.9	70.4	195.2	56.7	238.7	120.8	127.2	96.2	0.8	1.6	0	0
Rps8-ps4	1002.6	566.4	533.7	731.4	634.9	576.6	383.6	433.8	509.3	562	769.5	807	718.3	582.5	476.2	702.3	459.2	388.5	587.3	1398	0.8	0	0.7	0
Cass4	40.9	0	0	20.6	41.5	0	0	16.6	0	35.4	57.6	0	0	0	0	0	0	26.2	79.7	21.8	136.9	115.1	22.1	0
Kcng1	0	0	0	0	0	0	0	3.9	0	0	0	10.7	29.5	0	18.9	12.1	172	103.3	128.4	227	1123.5	1032	87.9	86.7
Mocs3	133.3	116.4	103.1	64.1	12.2	148.3	20	125.3	239.3	166	50.1	51.9	23.9	122.5	64.1	75.9	30.3	101.9	79.7	109	158.3	163.6	405.3	410.9
Zfos1	4128.2	2942.5	3864.3	3568.8	2882.8	3948.6	3166.6	2577.1	3344.6	2303.9	2153	2396.9	3500.3	2496.4	3042.5	3295.9	4122.7	3317.7	3803.4	2925.4	245.1	180.9	65.8	58.2
Lekr1	168	36.6	59.3	19.6	87.9	119.4	19	87.1	35.9	142.9	77	8.1	114.9	127.6	55.3	61.7	81.2	75.7	91.5	78.2	54.1	40.7	58.4	56.9
4931440P22Rik	53.5	87.1	49.4	65.2	36.5	162	194.8	71.5	31.8	29.9	23.9	92.2	16.8	27.1	27.7	59.7	49.7	97.5	61.8	69.3	72.4	56.4	40.3	19.4
Arfgef2	160.6	379.8	304.3	357.5	395.4	440.7	734.2	276.1	379.9	449.1	187.7	180.7	468.5	440.1	530.1	174.1	311.3	497.7	146.2	209.1	744	805.7	377.8	375.9
Mgst2	288.7	189.5	397.4	391.2	77.9	116.7	164.8	166.5	18.5	84.4	36.6	79.6	148.4	178.3	69.9	206.4	248.4	477.3	516	410.4	329.4	382.9	633.4	639.3
Mafb	2.1	73.2	56.5	53.2	57.9	0	40	30.4	102.7	132	208.6	200.4	67	0	88.8	39.5	14.5	56.8	58.3	32.1	39	54.8	18.1	19.4
4930518I15Rik	107.1	103.9	50.8	125	29.3	68.6	25	52.9	0	10.9	87.5	15.2	7.2	0.7	35	40.5	100.6	42.2	23.8	41	3.2	11.7	1.3	1.3
BC029722	467.2	372.5	381.2	160.8	195.2	286.9	111.9	202.7	225.9	87.1	255.8	192.4	146	303	67	168	290.8	154.2	220	196.2	206.9	169.9	108.7	131.4
Eif2s2	10199.7	10206.2	7680.6	8673.1	10879.8	10345.1	8609.9	9106	12084.4	10411.6	11553.4	13213	11149	12061.6	10827	10975.7	8641.5	8617.4	10059.7	10133.3	600	611.5	716.6	689.8
Kif5a	10.5	6.6	52.9	14.1	4.3	17.8	0	18.6	22.6	0	0	8.9	1.6	0	36.4	38.5	53.3	68.4	22.6	15.4	86.7	76	1.3	0
Tspyl3	380.1	696.7	477.2	547.7	590.6	300.7	549.4	690.3	500.1	457.2	596.8	471.5	707.1	420.3	493.7	847	499.1	619.9	734.8	663.1	424.9	424.4	415.3	381.1
Ttll9	0	0	4.2	0	0	0	31	0	0	0	0	0	0	0	0	35.4	0	0	10.7	1.3	136.1	118.2	97.3	98.4
Zcchc3	638.3	378.3	453.9	674.8	336	508	374.6	406.3	267	296.7	403.8	440.2	446.9	288.3	342.3	122.4	255.6	280.8	347.2	251.4	195.7	162.9	230.1	220
Csnk2a1	4407.4	4433.2	3278.4	4624	3000.8	2631.9	2164.7	4242.6	2989.3	3395.2	3499.2	4308	3428.5	3466.2	3521.6	3428.5	3387.3	3488	4099.5	4056.6	314.3	279.5	146.3	209
Zfp950	1785.9	1734.3	1591.2	1810.5	1116.1	1191.7	1080.9	948.8	1261	812.4	981.9	721.1	727.8	867.1	605.9	1044.3	1362.9	852.7	1177.1	1177.4	89.1	91.6	118.8	92.5
B930041F14Rik	98.7	79.8	40.2	171.7	142.3	122.2	151.8	142	70.9	43.5	107.7	119	69.4	61.6	61.2	56.7	140.5	46.6	183.1	182.1	161.5	173	130.8	104.2
Thbd	244.6	131.7	212.5	30.4	188.8	63.2	265.7	161.6	314.2	349.7	92.7	347.1	38.3	103.4	147.1	16.2	90.9	90.2	64.2	77	296.8	247.4	491.8	450.4
Pdzd8	510.2	840.8	792.8	840	1172.6	1337.2	862.1	1196.5	1508.5	1238.3	872	730.1	1530.7	1077.6	1500.1	1179.9	1475.6	1321.3	1626.5	1106.8	1336.8	1359.3	1272.8	1185.4
Atxn7l3b	6169.1	6690.7	6483.3	6911.5	5512.5	6923.7	7589	7154.5	5402.4	6428.5	5898.2	4996.9	6709.3	5342.7	6939.8	5928	5746	6636.9	5904.3	4570.9	1192	1088.4	1521.8	1564.6
Kiz	434.7	330	315.6	306.5	328.9	299.3	318.7	222.3	387.1	68	246	166.4	253.8	180.5	128.2	227.7	272.6	55.3	239	324.5	258.6	270.1	99.3	111.9
Gm561	384.3	324.2	405.2	181.5	448.3	285.6	118.9	229.1	293.7	228.6	190.7	52.8	451.7	159.2	367	67.8	310.1	312.9	183.1	270.6	54.9	43.8	75.8	71.8
Ube2n	353.8	342.5	466.6	548.8	631.3	536.8	539.4	627.6	484.7	494	524.2	352.5	597.8	636	803.9	473.6	248.4	605.3	533.8	477.1	261.8	285	545.5	394.1
Plxnc1	2769.6	2959.3	3306.6	3309	2547.5	2804.9	2642.2	2786.6	2569.3	2750.2	2443.9	2007.7	781.3	981.5	789.4	958.3	628.8	644.6	527.9	572	619.9	660.9	480.4	281.5
Hspa12b	160.6	90	164.5	213	125.1	120.8	242.7	94	47.2	12.2	77.8	8.9	96.6	110.8	106.3	99.2	14.5	1.5	55.9	21.8	17.5	5.5	6.7	9.1
Arrdc3	379	466.9	487.1	266.2	287.4	266.3	248.7	363.3	296.8	249	204.9	144.9	375.1	187.1	371.4	191.3	365.9	331.8	231.8	219.3	405.8	444.7	209.3	273.1
Itpa	397.9	363	439.8	589	511.2	313	590.4	521.9	514.5	602.8	599	1000.3	297.7	785.7	546.2	770.1	626.3	509.3	549.3	623.3	491.7	519.1	650.8	691.7
Gm4149	581.6	564.9	869.7	771.6	960.2	893.8	865.1	645.3	979.6	894.1	946	1135.4	728.6	561.9	935	435.1	969.2	646.1	789.5	370.7	78	69.7	73.1	64.7
Gas2l3	816.8	1137.2	1022.9	970.4	1056	918.5	1030.9	750	1356.5	904.9	1004.4	580.7	891.4	628.7	872.4	575.8	928	778.5	367.4	336	660.4	578.6	340.9	359.8
Gm10762	79.8	71.7	96.7	85.9	53.6	26.1	59.9	60.7	104.7	104.8	93.5	26.8	67	12.5	112.1	51.6	69.1	101.9	32.1	29.5	109	112	97.3	67.9
Hps6	148	137.6	95.3	81.5	23.6	53.5	17	31.3	1	57.2	53.8	7.2	47.1	16.9	42.2	71.8	124.8	17.5	28.5	79.5	159.9	150.3	340.2	391.5
Gm14005	0	0	25.4	0	11.4	0	0	7.8	20.5	21.8	23.2	59.1	15.2	51.4	18.9	73.9	0	10.2	14.3	16.7	10.3	18.8	114.1	150.1
Itpripl1	309.7	292.7	161	282.5	151.6	159.3	178.8	311.4	194.1	144.2	209.4	170.9	162	368.3	339.3	238.8	427.7	321.6	261.6	424.5	171.9	191.8	198.6	237.5
2010315B03Rik	172.2	261.2	249.9	159.7	102.2	100.2	304.7	154.7	119.1	137.4	115.2	55.5	235.4	132	126.7	134.6	176.9	164.4	239	134.7	89.1	98.7	153.7	157.9
Zfp808	11.5	8.8	0	6.5	117.3	0	0	36.2	0	27.2	0	42.1	173.2	14.7	0	8.1	13.3	80	36.9	35.9	35	33.7	97.3	58.9
Ctla2b	574.3	945.5	864.8	731.4	825.8	1098.3	954	720.6	736.3	924	437.5	476	727.8	297.8	536	639.6	548.8	523.9	613.5	395	21.5	15.7	18.8	12.9
Spata5l1	24.1	8.8	0	10.9	18.6	1.4	25	1	0	0	15	11.6	0	0	24.8	15.2	18.2	4.4	22.6	18	97.9	97.9	182.5	203.2
Serf2	2070.4	2340.3	2770.8	3153.6	2625.4	2773.3	2605.2	3018.7	2814.7	3387.1	4793.7	4839.4	2815.6	3080.3	3600.3	5365.4	2998.4	3186.8	4559.6	3925.8	308.7	287.4	195.9	191.5
Grk6	589	741.3	523.1	657.5	809.4	729	838.1	961.5	889.3	1061.4	1139.7	1729.5	1065.4	915.5	803.9	902.7	799.6	1270.3	966.6	1037.6	4419.3	4252.5	2597.4	2521.6
Lcmt2	63	193.2	194.8	279.3	277.4	111.2	390.6	140	88.3	122.5	318.6	291.7	91.8	272.9	273.8	296.5	139.3	318.7	174.8	162.9	403.4	446.3	893.1	708.5
Ifit3	47.2	52	107.3	144.5	78.6	33	98.9	67.6	0	0	0	32.2	24.7	0	37.9	28.3	93.3	0	67.8	103.9	24.7	19.6	0	3.9
Ranbp6	207.9	248.1	253.4	248.9	78.6	159.3	393.6	187	198.2	130.6	178	298.8	99.8	151.1	266.5	187.2	230.2	139.7	168.8	270.6	218	214.5	289.2	197.4
Chst14	82.9	62.9	207.5	147.8	36.5	104.3	137.9	193.9	51.3	44.9	10.5	7.2	71.8	16.1	158.7	44.5	138.1	48	104.6	69.3	171.9	168.3	263.7	269.8
Inafm2	393.7	379.1	573.2	621.6	411.1	450.3	659.3	514	509.3	415	326.1	218.3	442.1	388.1	824.3	462.5	464	828	426.8	501.5	1408.4	1311.5	934	940.2
Fam122a	215.2	223.9	211.8	306.5	289.6	153.8	337.6	273.2	133.5	283	302.1	189.7	260.2	176.1	228.7	208.5	276.2	342	365	218	550.6	530.9	460.3	486.6
Ptar1	16.8	33.7	42.4	9.8	0	0	130.9	39.2	0	24.5	20.2	0	0	75.6	32	0	8.5	29.1	15.5	9	99.5	128.4	75.1	75.1
Qser1	1738.6	1845.6	987.6	1460.5	1534.3	1364.7	1606.3	1419.7	1268.2	1392.1	943.8	1243.6	1510.7	1997.5	1535.1	1107.1	1629.4	1434.8	1315	1162	261.8	252.1	240.9	155.9
Nrbf2	32.5	24.9	28.2	67.4	80.8	0	44	69.5	80.1	130.6	14.2	89.5	2.4	39.6	65.5	61.7	59.4	77.1	41.6	129.5	178.2	176.2	232.8	238.8
AW112010	719.2	720.8	940.3	999.8	388.2	753.7	1095.8	848.9	733.2	710.3	637.9	752.4	596.2	471	952.5	854.1	877.1	1354.7	1068.9	1073.5	319.1	330.4	179.8	141.7
Prdm11	836.8	686.4	622.6	1113.9	380.4	292.4	351.6	367.2	162.2	348.4	365.7	237.1	333.6	179	336.4	303.6	268.9	321.6	323.4	286	136.9	140.2	66.4	141.7
Hist1h2bb	0	0	13.4	0	94.4	159.3	0	40.1	316.3	149.7	118.9	133.3	107.7	82.2	45.1	44.5	185.4	48	128.4	15.4	14.3	11	3.4	4.5
Nxpe3	530.2	601.5	636.8	469.5	446.1	542.3	980	636.4	433.3	722.6	378.4	593.2	1079.8	708.6	822.9	910.8	574.2	1277.6	529.1	867	387.5	324.9	163	179.9
Zfp408	456.7	324.2	197.7	205.4	110.1	214.2	169.8	154.7	176.6	183.7	106.2	165.5	313.6	274.4	154.4	195.3	150.2	254.7	229.5	211.6	185.4	94	161.7	115.8
Yae1d1	75.6	97.3	92.5	70.6	87.9	199.1	7	68.5	26.7	42.2	76.3	45.6	62.2	42.5	90.3	27.3	94.5	90.2	55.9	43.6	86.7	84.6	39.6	37.5
Ccdc162	0	0	0	0	0	0	0	0	0	0	0	26.8	0	0	10.2	0	0	0	0	0	132.9	137	0	12.3
Znhit2	153.3	87.8	72.7	53.2	67.9	107.1	68.9	83.2	85.2	130.6	26.9	187	155.6	139.4	42.2	91.1	167.2	122.2	97.5	219.3	587.2	618.6	743.4	820.5
Ccdc58	596.3	305.2	245	243.4	494.8	351.5	221.8	344.7	260.8	295.3	172	136	235.4	507.6	452.9	261.1	420.4	571.9	186.7	439.9	234.7	234.9	287.8	270.5
Amd1	961.7	1180.4	1053.3	1153	1294.1	1066.8	1119.8	1269.9	1881.3	1569	1732.8	1456.6	1710.3	1903.6	1840.9	2025.9	1926.2	1941.2	2337.5	2520.2	133.7	151.9	403.3	389.5
Heg1	2008.4	1809.7	2197.6	2198.4	1695.9	2723.9	3078.7	2446.9	1292.9	1947.3	2013.9	1791.2	1377.5	1415.1	1891.9	1448.1	1238.1	1442.1	1391.1	1041.4	1058.3	1190.2	347.6	301.5
Cenpw	392.7	309.5	585.9	451	774.3	825.1	974	577.7	1556.8	1201.6	1940.7	1132.7	730.2	1278.6	1074.8	1246.7	735.4	1082.6	789.5	909.3	288.8	308.5	420	374
Bex6	65.1	13.2	58.6	18.5	62.9	421.5	320.7	291.8	121.2	317.1	115.9	71.6	709.5	974.9	1208.8	679	1187.2	1408.6	1148.5	1105.5	845.8	911.4	663.6	676.8
Ttc30a1	99.7	68.8	155.3	88	206.6	145.5	125.9	227.2	122.2	182.3	65.8	61.7	80.6	133.5	166	92.1	105.4	125.1	146.2	77	38.2	64.2	73.8	135.9
Ttc30b	96.6	112	110.1	45.6	22.2	148.3	180.8	96.9	86.3	115.7	68.1	35.8	0.8	37.4	58.3	101.2	134.5	58.2	16.6	47.5	22.3	39.2	39.6	50.5
Mrpl23-ps1	195.3	192.5	257	318.4	285.3	159.3	226.8	195.8	297.8	190.5	323.8	343.6	258.6	313.2	301.5	291.4	299.2	152.8	248.5	382.2	6.4	11	12.7	12.9
Wipf1	1327.1	1339.2	1601.1	1146.5	1138.2	2144.5	2133.7	1666.5	1353.4	1570.4	1284	835.7	1785.3	1286.7	1855.5	1174.9	1859.6	1949.9	1466	1666	720.1	790	407.3	359.1
Carns1	416.8	426.6	318.4	345.6	130.1	299.3	237.7	97.9	202.3	35.4	177.2	179.8	39.1	207.6	186.4	243.9	378	376.9	285.3	183.4	207.7	183.2	47	48.5
Zbtb2	164.8	221	186.4	197.8	115.1	45.3	70.9	224.2	212.6	114.3	158.5	311.4	134.9	185.6	190.8	143.7	163.5	410.4	187.9	234.7	389.9	409.5	390.5	365.6
Rprm	72.4	131.7	83.3	110.8	18.6	67.3	235.8	119.5	0	0	0	72.5	0	0	0	42.5	0	0	0	0	0	0	0	0
Igll1	0	0	5.6	2.2	33.6	0	3	44.1	24.6	57.2	13.5	0.9	22.3	1.5	16	0	0	5.8	0	107.7	6270.9	6327.4	14.8	14.2
Rc3h2	1653.6	1493.6	2135.5	1656.2	1337.7	1125.8	1115.8	1352.2	1034.1	1109.1	1652.7	1292	1264.9	1185.5	1261.3	1202.2	1186	1536.6	1625.3	819.5	290.4	293.6	198.6	171.5
Fnbp1	4217.4	4102.4	3546.6	3334	2777	2821.4	3436.4	3052.9	2171.9	2110.6	2585.3	2934.6	3442.1	2406.2	2697.3	3258.5	3566.6	3646.6	3399.2	2901.1	1527.7	1565.2	840.7	971.9
Dolk	229.9	112.7	143.3	202.1	273.1	285.6	389.6	170.4	173.5	129.3	271.5	293.5	57.5	224.5	212.6	201.4	202.3	165.9	51.1	109	278.5	283.4	583.8	555.8
Smim6	216.3	82.7	105.2	273.9	148.7	34.3	67.9	34.3	51.3	6.8	0	0	67.8	46.2	68.5	21.3	66.6	2.9	45.2	110.3	62.9	69.7	4.7	3.2
Dnlz	337	271.5	313.4	183.7	444	254	278.7	483.7	434.4	366.1	320.1	354.3	231.4	349.9	498.1	216.6	241.1	295.4	329.3	197.5	541.1	531.7	323.4	355.9
Alg10b	60.9	72.4	95.3	113	35	87.9	40	91.1	126.3	59.9	77	117.2	153.2	178.3	32	101.2	157.5	117.9	71.3	96.2	114.6	83	79.8	134.6
Commd6	330.7	160.3	350.1	207.6	201.6	252.6	185.8	295.7	258.8	351.1	368.7	309.6	257.8	113	259.2	277.3	341.6	190.6	247.3	320.6	343.7	405.6	423.4	425.8
Kbtbd6	0	41	11.3	0	165.9	65.9	103.9	12.7	242.3	100.7	9.7	33.1	0	33	32	8.1	166	113.5	55.9	50	95.5	73.6	115.4	81.5
Aarsd1	195.3	111.2	102.4	135.8	287.4	87.9	154.8	147.8	429.2	171.5	388.1	300.6	348	581.7	292.7	567.7	221.7	104.8	184.3	218	11.9	9.4	8.1	1.3
Gm16409	154.3	539.3	74.1	72.8	194.5	367.9	115.9	134.1	498	202.8	86	57.3	275.3	300	150	121.4	339.2	272.1	149.8	237.3	0	1.6	0.7	2.6
Hoxb2	437.8	460.3	312	153.2	137.3	159.3	97.9	176.2	41.1	93.9	29.2	7.2	25.5	38.1	90.3	1	63	5.8	0	1.3	0.8	0	0	0
Nrbp2	119.7	143.4	129.2	95.6	75.1	1.4	31	66.6	0	6.8	44.1	72.5	13.6	28.6	27.7	25.3	8.5	0	15.5	20.5	0.8	3.1	0	0
Nynrin	274	193.9	324	221.7	209.5	211.4	138.9	198.8	35.9	100.7	180.2	104.7	37.5	42.5	97.6	179.1	84.8	298.3	115.3	223.2	78.8	42.3	42.9	33.6
Zfp652	833.6	857.7	539.3	627	950.9	888.3	1007.9	731.4	591.5	660	553.4	560.1	794.1	694	710.7	628.4	1136.4	812	708.6	611.8	315.9	372.7	265	300.2
B130006D01Rik	186.9	61.5	113.7	214.1	221.6	392.7	59.9	135.1	178.7	186.4	104.7	51	136.5	347.7	343.7	97.1	348.9	126.6	193.8	151.3	2.4	8.6	2.7	1.3
Ly6a	2367.5	2815.2	4992.4	4490.3	1515	1484.1	2097.8	2254.9	334.8	895.4	630.4	880.4	1476.4	570.7	1281.7	1137.4	1542.2	3137.3	2556.2	2081.5	370.8	388.4	21.5	22.6
Selt	1618.9	1408	1872.8	1512.7	1485.7	1905.6	1734.2	1687.1	2143.1	2009.9	959.5	487.6	1220.2	1609.5	2363.8	989.7	1495	2521.8	1347.1	1572.4	428.9	399.3	530.1	677.5
Vimp	1826.8	1705.8	1412.6	1594.2	1706.6	1081.9	1702.2	1785	1226.1	1686	1173.4	1470.9	2051.8	2329.9	1704	1417.7	1610.1	1274.7	1122.4	1807.1	1282.7	1292.7	2135	2052.5
Selm	95.5	75.4	78.4	173.9	171.6	127.7	136.9	33.3	0	1.4	12.7	0	16	62.4	1.5	37.4	0	69.8	4.8	7.7	85.9	92.4	389.8	390.2
Ept1	632	821.1	477.2	393.4	535.5	977.5	786.2	499.4	895.4	764.8	317.8	572.6	731	666.8	576.7	590	644.5	570.4	481.5	266.8	291.2	295.2	565	546.8
Txnrd2	245.7	187.3	209	147.8	13.6	43.9	218.8	200.7	299.9	130.6	192.9	41.2	149.2	320.6	316	146.7	221.7	68.4	165.3	338.6	229.2	270.1	400.6	254.9
Msrb1	162.7	131	175.1	219.5	100.1	196.3	234.8	199.7	251.6	344.3	311.9	648.7	268.9	349.2	375.8	310.7	292	311.4	255.6	478.4	104.2	86.9	391.2	335.2
Gpx4	531.2	579.6	792.1	695.5	639.2	911.6	922	586.5	737.3	1001.6	1500.2	982.4	495.6	570	652.5	829.8	653	580.6	909.5	822.1	458.3	453.4	777	684.6
Gm24276	317.1	324.2	277.4	190.2	152.3	159.3	379.6	186	185.9	293.9	15.7	4.5	183.6	226.7	208.3	49.6	238.7	355.1	30.9	211.6	0	0	0	0
Gm26384	2346.5	2724.4	1728.1	2206	2365.9	1707.9	1309.6	1559.8	2086.6	1803.1	1063.4	1125.5	2360.7	2836	2241.4	2179.7	2185.5	1913.5	2052.1	2436.8	0	0	0	0
Gm23935	15.7	19.8	41.7	7.6	48.6	1.4	35	62.7	86.3	151.1	85.3	0.9	37.5	33	75.7	57.7	2.4	58.2	102.2	720.8	1047.1	1109.5	1274.9	1034.7
Gm24270	4.2	65.1	74.8	38	96.5	28.8	192.8	246.7	123.2	91.2	236.3	71.6	161.2	96.8	176.2	56.7	9.7	147	520.8	1658.3	0	0	0	0.6
Sox4	7767.1	6335.8	4623.9	3362.3	6293.2	6783.7	5378.3	6609.2	5960	5128.9	2945	3452.7	11368.4	7134.1	8045.3	5760	11131.1	12496.8	8457	6748.7	3929.2	3908	1023.9	1349.8
Ywhaq	1751.2	1923.9	2297.8	2370.1	2693.3	2417.7	2784.1	2991.3	3526.3	3230.6	3199.3	3309.5	3292	3543.2	3211.4	3670.4	2839.7	3112.6	3551.4	3350	1008.2	1061.8	1221.8	1133.7
Acsf2	0	2.2	2.1	0	2.1	0	39	7.8	9.2	9.5	0	0	7.2	17.6	5.8	44.5	24.2	0	57.1	19.2	374	389.2	72.5	48.5
2700094K13Rik	713.9	481.5	698.9	532.5	835.1	1256.2	1238.7	830.3	1261	854.6	803.9	2081.1	1600.1	1633	1422.9	1281.1	1639.1	1468.2	1444.6	2054.6	1606.5	1681.1	1942.5	1699.2
Ass1	38.8	5.9	21.2	20.6	30.7	33	26	32.3	33.9	25.9	58.3	36.7	39.1	42.5	59.7	42.5	30.3	32	33.3	121.8	147.2	162.1	272.4	250.4
Mir763	36.7	41.7	46.6	105.4	128.7	15.1	0	61.7	39	36.7	91.2	0	285.7	24.9	58.3	24.3	111.5	0	152.2	0	0.8	0	0	0
Igkv1-99	0	0	0	0	0	0	0	0	0	0	0	0	0	0	0	0	0	0	0	0	738.4	792.4	0	0
Igkv12-89	0	0	0	0	0	0	0	0	0	0	0	0	0	0	0	0	0	0	0	0	150.4	162.9	0	3.2
Igkv1-88	0	0	0	0	0	0	0	0	0	0	0	0	0	0	0	0	0	0	0	0	1013.7	1064.9	0	0
Igkv8-30	0	0	0	0	0	0	0	0	0	0	0	0	0	0	0	0	0	0	0	0	1114	1137.7	0	0
Igkj1	0	0	0	0	0	0	0	0	0	0	0	0	0	0	0	0	0	0	0	0	82.8	77.5	0	0
Igkc	1	0.7	2782.8	0	1562.2	0	2912.9	2331.3	397.4	2038.5	167.5	3568.1	31.9	319.8	1840.9	24.3	4.8	90.2	1751.3	9619	11560	12091.1	14.1	39.5
Ighg2b	0	0	0	0	0	1.4	24	10.8	0	1.4	0	1.8	0	0	0	0	0	0	0	325.8	1136.3	1190.2	0	0
Ighm	0	37.3	150.4	96.7	539.1	0	317.7	1588.2	136.6	854.6	323.1	731.9	375.1	590.5	827.2	459.4	3668.4	5670.7	6013.7	9866.5	52560.9	52693.7	5750.3	5038.1
Ighj2	0	0	0	0	0	0	0	0	0	0	0	0	0	0	0	0	0	0	0	0	114.6	113.5	0.7	0
Ighj1	0	0	0	0	0	0	5	0	0	0	0	0	0	0	0	0	0	8.7	0	0	502.9	472.2	22.8	20.1
Tcrg-C1	0	0	7.1	0	0	0	8	0	83.2	2.7	38.9	52.8	0	71.2	21.8	32.4	70.3	10.2	0	41	93.9	77.5	0	0
Iglv1	0	0	0	0	0	0	0	0	0	0	0	0	0	0	0	0	0	0	0	0	399.4	420.5	0	0
Iglc2	0	0	0	2.2	13.6	0	2	17.6	0	54.4	0	10.7	0	0	18.9	0	0	43.7	0	194.9	741.6	763.4	0	0
Iglv3	0	0	0	0	0	0	0	0	0	0	0	0	0	0	0	0	0	0	0	0	150.4	164.4	0	0
Iglv2	0	0	0	0	0	0	0	0	0	0	0	0	0	0	0	0	0	0	0	0	110.6	112	0	0
Rab11b	2948.1	2737.6	3540.3	3597	2874.9	2524.8	3171.6	3471	3066.3	3112.2	4434.7	4793.8	3241.7	2726.7	2981.3	3861.6	2008.6	2975.8	2773.8	2880.6	1033.6	1003.8	715.9	625.1
Gm24233	166.9	90	61.4	51.1	84.4	22	144.8	25.5	97.6	36.7	169	47.4	0	74.8	168.9	33.4	143	99	96.3	82.1	0.8	0	0	0
Rps12l1	1143.3	731.8	1122.4	729.2	760	941.8	1988.9	938	1077.2	1784	92	59.9	679.2	691	1621	208.5	957.1	2128.9	239	1094	0	0	0	0
F630028O10Rik	92.4	64.4	93.2	67.4	20	82.4	218.8	68.5	513.4	292.6	128.6	25.9	465.3	1228	568	384.5	565.8	458.4	166.5	266.8	19.9	13.3	374.4	291.8
Rpl23a-ps3	920.8	902.3	866.9	527.1	581.3	803.2	1245.7	573.8	913.9	870.9	81.5	21.5	681.5	611.8	844.7	154.8	981.3	1005.5	161.7	604.1	0	0	0	0
Gm12355	152.2	95.1	172.2	213	163	182.6	127.9	215.4	132.5	242.2	322.3	267.5	174	181.9	380.1	413.9	129.6	133.9	316.3	214.2	14.3	7	13.4	12.3
Psme2b	187.9	228.3	72.7	47.8	76.5	168.9	64.9	96	58.5	119.8	77	42.1	80.6	161.4	61.2	103.2	215.6	270.7	126	155.2	60.5	51.7	34.9	21.4
Gm12184	103.9	73.2	76.2	159.7	183	101.6	154.8	137.1	239.3	209.6	225.8	280	153.2	185.6	101.9	360.3	149	193.5	269.9	279.6	11.1	8.6	7.4	5.8
Gm16503	25.2	142.7	64.2	156.5	83.7	70	47	59.7	60.6	68	56.1	149.4	176.4	21.3	0	2	95.7	10.2	66.6	37.2	0.8	0	0	0
Gm20900	90.3	129.5	74.1	97.8	86.5	108.5	27	42.1	155.1	72.1	98	110.9	51.9	85.1	55.3	66.8	53.3	80	77.3	250.1	0	1.6	0	0
Rbm8a2	615.2	491.8	374.9	537.9	676.4	480.5	156.8	364.2	921.1	415	763.5	1002.1	650.4	957.3	367	742.8	619.1	336.1	672.9	522	8.8	7.8	2	3.2
Chml	116.5	180.8	178.6	110.8	87.2	146.9	117.9	182.1	154	274.9	270.7	218.3	126.1	198.8	160.2	167	147.8	381.2	200.9	220.6	107.4	171.5	122.8	102.2
Gm2000	794.8	865.7	948.8	948.7	962.4	951.4	916	847	1176.8	925.4	525	458.1	818	1159.1	1053	689.1	1021.3	1046.3	814.4	1046.5	82	84.6	81.2	67.9
Tmem203	316	143.4	322.6	183.7	92.2	64.5	270.7	199.7	602.8	250.4	436.7	227.3	88.6	223	203.9	247.9	379.2	229.9	110.6	141.1	115.4	103.4	110	76.4
Nrarp	60.9	95.9	166.6	188	108.7	256.7	92.9	150.8	84.2	145.6	47.9	121.7	31.1	96.1	120.9	58.7	72.7	65.5	39.2	56.4	62.9	51.7	7.4	8.4
Airn	201.6	132.5	100.9	240.2	45.8	63.2	0	33.3	0	0	28.4	0	0	0	8.7	10.1	27.9	24.7	36.9	1.3	4.8	4.7	0	0
F8a	97.6	273	206.1	422.7	206.6	163.4	304.7	310.4	174.6	187.8	252	218.3	196.3	180.5	203.9	207.5	209.6	110.6	228.3	187.2	315.9	286.6	348.2	342.3
Sf3b5	684.5	627.9	996.8	693.3	1045.3	915.7	702.3	884.2	1147	1302.3	1127	1255.3	766.1	1021.9	1015.1	1527	783.8	1047.7	1052.2	1799.4	1264.4	1414.1	1817.7	1589.9
Sarnp	1966.4	2476.4	1890.5	2619	3000	2461.7	2483.4	2790.5	3031.4	3769.4	2907.6	3674.5	3093.3	2910.1	3473.6	2992.3	2492	2785.2	2622.8	2865.2	364.4	373.5	359	348.1
Ctdsp2	3136	2289	4120.5	3252.5	2109.2	1701.1	3203.6	2291.2	1666.6	2305.2	2550.1	3063.5	1626.5	1645.4	1787	2488.4	1761.5	2099.8	2437.3	1991.8	817.2	871.5	539.5	400.5
AU041133	21	109.8	93.2	126.1	0	192.2	127.9	85.2	328.6	0	68.8	40.3	168.4	58	75.7	86	92.1	117.9	164.1	74.4	46.2	42.3	40.3	54.4
Smim24	432.6	265.6	591.6	580.3	260.3	340.5	216.8	240.9	399.5	240.9	451.7	464.4	300.9	405.7	324.8	469.5	174.5	138.2	323.4	191.1	312.7	260.7	184.5	161.1
Dohh	113.4	32.9	61.4	102.2	99.4	178.5	155.8	69.5	52.4	112.9	170.5	120.8	35.1	40.3	150	95.1	87.2	78.6	52.3	119.3	997.8	960	1644.6	1523.2
Abracl	1534.9	1157.7	1200.1	1161.7	1589.4	1788.9	2372.5	1206.3	2106.1	1520	896.7	925.1	2050.2	2345.3	1915.2	967.4	2426.6	2214.7	1103.3	1186.3	443.2	486.2	703.9	649
Klhl17	237.3	254.7	345.9	436.9	145.1	162	197.8	198.8	70.9	220.5	360.5	276.5	139.7	78.5	254.9	470.6	235	66.9	453	289.9	229.2	264.7	164.4	157.2
Gm13157	719.2	363.7	391.8	662.9	287.4	506.6	220.8	391.7	132.5	498.1	494.3	555.6	213.9	399.8	362.6	531.3	293.2	413.3	568.3	392.5	116.2	89.3	162.4	203.8
Gm13212	341.2	479.3	223.8	316.2	353.2	568.4	99.9	207.6	255.7	99.3	130.1	180.7	122.9	135	217	204.4	124.8	270.7	142.7	182.1	22.3	29	22.8	29.8
Ddi2	1278.8	1563.1	1577.1	1633.3	1334.1	2151.4	1500.4	1476.5	1688.2	1520	1664.7	1321.5	1773.3	1440.8	1979.3	1789.1	1760.3	2446.1	2046.2	1536.5	742.4	718	461	562.3
Emc1	1677.7	1751.9	2264.6	2034.3	1266.2	1213.7	1892	1789.9	1407.9	1418	1764.9	2753	1348.7	1095.2	1625.4	1823.5	1003.1	1360.6	1817.9	1698.1	1538.1	1454	2230.3	2127.6
Aunip	0	26.3	0.7	14.1	70.8	31.6	41	26.4	90.4	34	8.2	86.8	81.4	13.9	4.4	130.5	50.9	84.4	58.3	48.7	312.7	266.2	367	375.3
2210404O09Rik	0	0	0	18.5	0	0	0	0	54.4	0	0	32.2	0	130.6	27.7	15.2	15.7	157.2	19	19.2	54.9	37.6	104	66.6
Bnip3	116.5	256.9	446.2	469.5	242.4	216.9	487.5	439.6	279.3	304.8	281.2	915.3	223.5	253.1	563.6	474.6	347.7	721.8	281.8	300.1	103.4	117.5	198.6	188.9
1110065P20Rik	171.1	91.5	102.4	119.5	238.8	184	152.8	79.3	44.2	93.9	115.9	57.3	59.9	89.5	49.5	186.2	95.7	131	154.6	183.4	58.1	66.6	81.2	78.9
1810043H04Rik	489.2	225.4	219.5	205.4	449	295.2	181.8	255.6	582.2	283	371.7	554.7	379.1	319.1	247.6	287.4	264.1	157.2	288.9	346.3	237.1	217.7	277.1	221.3
Ube2d3	5210.6	5506	5064.4	5018.4	5163.6	5453.3	5182.5	4520.7	4738.1	4592.7	3814.7	4245.4	4256.1	5531.2	4895	4453.6	5674.6	4375.6	4338.5	4115.6	3643.5	3552.5	5492.6	5240
E430018J23Rik	124.9	152.9	60	130.4	77.9	193.6	140.9	90.1	103.7	62.6	74	91.3	39.1	117.4	100.5	68.8	95.7	18.9	189	60.3	50.1	46.2	79.2	89.3
AU022252	354.9	606.7	532.3	422.7	324.6	497	202.8	542.4	382	498.1	498.8	434.8	442.1	371.9	549.1	390.6	363.4	145.5	329.3	219.3	200.5	155.8	185.9	146.2
1700024P16Rik	0	0	120	0	52.2	0	12	7.8	0	0	3.7	0	0	0	0	40.5	24.2	87.3	0	0	152	169.1	0	0
Trim30c	87.1	132.5	86.8	177.1	85.1	205.9	0	57.8	0	0	5.2	98.4	23.9	16.9	97.6	23.3	32.7	65.5	52.3	68	8.8	13.3	7.4	19.4
Smarcd2	1928.6	1582.9	2143.9	1821.3	1924.7	1618.7	2357.5	1524.5	2291	1741.8	2095.5	2622.4	1928.1	2499.3	1913.7	2723.2	2318.8	1904.8	2278	1846.8	6231.9	6518.5	4596.9	5230.3
Ccdc47	2190.1	1956.1	2503.9	2044.1	2363	3359.6	2962.9	2234.4	2487.1	2536.6	940.8	1695.5	1887.4	2344.5	2343.4	1486.6	2757.3	1936.8	1971.3	1358.2	1307.3	1231.7	1609	1870.7
Psme3	534.4	281.7	595.1	485.8	680.7	749.6	849.1	889.1	740.4	1134.9	1184.6	987.8	642.4	915.5	789.4	1205.2	740.2	848.4	814.4	1026	4501.3	4491.3	5652.3	5973.8
Fam174b	441	383.5	264.7	286.9	243.1	245.8	261.7	231.1	236.2	201.4	225.8	170	148.4	21.3	136.9	101.2	65.4	43.7	135.5	43.6	194.2	288.1	247.6	304.1
Chd2	5082.5	4817.3	2855.5	3216.7	3211.7	3269	1889	2235.4	2907.1	2075.2	3027.3	2799.5	2623.2	2673.9	2509.4	2729.2	3536.3	2710.9	3280.3	2544.5	554.6	475.3	91.3	93.2
Casc3	2443.1	2000.7	1814.3	1717	1545.1	1519.8	1372.5	1562.7	1767.3	1149.9	1927.2	2741.4	2214.6	1712.9	1586	1549.3	1635.5	1375.1	1454.1	888.8	1342.3	1325.6	695.8	695
Tm2d3	961.7	821.1	678.4	761.8	736.4	667.2	600.4	500.3	567.9	492.6	620.7	892.9	854.7	527.4	659.8	769.1	436.1	452.6	676.5	654.1	296	299.9	596.5	516.4
Cisd3	34.6	49.8	53.7	53.2	16.4	186.7	70.9	14.7	55.5	32.7	1.5	12.5	0	58.7	21.8	33.4	46	49.5	65.4	73.1	58.1	64.2	112.1	115.8
D030028A08Rik	233.1	357.8	172.2	139.1	51.5	89.2	112.9	277.1	96.5	117	185.5	50.1	132.5	258.2	144.2	185.2	110.2	179	146.2	141.1	104.2	88.5	228.1	183.1
Tomm5	238.3	132.5	128.5	86.9	271.7	196.3	119.9	199.7	540.1	185.1	115.9	253.2	131.7	498.8	227.2	273.2	315	317.2	209.3	260.4	311.1	319.5	504.6	423.8
Haus5	52.5	70.3	84.7	44.6	46.5	42.6	203.8	85.2	198.2	189.2	308.9	212.9	150.8	262.6	65.5	255	184.1	151.3	178.3	298.8	75.6	90	77.2	64.7
Zfp566	277.2	181.5	175.8	356.4	200.2	163.4	11	109.7	203.3	147	105.4	118.1	247.4	234	93.2	64.8	35.1	46.6	149.8	65.4	55.7	58.7	53	60.2
Evi2a	10.5	27.8	8.5	6.5	0	160.6	23	25.5	44.2	42.2	0	13.4	79	33	99	64.8	64.2	193.5	130.8	155.2	580.9	714.9	180.5	183.8
Rad54b	112.3	59.3	62.1	111.9	400.4	407.8	154.8	254.6	681.9	363.3	673.8	101.1	292.1	347.7	176.2	307.6	484.6	462.7	479.1	246.2	244.3	198.9	180.5	171.5
Zfp59	11.5	22.7	0	0	104.4	34.3	94.9	39.2	57.5	8.2	13.5	0	35.1	0	23.3	37.4	71.5	2.9	8.3	23.1	30.2	37.6	87.2	82.8
1810022K09Rik	908.2	1094	1099.1	834.6	1394.2	1687.3	1441.5	1034.9	1368.8	1164.9	1082.1	1034.3	1702.3	1423.2	1227.8	1021.1	1670.6	998.2	1366.1	1340.2	134.5	129.2	93.3	79.6
BC024978	153.3	59.3	171.5	40.2	188.8	141.4	59.9	95	140.7	76.2	86	39.4	135.7	170.2	131.1	95.1	96.9	88.8	61.8	66.7	11.9	16.4	0.7	10.4
Dph1	0	0	0	0	0	0	0	0	0	0	0	0	0	0	0	0	0	0	0	1.3	268.9	267	468.3	331.3
Eif5a	2811.6	3710.9	5274.7	4977.2	6459.1	6189.2	8869.6	7490.4	8294.2	9826.4	10946.2	11267.9	6636.7	7070.3	10225.5	8671.4	4856.8	8047	7227.6	5936.8	22824.7	23030.4	33848.8	31608.7
Leng1	107.1	122.2	102.4	135.8	203.1	282.8	46	119.5	130.4	148.3	130.1	143.2	165.2	113	91.8	72.9	176.9	215.4	116.5	85.9	249.1	209.1	155	94.5
Prkcg	0	0	0	0	0	0	17	0	1	0	0	0	0	0	0	4	0	0	0	0	107.4	133.9	0	0
Hist3h2a	622.6	189.5	321.2	318.4	325.3	521.7	179.8	198.8	250.6	145.6	195.9	408.9	110.9	200.3	193.7	348.1	258	227	210.4	224.4	252.2	248.2	17.4	42.7
Igtp	666.7	567.9	809.7	857.4	360.3	432.5	676.3	514	555.5	258.6	285.7	412.5	71	286.8	436.9	215.5	277.4	608.3	439.9	352.7	432.9	435.3	408	339.7
Zfp931	65.1	38.1	50.1	88	40	97.5	168.8	104.8	67.8	64	0.7	38.5	55.1	35.2	55.3	99.2	82.4	0	40.4	56.4	17.5	23.5	44.3	53.7
Mon1b	274	524.7	271.1	395.6	266.7	470.9	469.5	193.9	352.2	296.7	120.4	128.8	96.6	529.6	103.4	117.4	457.9	66.9	220	144.9	538.7	569.2	576.4	708.5
Dpm1	655.1	764	753.9	695.5	665.6	332.2	981	1033	376.9	593.3	406.8	170.9	1133.3	480.5	937.9	645.6	959.5	836.7	488.7	456.6	136.9	103.4	37.6	29.8
Ifi47	1294.5	1012.1	1735.2	1592	1625.1	1742.3	1582.3	1608.7	1747.8	1895.6	1948.9	1367.1	1087.8	1329.3	1607.9	1547.3	1438	1817.5	1435.1	1201.7	1255.6	1436.8	2308.8	2041.5
Tgtp2	1024.7	1053.8	1239.6	1408.4	666.4	631.5	765.2	754.9	379.9	504.9	505.5	819.5	532.3	441.6	586.9	737.7	490.6	548.6	625.4	724.6	119.4	132.3	62.4	74.4
Tgtp1	351.7	279.5	434.9	396.7	343.9	233.4	290.7	278.1	75	240.9	29.2	179.8	75.8	29.3	125.3	204.4	185.4	155.7	146.2	196.2	32.6	20.4	4.7	3.9
Ak6	169	357.1	187.1	103.2	107.2	267.7	211.8	231.1	261.9	336.1	173.5	142.3	158	342.6	148.6	276.3	268.9	199.4	249.7	369.4	271.3	270.9	394.5	348.1
Naip6	334.9	267.8	350.8	342.3	141.6	78.3	411.6	140	88.3	215	338.8	196.8	101.4	96.1	90.3	214.5	73.9	78.6	95.1	87.2	0	0	0	0
Naip2	297.1	552.5	537.9	390.1	528.4	531.3	400.6	372.1	301.9	318.4	262.5	480.5	182.8	127.6	270.9	173	135.7	61.1	14.3	109	34.2	63.4	562.9	468.5
Wdr92	311.8	316.1	173	125	131.6	306.2	235.8	152.7	334.8	352.5	160.8	70.7	119.7	124.7	195.2	91.1	170.8	208.1	96.3	246.2	315.9	414.2	565.6	443.2
Sec61g	2093.5	1715.3	2023.2	2395.1	2298.6	1742.3	2066.8	1848.6	1861.7	2378.7	3078.1	3972.5	1881	2311.5	2391.4	3454.8	1872.9	1827.7	2595.5	3106.3	10.3	8.6	12.7	11
Zfp429	11.5	65.1	110.1	38	103	39.8	0	45	158.1	74.8	109.2	14.3	91	102	87.4	46.5	60.6	94.6	143.9	70.5	95.5	69.7	37.6	84.8
Zfp456	151.2	95.1	128.5	60.9	104.4	98.9	72.9	66.6	117.1	76.2	80	181.6	296.1	117.4	69.9	123.5	127.2	27.6	198.6	84.6	27.8	22.7	47	34.9
Samd1	35.7	108.3	142.6	204.3	153	115.3	263.7	308.4	154	272.2	290.9	160.2	270.5	110	234.5	187.2	81.2	113.5	286.5	291.1	150.4	148	81.9	78.3
Ifi27l2a	7.3	14.6	28.9	32.6	4.3	0	34	42.1	3.1	43.5	27.7	131.5	44.7	39.6	58.3	11.1	90.9	165.9	58.3	379.6	511.6	540.3	18.8	9.1
Slc45a4	879.8	717.9	646.6	899.8	703.5	589	763.2	739.2	1304.1	662.7	897.4	706.8	885.1	839.2	870.9	888.5	693	1012.8	722.9	759.3	829.9	786.9	556.9	512.5
Alkbh1	1162.2	908.9	829.5	944.4	970.2	983	1113.8	1114.3	1170.7	1095.5	1074.6	892.9	1552.2	1398.9	1064.6	1316.6	1303.6	1050.6	963	910.6	459.1	404.8	321.4	341
Prnp	435.7	168.3	209.7	261.9	52.9	133.2	117.9	108.7	124.3	167.4	195.9	182.5	31.9	31.5	23.3	32.4	47.2	99	34.5	80.8	278.5	321	16.1	54.4
Fastkd5	57.7	38.1	120	79.3	145.1	103	206.8	71.5	171.5	87.1	56.1	98.4	135.7	219.3	104.9	96.1	134.5	170.3	97.5	174.4	108.2	100.2	207.3	240.1
Kcnip3	134.4	64.4	62.8	108.7	87.2	30.2	51.9	41.1	1	9.5	6	49.2	36.7	41.1	16	69.8	54.5	96	53.5	56.4	69.2	28.2	701.2	683.3
Cyp4v3	615.2	372.5	512.5	568.4	136.6	420.1	507.5	383.8	345	253.1	184	217.4	196.3	484.2	217	169	250.8	330.3	569.5	393.7	116.2	153.5	341.5	376.6
BC005561	1070.9	1129.9	595.8	711.8	1128.2	1108	904	1123.1	1013.5	1181.2	872	705.9	656	1022.6	920.5	1109.1	1170.3	679.6	1023.7	849	167.9	166	77.8	78.3
Gm14085	0	0.7	0	0	57.2	0	14	33.3	0	19.1	0	8.9	58.3	5.1	56.8	37.4	8.5	0	0	2.6	2.4	0.8	92.6	150.1
Jrkl	486.1	451.5	207.5	401	296.7	413.3	451.5	260.5	122.2	216.4	171.3	200.4	357.5	212.7	240.3	335	333.2	410.4	302	252.7	74	52.5	65.8	78.9
Ccdc82	457.8	480.1	305	244.5	412.5	535.4	328.7	260.5	325.5	345.6	432.3	518	437.3	422.5	302.9	230.7	471.3	209.5	478	188.5	208.5	202.8	153.7	198.7
Prps1l3	38.8	93.7	7.8	0	0	20.6	0	46	210.5	83	23.9	91.3	118.9	58.7	43.7	32.4	101.8	8.7	20.2	14.1	686.7	747	1235.3	1375.7
Srp54b	11.5	22	33.2	7.6	31.5	72.8	57.9	18.6	85.2	40.8	67.3	84.1	0	39.6	27.7	31.4	44.8	4.4	80.8	19.2	101.8	120.6	165.1	214.2
Pms2	273	458.8	441.2	339.1	328.9	363.8	265.7	450.4	321.4	476.3	583.3	660.3	735	534	435.5	560.6	353.8	583.5	557.6	578.4	472.6	439.3	503.2	533.2
Kdelr2	438.9	412.7	783.6	526	1018.1	561.5	607.4	843	843.1	753.9	599	652.2	521.9	970.5	882.6	475.6	610.6	570.4	519.6	728.5	1039.2	1049.2	3607.8	3596.4
Rpl27-ps1	656.2	505.7	381.9	388	554.1	333.6	355.6	407.3	812.3	383.7	528	850.9	769.3	905.2	353.9	731.6	533.1	331.8	714.6	1446.7	0	1.6	0	1.3
Gm8818	0	0	0	0	0	0	0	0	1	0	0	0	0	0	0	0	0	0	0	0	134.5	141.7	4	0
Gm4204	189	73.2	109.4	167.4	103	184	260.7	139	255.7	232.7	111.4	96.6	206.7	179	285.5	187.2	237.4	181.9	189	174.4	47.7	50.1	48.3	43.4
A130010J15Rik	155.4	286.1	230.8	148.9	103.7	9.6	122.9	275.1	493.9	215	299.9	454.5	54.3	187.8	300	197.3	207.2	229.9	181.9	306.5	127.3	83	161.7	146.9
Rab10os	408.4	648.4	441.9	444.5	495.5	517.6	590.4	490.5	293.7	560.7	440.5	179.8	610.5	316.9	394.7	388.6	419.2	280.8	325.8	383.5	380.3	405.6	348.2	373.4
Mphosph8	2224.7	2170.5	1581.3	1835.5	1993.4	1913.9	1503.4	1982.7	1804.2	2071.2	1783.6	1076.3	2076.6	1145.1	1696.7	1400.5	2155.2	1830.6	1625.3	1046.5	165.5	177.7	161.7	148.8
Psme2	992.1	907.4	1172.6	887.8	900.2	1362	866.1	1240.6	1129.6	987.9	1361.8	1543.4	1054.2	1658.6	1069	1121.2	1533.7	1641.4	1224.6	1980.2	1334.4	1388.3	1583.5	1333
Zfp664	1415.3	1639.2	960.8	1404	1180.4	1094.2	1521.4	1088.8	1249.7	1300.9	814.4	1005.6	1253	1376.9	1152	664.9	942.5	1401.3	892.9	693.8	753.5	721.1	128.2	233.6
Ccr5	21	0	32.5	38	0	0	0	14.7	0	1.4	38.9	0	30.3	0.7	16	28.3	0	87.3	14.3	46.2	580.1	509	8.1	16.8
Tmppe	318.1	492.5	285.9	370.6	451.9	362.5	214.8	270.2	224.9	285.8	209.4	152.1	223.5	371.9	110.7	371.4	277.4	99	203.3	283.4	315.1	378.2	381.8	383.1
2310009B15Rik	90.3	126.6	180	122.8	74.4	116.7	190.8	156.7	88.3	240.9	166	121.7	63	223.7	150	253	64.2	132.4	114.1	114.1	58.1	54.8	90.6	82.2
Clec7a	37.8	22	154.6	200	5.7	0	92.9	54.8	0	80.3	71	59.1	0	49.2	35	47.6	30.3	14.6	3.6	161.6	43.8	44.6	879.7	998.4
Rab9	330.7	395.2	447.6	196.7	358.9	458.6	507.5	376	387.1	472.2	310.4	403.5	609.7	542.1	568	337	419.2	208.1	353.1	393.7	233.9	239.6	575.7	674.2
Trappc2	197.4	95.1	107.3	141.3	98.7	116.7	153.8	122.4	63.7	100.7	44.9	165.5	86.2	82.2	29.1	47.6	116.3	104.8	20.2	60.3	58.9	70.5	81.9	95.8
Nat6	151.2	121.5	439.1	351	229.5	258.1	279.7	389.7	377.9	269.4	249	673.7	213.1	405.7	256.3	254	236.2	163	173.6	221.9	245.9	281.1	314.7	338.4
Gbp4	513.4	304.4	593.7	338	103.7	16.5	119.9	80.3	0	0	0	46.5	0	13.9	0	21.3	37.6	138.2	97.5	98.8	361.2	399.3	0	0
Atg4a	80.8	108.3	128.5	143.4	219.5	175.7	145.8	154.7	66.7	182.3	182.5	259.5	225.9	105.6	224.3	118.4	139.3	104.8	274.6	156.5	108.2	99.4	194.6	130.1
Ms4a6c	220.5	455.9	589.5	381.4	233.8	130.4	1056.9	653.1	275.2	562	419.5	1025.3	1284.9	1436.4	1329.7	802.5	716	474.4	511.2	1840.4	257	277.2	1715.7	1658.4
Arpc4	820	780.8	365	753.1	434	469.5	494.5	515	566.8	506.2	638.7	526.1	756.6	668.3	530.1	713.4	640.9	507.8	583.8	564.3	4869.7	5131.8	6755.4	6723.1
Mthfsl	308.7	346.1	240	445.6	466.9	422.9	270.7	320.2	308.1	183.7	118.2	224.6	237.8	312.5	193.7	246.9	237.4	200.8	177.2	324.5	70	69.7	71.1	60.2
Mroh2a	9.4	38.8	2.8	18.5	4.3	0	0	14.7	0	17.7	0	0	0	0	0	0	4.8	0	0	0	66	104.9	8.7	35.6
Rpl36a	24961.1	23871.6	30699	25892.1	19981.4	19270.5	29628.6	20965.3	18880.3	21872.3	27016.5	28792.4	21623.6	18440.8	23113.4	22892.4	21589.7	23221.3	29287.3	21552.9	22.3	18.8	30.2	24.6
St6galnac4	155.4	428.8	279.5	428.2	345.3	248.5	368.6	349.6	414.9	300.7	305.1	140.5	606.5	449.7	419.4	391.6	419.2	449.6	371	423.2	1436.2	1409.4	2346.4	2285.5
B3gnt7	11.5	0	11.3	75	0	0	21	15.7	1	70.8	18.7	17	0.8	0	27.7	25.3	19.4	8.7	5.9	12.8	136.9	131.5	45.6	45.3
Pigb	151.2	183.7	194.1	177.1	164.4	314.4	244.7	93	215.6	160.6	53.8	89.5	297.7	303	234.5	168	157.5	115	164.1	125.7	248.3	234.1	375.7	392.1
Utp14b	602.6	594.9	281.7	261.9	360.3	321.3	463.5	420	522.7	589.2	369.4	352.5	900.2	589.8	651	446.3	445.8	523.9	458.9	511.7	54.9	36.8	64.4	20.7
Rab7	951.2	802.8	1430.2	1190	908	1066.8	1449.5	1350.2	1653.3	1564.9	1478.5	1621.2	1116.5	1252.2	1491.4	1885.3	1056.4	1367.8	1281.7	1306.9	1917.6	2009.2	2681.9	2578.6
Sssca1	231	62.2	192	219.5	356.8	156.5	210.8	231.1	237.2	228.6	399.3	224.6	354.3	239.1	272.4	209.5	145.4	203.7	214	374.5	419.3	483.9	545.5	482.1
Pin4	481.9	568.6	442.6	251	501.9	571.1	673.3	381.9	432.3	381	724.7	272	477.2	496.6	581.1	692.2	699	275	579	278.3	0.8	0.8	2.7	0.6
Nhsl2	169	163.9	180	176	51.5	70	79.9	196.8	140.7	121.1	191.4	107.4	176.4	229.6	225.7	150.8	82.4	78.6	129.6	144.9	122.5	110.4	353.6	362.4
Med12	59.8	5.1	35.3	31.5	71.5	0	0	21.5	19.5	20.4	19.4	25.1	0	0	46.6	17.2	15.7	56.8	33.3	38.5	522.8	512.1	281.8	240.1
H2-T10	352.8	275.2	453.9	260.8	154.4	332.2	170.8	218.3	173.5	288.5	127.1	219.2	94.2	262.6	174.8	195.3	174.5	126.6	179.5	286	81.2	87.7	5.4	27.2
6530402F18Rik	0	0	8.5	0	7.1	26.1	43	18.6	12.3	5.4	8.2	2.7	8.8	28.6	10.2	40.5	0	0	32.1	111.6	197.3	197.3	204.6	253.7
Apoo	117.6	59.3	67.8	48.9	115.8	49.4	57.9	22.5	49.3	147	0	75.2	101.4	107.8	101.9	74.9	53.3	30.6	78.5	46.2	29.4	18.8	42.3	34.3
Zfx	1295.6	1521.4	1277	1193.2	1249.1	1841.1	1389.5	1313	1409.9	1318.6	1018.6	761.4	1038.3	1493.6	911.7	1288.2	1136.4	1475.5	1211.5	994	388.3	402.5	518	577.2
Tmsb10	812.6	925.7	794.2	856.3	810.1	849.8	1333.6	1078	1401.7	1511.9	1746.2	2368.3	2040.7	1487.7	1270	1696	2469	2015.4	2200.7	4436.3	977.9	934.1	463.6	440.7
H2-DMb1	551.2	232	432.7	374.9	271	337.7	261.7	258.5	155.1	176.9	240.8	228.1	237	387.3	227.2	240.8	215.6	282.3	448.2	156.5	603.1	649.9	574.4	600.5
Kifc1	15.7	15.4	29.6	27.2	78.6	26.1	37	26.4	127.3	136.1	71	54.6	12	165.8	7.3	204.4	63	39.3	93.9	64.1	231.5	198.9	110.7	156.6
Haus3	512.3	472.7	506.9	318.4	940.9	1016	865.1	794.1	743.5	1105	1169.6	1690.1	1086.2	777.6	1108.3	1157.7	1000.7	929.8	978.5	861.9	684.3	711	1113.8	964.8
March2	390.6	316.9	487.8	452.1	662.8	362.5	298.7	435.7	522.7	609.6	433.7	603.9	316.8	388.1	413.6	327.9	206	365.2	279.4	359.1	682.7	588	659.6	652.9
Hoxa3	433.6	344.7	327.6	389	188	461.3	377.6	210.5	49.3	81.6	44.1	22.4	197.1	102.7	161.7	112.3	259.3	235.7	305.6	155.2	19.9	18.8	4	1.9
Maea	898.7	1383.1	1224.1	1401.9	1541.5	1680.5	1430.5	1384.5	1077.2	1113.1	1548.8	1380.5	1328.8	1137.1	1223.4	1060.5	1158.2	1053.5	942.8	901.6	1597	1431.3	1770.7	1869.4
Pglyrp2	220.5	161.7	267.5	202.1	197.3	87.9	229.8	254.6	37	138.8	210.1	111.8	225.1	127.6	68.5	164.9	130.8	158.6	158.1	253.9	244.3	216.9	4.7	4.5
Ankrd39	503.9	288.3	470.2	151.1	284.6	307.5	316.7	340.7	267	213.6	418	419.6	194.7	236.9	308.8	458.4	275	472.9	285.3	347.6	156.8	173.8	142.9	103.5
Seh1l	1125.5	703.2	1195.9	894.4	1289.8	860.8	1167.8	1159.3	821.5	1011.1	550.4	1184.6	987.2	950.7	1023.9	504	800.8	902.2	629	831.1	2116.6	2183.8	2247.1	2202.6
Rpl39	31540.8	31480.7	40954.8	38081.7	31924.4	31289.2	46931.3	31639.8	33021.6	40923.7	40230.2	35823.9	33022.4	31084.1	38883.5	36722.8	33805.1	45869.3	46211.9	39209.5	405.8	377.4	444.9	387.6
Tceb1	1151.7	1237.4	1252.3	1105.2	1354.9	1312.5	1534.4	1359	2045.6	1759.5	915.4	1042.3	1520.3	2169.2	1389.4	1059.5	1593.1	1798.6	958.3	1119.6	758.3	794.7	956.8	825.7
Tmem243	2.1	119.3	98.8	86.9	0	0	30	65.6	182.8	13.6	35.1	34.9	3.2	1.5	23.3	24.3	10.9	139.7	48.7	29.5	487.8	516	320.7	330.7
Fdx1l	215.2	170.5	341	192.3	168.7	30.2	471.5	363.3	308.1	212.3	369.4	367.7	346.4	293.4	263.6	276.3	226.5	151.3	204.5	302.7	241.1	249	408.6	405.7
Ulbp1	3.1	0	10.6	26.1	46.5	33	78.9	60.7	84.2	70.8	38.1	0	90.2	63.8	64.1	48.6	78.7	4.4	52.3	57.7	79.6	91.6	57.7	75.7
3110001I22Rik	108.1	43.9	52.9	107.6	118	31.6	32	109.7	95.5	72.1	112.2	23.3	171.6	1.5	72.8	146.7	13.3	126.6	103.4	29.5	50.9	61.1	149.6	178.6
Tmlhe	0	1.5	0.7	0	1.4	28.8	0	0	0	1.4	15	0	0	0	11.7	0	60.6	0	22.6	0	130.5	140.2	184.5	181.8
Xlr4a	135.4	164.7	54.4	19.6	71.5	54.9	216.8	53.9	135.5	61.2	95	149.4	280.9	181.2	13.1	204.4	164.8	84.4	233	119.3	28.6	25.1	20.1	47.2
Gm11273	122.8	164.7	174.4	211.9	361.8	254	364.6	206.6	305	405.5	205.7	344.5	175.6	409.3	329.2	316.7	253.2	147	215.2	647.7	0	0	2.7	0.6
Rpl28-ps3	1885.6	1214	1469	1690.9	1663	1176.6	1092.8	1027.1	1786.8	1336.3	1702.8	2210.8	1254.6	1750.3	1294.8	2244.5	1425.9	1191.8	1668.1	3398.7	1.6	1.6	0	0
Rps19-ps3	74.5	145.6	56.5	101.1	230.2	57.7	26	95	66.7	106.1	15.7	21.5	44.7	69	85.9	34.4	100.6	84.4	78.5	50	4.8	2.3	10.7	7.1
Gm13573	700.3	477.9	463.8	640.1	401.8	351.5	291.7	352.5	443.6	528	631.9	666.6	262.6	502.5	499.6	733.7	620.3	347.8	796.6	1574.9	1.6	0	1.3	0.6
Gm14239	198.4	315.4	46.6	180.4	74.4	140	22	88.1	61.6	54.4	142.1	86.8	68.6	97.6	113.6	217.6	42.4	88.8	109.4	51.3	4	0	0	0
Brms1	9.4	19.8	28.2	64.1	51.5	63.2	57.9	81.3	55.5	164.7	57.6	123.5	4.8	2.9	52.4	52.6	33.9	43.7	15.5	77	788.5	845.6	1013.8	898.8
Spaca6	557.5	483	273.2	431.4	284.6	167.5	86.9	164.5	0	12.2	21.7	96.6	67	46.9	13.1	53.6	70.3	61.1	192.6	11.5	8	5.5	0	0
B230307C23Rik	92.4	307.4	99.5	48.9	57.2	129.1	76.9	174.3	76	137.4	421.8	75.2	232.2	218.6	106.3	81	44.8	133.9	220	75.7	28.6	31.3	30.9	17.5
Gm12543	115.5	0	30.4	118.5	110.1	164.8	105.9	57.8	128.4	74.8	134.6	0	57.5	11.7	55.3	20.2	103	0	84.4	73.1	1.6	5.5	1.3	1.9
Gm12174	772.7	783.7	438.4	435.8	737.9	1394.9	664.3	622.7	1254.9	944.4	75.5	61.7	522.7	889.1	801	133.6	1039.4	942.9	166.5	233.4	4.8	1.6	2.7	3.2
Gm9385	769.6	559.8	549.9	464	514.1	823.8	857.1	460.2	611	474.9	429.3	510	592.2	772.5	559.3	504	621.5	554.4	598	982.4	0	0	0	1.3
Rpl22-ps1	253	80.5	47.3	20.6	80.1	75.5	26	45	76	51.7	86	64.4	77.4	132.8	64.1	109.3	61.8	16	115.3	161.6	0	1.6	6	6.5
Rpl10-ps6	52.5	59.3	105.2	75	155.9	46.7	82.9	96	32.9	61.2	19.4	8.1	137.3	60.2	107.8	39.5	112.7	104.8	28.5	50	0.8	2.3	0.7	0
Rpl38-ps2	496.6	425.9	3594.6	3199.3	700	855.3	3947.8	2178.6	429.2	2567.9	4232.8	4373.3	997.6	689.6	2145.3	2899.2	529.4	2101.2	3351.6	537.4	3.2	2.3	6	8.4
Gm15427	406.3	139	293	268.4	439.7	269.1	333.6	281	283.4	453.2	275.2	212	352.7	304.4	326.2	213.5	355	296.9	340	583.6	32.6	29.8	39.6	29.8
Rpl19-ps11	649.9	583.2	453.2	285.8	536.9	913	514.5	310.4	845.1	319.8	246	299.7	782.9	463.6	483.5	427	912.2	777.1	318.6	531	9.5	4.7	7.4	8.4
Gm13328	94.5	218.8	48	126.1	170.2	163.4	12	102.8	82.2	80.3	116.7	116.3	168.4	201.7	155.8	85	159.9	45.1	84.4	97.5	0	0.8	1.3	0.6
Rpl35a-ps2	244.6	147.1	322.6	196.7	237.4	293.8	198.8	184.1	332.7	215	363.5	321.2	332.8	183.4	219.9	193.3	235	123.7	217.6	260.4	0	0	0	0
Gm13509	0	0	3.5	0	5.7	9.6	1	0	28.8	0	0	0	0	0	0	0	4.8	0	4.8	0	85.9	85.3	90.6	108.7
Gm12020	200.5	170.5	136.2	163	98.7	251.2	140.9	133.2	278.3	108.9	121.2	307.8	99.8	174.6	81.6	158.9	169.6	55.3	92.7	278.3	2.4	5.5	6	1.3
Gm14303	1278.8	1704.3	1806.5	1876.8	1678	1580.2	1809.1	1537.2	1500.3	1488.7	1805.3	1368.9	1493.2	1484.8	1829.3	1609	1361.7	2155.1	1597.9	2044.4	4	3.9	3.4	3.2
Rps13-ps4	637.3	535.7	662.9	396.7	296.7	609.6	1028.9	564	743.5	734.8	47.9	53.7	269.7	340.4	927.7	173	605.7	1239.8	158.1	758	4	2.3	1.3	2.6
Gm13680	3477.2	2595.6	2432.6	2387.5	2426.6	1327.6	1437.5	1417.8	1805.3	1765	1844.2	2526.6	1674.3	2076	1621	1951	1963.8	1896.1	1935.6	3638.5	0	0	0.7	1.9
Rps6-ps4	310.8	373.2	179.3	178.2	287.4	387.2	306.7	272.2	304	246.3	111.4	78.7	229.8	404.9	332.1	172	321	378.3	179.5	280.9	1.6	1.6	4	3.2
Gm14830	295	187.3	868.3	1098.7	291.7	247.1	972	1067.3	290.6	1041	1505.4	1645.4	185.2	388.1	1042.8	1617.1	164.8	905.1	1457.6	1164.5	0.8	0.8	2.7	0.6
Gm15483	478.7	469.8	333.2	188	339.6	362.5	798.2	342.7	467.2	581.1	26.2	9.8	134.1	322	686	64.8	392.5	638.8	63	220.6	0	0.8	0.7	0
Gm14165	163.8	158.8	160.2	120.6	336	240.3	281.7	131.2	215.6	160.6	63.6	125.3	201.1	265.6	228.7	109.3	147.8	215.4	108.2	112.9	0.8	3.9	7.4	2.6
Llph-ps1	144.9	164.7	23.3	104.3	65.1	68.6	30	28.4	66.7	36.7	106.9	147.6	30.3	13.9	64.1	142.7	123.6	50.9	46.4	178.3	0	0	0	0
Gm12338	79.8	106.8	153.2	78.2	159.4	107.1	146.8	143	123.2	240.9	103.2	84.1	83	82.9	155.8	81	105.4	116.4	70.1	164.2	3.2	2.3	0	0.6
Gm12311	150.1	60.7	86.8	43.5	86.5	33	30	54.8	59.6	42.2	147.3	93.9	55.1	99.8	65.5	194.3	46	45.1	92.7	121.8	0.8	0	0.7	0
Gm16200	825.2	543.7	1183.9	1556.2	774.3	399.5	652.3	927.2	476.5	873.6	1097.1	1444	424.6	472.4	767.5	1647.5	319.8	931.3	1526.6	1925.1	0	0.8	0	0
Slc48a1	1803.7	1587.2	2287.2	2507.1	1520	1357.8	1721.2	1747.8	1285.7	1736.4	2375.1	2497.1	1213.1	1000.6	1127.3	1305.4	978.9	852.7	1288.8	1217.1	1390.1	1565.2	3327.4	3523.3
Gm12328	0	0	0	0	0	0	0	0	0	0	0	0	0	0	0	0	0	0	0	0	74.8	84.6	44.3	49.8
Gm12090	1919.2	1257.2	1118.2	1181.3	772.2	582.1	568.4	684.4	668.5	635.5	793.5	930.5	549.9	822.3	691.8	1300.4	798.4	688.3	936.9	2070	0	0	0.7	0
Gm14681	106	218.1	64.9	73.9	208.8	100.2	39	57.8	90.4	49	96.5	201.3	249	126.9	87.4	362.3	135.7	126.6	102.2	143.6	28.6	18	34.9	31.1
Gm11518	8871.6	5748.2	5072.8	5687.9	7183.4	5714.2	3260.5	4160.3	7152.3	4805	5508.6	7780.3	5742.1	8267.5	4816.4	7531	6365.1	5279.3	6478.6	12961.2	0	0	0	0
Gm14633	100.8	105.4	115.8	163	100.8	135.9	72.9	118.5	120.1	166	137.6	337.3	137.3	68.2	120.9	257	66.6	138.2	229.5	202.6	0	0.8	0	0
Gm15466	107.1	69.5	33.2	48.9	133.7	67.3	34	48	123.2	104.8	183.2	193.3	89.4	120.3	67	180.1	69.1	55.3	135.5	236	2.4	0.8	2	1.9
Gm14279	91.3	112	151.1	50	25.7	49.4	97.9	72.5	125.3	118.4	71.8	213.8	96.6	47.7	152.9	110.3	86	16	162.9	210.3	0.8	0	0	2.6
Gm14680	72.4	131.7	46.6	44.6	95.8	82.4	54.9	64.6	106.8	121.1	77	109.2	112.5	134.2	104.9	177.1	143	77.1	151	156.5	4	3.1	2.7	4.5
Gm12216	390.6	354.2	270.4	327.1	143.7	157.9	235.8	203.7	13.3	102.1	77	144.9	347.2	248	161.7	245.9	371.9	133.9	252.1	266.8	31.8	27.4	11.4	4.5
Rpl17-ps5	983.7	714.2	877.5	1195.4	674.2	398.2	506.5	582.6	430.3	816.5	750.1	838.3	672	447.5	876.8	963.4	483.4	583.5	797.8	1651.9	2.4	3.1	2	2.6
Gm11488	47.2	117.8	49.4	115.2	102.2	96.1	8	53.9	66.7	61.2	157	90.4	46.3	104.2	52.4	161.9	116.3	21.8	95.1	146.2	1.6	0.8	0.7	0.6
Gm15536	168	257.6	140.5	245.6	160.9	189.5	136.9	141	155.1	125.2	106.9	51.9	115.7	126.2	126.7	123.5	258	219.7	186.7	301.4	19.9	19.6	18.1	12.9
Gm12435	59.8	80.5	24	23.9	49.3	35.7	20	40.1	81.1	69.4	68.8	204	20.7	68.2	30.6	20.2	94.5	33.5	74.9	43.6	1.6	0	2.7	2.6
Gm13461	52.5	22.7	33.9	54.3	35	153.8	68.9	59.7	191	149.7	46.4	52.8	27.9	47.7	36.4	56.7	206	17.5	15.5	53.9	17.5	19.6	26.2	29.8
Snrpert	54.6	56.3	76.2	61.9	53.6	24.7	91.9	100.9	120.1	193.2	261	7.2	204.3	53.6	246.1	114.4	298	315.8	296	133.4	9.5	14.1	6.7	7.8
Gm15720	162.7	166.1	108.7	89.1	170.2	300.7	132.9	158.6	169.4	230	296.1	243.4	145.2	281	150	154.8	206	203.7	341.2	289.9	3.2	5.5	3.4	0.6
Rpl5-ps1	175.3	83.4	108	73.9	64.3	92	129.9	79.3	127.3	100.7	59.1	173.6	142.9	41.8	75.7	88	55.7	74.2	85.6	61.6	0	1.6	2.7	3.2
Pisd-ps1	122.8	109.8	70.6	59.8	131.6	137.3	23	79.3	1	66.7	104	154.8	16	14.7	72.8	63.8	101.8	113.5	42.8	89.8	93.9	106.5	10.7	16.2
Gm15596	459.9	224.7	121.4	159.7	133	156.5	113.9	100.9	120.1	96.6	51.6	85.9	114.1	264.1	53.9	217.6	170.8	135.3	109.4	482.2	0	0	0	0
Gm12250	98.7	187.3	88.2	75	306	38.4	64.9	100.9	123.2	43.5	33.7	64.4	166	237.7	126.7	140.7	352.5	145.5	114.1	219.3	135.3	147.2	193.9	204.5
Gm16523	58.8	123.7	47.3	298.8	63.6	59	54.9	77.4	87.3	121.1	65.1	0	103.7	121	115.1	26.3	119.9	0	121.3	42.3	8.8	10.2	0.7	4.5
Gm8822	123.9	177.1	175.1	106.5	353.2	219.7	129.9	293.7	338.9	228.6	286.4	527	368.7	436.5	368.5	394.7	151.4	317.2	269.9	378.3	27.1	29.8	53.7	52.4
Btc	196.3	140.5	139.8	152.1	28.6	82.4	104.9	63.6	35.9	55.8	31.4	0	50.3	70.4	14.6	54.6	18.2	64	28.5	12.8	0	2.3	0	0
Gm14970	0	74.6	31.1	33.7	0	64.5	48.9	27.4	121.2	78.9	65.8	216.5	102.2	41.8	64.1	36.4	144.2	58.2	30.9	61.6	0.8	0	0	1.3
Gm11425	555.4	449.3	269.7	224.9	290.3	407.8	304.7	272.2	421	232.7	287.9	179.8	393.4	288.3	186.4	340	402.2	272.1	348.4	636.1	0.8	0.8	0	0
Gm12183	273	745	347.3	298.8	381.8	378.9	264.7	254.6	367.6	351.1	552.7	673.7	450.1	385.1	356.8	690.2	267.7	363.8	474.4	701.5	10.3	11	9.4	13.6
Rps6-ps3	318.1	113.4	79.8	83.7	62.2	119.4	23	75.4	47.2	93.9	60.6	106.5	95	56.5	48.1	110.3	128.4	80	39.2	129.5	6.4	3.1	4.7	3.9
Gm11619	259.3	164.7	46.6	81.5	34.3	109.8	66.9	40.1	113	59.9	69.5	95.7	102.2	136.4	46.6	170	113.9	42.2	73.7	363	0	0.8	0.7	0
Gm5909	295	320.5	155.3	435.8	389.7	157.9	201.8	305.5	339.9	364.7	424.8	385.6	331.2	367.5	336.4	539.4	173.2	165.9	331.7	425.8	0	0.8	0.7	0.6
Gm13456	517.6	370.3	248.5	126.1	605.6	755.1	310.7	266.3	754.8	134.7	15	0.9	565	475.4	426.7	53.6	1137.6	324.5	59.4	160.3	11.1	11	13.4	7.1
Gm14336	548	243.7	148.2	239.1	203.8	124.9	82.9	121.4	151	95.3	159.3	192.4	162	115.9	144.2	121.4	236.2	59.7	69	418.1	0	0	0	0
Gm15464	2442	2369.5	1932.1	1155.2	1553.6	1637.9	3653.1	1618.5	1975.7	2550.2	151.1	301.5	1304	2052.6	2343.4	292.5	1940.8	3140.2	476.8	1415.9	0	1.6	0	0.6
Gm11914	140.7	102.5	119.3	105.4	116.5	162	139.9	134.1	135.5	206.8	301.4	252.3	265	125.4	203.9	218.6	156.3	167.3	151	223.2	1.6	2.3	1.3	1.3
Gm8692	141.7	138.3	264	105.4	125.1	98.9	157.8	116.5	131.4	155.1	150.3	316.7	58.3	119.6	123.8	268.2	71.5	68.4	212.8	465.6	16.7	16.4	14.1	8.4
Gm13118	72.4	68.1	112.2	80.4	65.1	26.1	0	71.5	82.2	66.7	166	214.7	24.7	96.1	49.5	75.9	59.4	48	58.3	205.2	0	0	0	0
Gm14537	39.9	46.1	16.9	60.9	20.7	65.9	23	104.8	29.8	13.6	9.7	76.9	166	130.6	51	68.8	59.4	0	48.7	84.6	3.2	0.8	1.3	1.3
Gm11889	403.2	319.8	152.5	323.8	260.3	46.7	46	190.9	253.6	210.9	359.7	247.8	193.9	418.9	206.8	275.3	189	205.2	305.6	411.7	0.8	0	0.7	2.6
Gm13339	2179.6	938.1	1149.3	1356.2	1482.9	951.4	1005.9	1162.2	1062.8	1246.5	990.1	1357.3	842	1371.8	1073.4	1629.2	1047.9	752.3	1280.5	3183.2	0	0	0	0.6
Rpsa-ps9	98.7	106.1	55.1	151.1	59.3	59	39	105.7	126.3	81.6	86.7	93.9	84.6	142.3	53.9	12.1	95.7	61.1	74.9	159	4	2.3	5.4	3.9
Gm5844	85	118.5	42.4	52.2	55.1	54.9	1	147.8	56.5	114.3	155.6	126.2	33.5	87.3	85.9	74.9	41.2	72.8	160.5	121.8	0	1.6	6	4.5
Gm8172	178.5	479.3	240	379.3	263.8	229.3	62.9	338.8	315.3	221.8	474.1	361.5	177.2	379.3	426.7	445.3	393.7	490.4	451.8	531	0	0.8	1.3	1.3
Gm7658	109.2	134.6	79.8	47.8	63.6	90.6	119.9	54.8	229	68	87.5	50.1	114.9	80.7	136.9	125.5	88.4	74.2	99.9	166.7	2.4	8.6	9.4	12.9
Gm12630	199.5	144.9	163.8	224.9	188	94.7	129.9	134.1	177.7	259.9	210.1	221	184.4	209.8	151.5	256	153.9	68.4	211.6	711.8	0.8	0	0.7	0
Fam220a	299.2	301.5	329.7	394.5	39.3	226.5	364.6	244.8	351.2	421.9	263.2	442.9	199.5	337.4	217	488.8	129.6	142.6	239	261.6	80.4	76.7	84.5	55
Rps15a-ps6	1686.1	1559.4	1423.2	1794.2	1601.5	1839.7	1222.7	1261.1	1838.1	1486	1526.3	1585.4	1525.1	1922	1533.6	1981.4	1573.7	2162.4	1715.6	1703.2	4.8	7	1.3	3.9
Gm9835	79.8	37.3	23.3	69.5	58.6	49.4	34	66.6	88.3	110.2	159.3	76	148.4	51.4	72.8	119.4	116.3	344.9	102.2	118	7.2	7.8	8.7	7.1
Gm12191	771.7	660.8	402.4	449.9	667.1	933.6	702.3	353.5	1085.4	631.4	294.6	114.5	759	936.8	732.6	307.6	1086.7	515.1	441.1	366.8	0	0	0	0
Gm11249	70.3	115.6	102.4	42.4	64.3	208.7	230.8	99.9	225.9	247.7	18.7	1.8	99.8	151.1	307.3	31.4	124.8	213.9	25	74.4	10.3	11	15.4	11
Gm6341	168	161.7	161.7	85.9	207.3	119.4	180.8	112.6	147.9	264	92	79.6	119.7	200.3	163.1	171	233.8	106.2	58.3	228.3	0	1.6	0.7	1.3
Gm11427	5.2	10.2	2.8	0	77.2	19.2	0	0	23.6	0	0	42.1	0	0	5.8	62.7	43.6	27.6	21.4	11.5	67.6	80.6	230.8	152.7
Ctsf	517.6	589.8	548.5	604.2	341	244.4	181.8	259.5	143.8	153.8	82.3	240.7	180.4	84.4	240.3	273.2	184.1	212.5	180.7	187.2	110.6	116.7	81.9	85.4
Gm11826	325.5	161.7	133.4	65.2	77.9	109.8	67.9	38.2	109.9	92.5	47.9	59.9	63.8	124	46.6	71.8	130.8	100.4	92.7	329.6	2.4	1.6	0	0.6
Gm7363	47.2	95.1	38.1	39.1	130.1	120.8	59.9	66.6	267	215	207.9	212.9	165.2	423.3	185	102.2	164.8	90.2	137.9	402.7	0	0	0	0.6
Llph-ps2	364.3	408.3	134.1	215.2	287.4	179.9	44	190	194.1	216.4	416.5	484.9	450.1	397.6	230.1	484.7	166	132.4	420.9	523.3	4	3.1	2.7	1.9
Gm15542	127	125.9	26.1	57.6	168.7	173	290.7	148.8	17.5	55.8	16.5	3.6	94.2	54.3	147.1	53.6	67.8	2.9	44	111.6	4.8	1.6	0.7	3.9
Rpl30-ps10	144.9	346.9	94.6	68.5	151.6	322.6	153.8	102.8	301.9	129.3	0.7	0.9	176.4	278.8	136.9	6.1	347.7	237.2	19	77	0	0.8	0	0
Gm15198	561.7	406.1	248.5	240.2	272.4	359.7	243.7	255.6	314.2	375.6	119.7	156.6	248.2	447.5	249	133.6	236.2	504.9	165.3	382.2	0.8	0	1.3	0.6
Gm13487	68.2	46.8	143.3	224.9	130.1	97.5	80.9	148.8	67.8	107.5	192.9	132.4	116.5	70.4	138.4	325.8	96.9	120.8	306.7	147.5	0	0	0.7	0
Gm14044	1805.8	1008.4	1051.8	1121.5	1232.6	814.1	699.3	797	894.4	1028.8	1497.2	1572	1145.2	1181.1	808.3	2165.6	788.7	857.1	1521.8	1955.9	0.8	0	0	0
Gm12749	64	246.6	179.3	280.4	276	311.7	125.9	188	395.4	264	538.4	308.7	304.1	240.6	145.6	379.5	222.9	215.4	455.4	111.6	4.8	7	2.7	1.9
Gm13340	355.9	541.5	387.6	481.4	710	341.9	302.7	241.8	414.9	508.9	554.2	666.6	479.6	408.6	436.9	844	428.9	646.1	511.2	1145.3	2.4	3.9	2	0.6
Rpl21-ps15	446.2	243.7	381.9	472.7	343.2	447.6	330.6	281	286.5	292.6	300.6	280.9	431	281	158.7	265.1	402.2	250.3	331.7	447.6	0	0	0	0
Gm14586	725.5	856.2	686.9	772.7	1025.3	1046.2	620.3	481.7	1109	869.6	938.5	886.6	846.7	960.3	656.8	655.7	932.8	855.6	760.9	927.3	4.8	2.3	9.4	4.5
Gm10169	145.9	150	203.3	217.3	288.9	227.9	162.8	201.7	180.7	299.4	262.5	246.9	245	336.7	343.7	319.8	151.4	147	225.9	318.1	0	0	0	0
Gm8624	40.9	115.6	60	60.9	83.7	75.5	53.9	68.5	68.8	77.6	81.5	45.6	138.1	127.6	69.9	137.6	95.7	115	104.6	70.5	0.8	0.8	0	0.6
Gm13436	628.9	458.1	405.2	452.1	569.8	378.9	239.7	318.2	615.1	484.4	535.5	548.5	443.7	618.4	454.4	573.8	473.7	406	636.1	1300.5	12.7	19.6	24.8	19.4
Gm12739	442	321.3	236.5	182.6	266	311.7	164.8	186	231	187.8	160	187	506	340.4	467.5	352.2	610.6	406	406.6	660.5	0.8	0	0	0
Ube2d-ps	137.5	166.1	129.2	86.9	43.6	43.9	60.9	88.1	43.1	84.4	99.5	193.3	86.2	162.1	56.8	48.6	61.8	45.1	95.1	159	92.3	104.9	137.6	139.8
Gm13341	138.6	137.6	141.2	122.8	206.6	181.2	147.8	118.5	160.2	123.8	87.5	170.9	157.2	253.1	203.9	344.1	123.6	176.1	114.1	352.7	3.2	2.3	0.7	1.3
Gm12346	44.1	90	52.2	14.1	148.7	109.8	72.9	103.8	46.2	123.8	198.2	127	19.2	107.1	148.6	101.2	58.2	120.8	82	46.2	19.1	13.3	26.2	19.4
Gm11478	2415.8	1948.7	1296.8	1479	1841.1	1477.3	1347.6	1106.4	1939.8	1639.8	1194.3	1577.4	2079.8	1851.6	1245.2	1129.3	1578.6	1292.2	1183	2422.7	69.2	57.9	43.6	35.6
Gm14439	186.9	232	281.7	198.9	94.4	184	653.3	262.4	138.6	367.4	10.5	0.9	110.1	202.5	269.4	42.5	252	456.9	44	137.2	0	0	2.7	0
Gm16140	186.9	190.3	164.5	329.3	117.3	153.8	205.8	220.3	93.4	104.8	157.8	117.2	71.8	14.7	65.5	84	89.6	5.8	85.6	101.3	0.8	0	2	0
Gm6136	596.3	712.8	773.7	1180.2	846.5	823.8	651.3	940.9	909.8	817.8	1698.3	1815.4	1015.9	862	1045.7	2408.5	713.6	1009.9	1687.1	1790.4	4.8	2.3	6	4.5
Gm15710	13612.9	7875.5	10863.6	12936.2	7718.9	4972.8	7237.3	8411.8	5349.1	9135.1	13295.1	13843.7	6296.7	6489.3	8975.9	16584.9	5369.3	8038.3	14066.4	18304.3	3.2	4.7	4	2.6
Gm12696	177.4	235.6	48	54.3	95.8	81	15	70.5	104.7	43.5	131.6	82.3	83	190.7	65.5	142.7	75.1	39.3	83.2	109	218.8	249.8	310.7	302.8
Gm6451	201.6	188.1	106.6	148.9	143.7	112.6	80.9	96.9	166.4	49	80	162.8	110.1	124	96.1	112.3	167.2	216.8	102.2	209.1	0.8	0	0	1.3
Atp5l2-ps	309.7	246.6	187.1	94.5	180.2	225.2	410.6	132.2	326.5	284.4	25.4	60.8	97.4	311.8	148.6	31.4	236.2	193.5	22.6	116.7	0	0	0.7	0.6
Gm15421	535.4	415.7	369.9	431.4	745.7	451.7	189.8	279.1	473.4	394.6	408.3	474.2	705.5	419.6	436.9	774.1	678.4	382.7	535	782.3	2.4	0	2	0.6
Gm6142	348.6	287.6	310.6	660.7	153.7	225.2	184.8	330.9	159.2	445	658.1	560.1	189.9	310.3	317.5	729.6	127.2	452.6	686	334.7	0.8	0.8	0	0.6
Tpt1-ps3	1205.3	995.2	989	842.2	730.7	1191.7	1140.8	793.1	1323.7	817.8	557.1	730.1	880.3	1090.1	927.7	374.4	903.8	1159.8	871.5	805.4	26.3	29.8	29.5	33.6
Rpl3-ps1	305.5	395.9	317.7	247.8	334.6	372.1	422.6	286.9	239.3	313	154.8	154.8	262.6	179.7	578.2	160.9	413.1	397.3	149.8	377.1	11.9	19.6	30.9	27.8
Znf41-ps	48.3	41.7	82.6	80.4	209.5	41.2	62.9	54.8	60.6	31.3	38.9	42.9	91	20.5	53.9	103.2	153.9	0	63	32.1	7.2	2.3	15.4	19.4
Gm11510	326.5	330.8	189.2	333.6	248.8	109.8	47.9	147.8	78	83	193.7	105.6	197.9	176.8	119.4	196.3	191.4	80	380.5	110.3	4	0.8	0	0
Rpl10a-ps1	2686.7	2730.3	3017.2	2540.7	2739.8	2420.5	3354.4	2360.7	3042.7	3324.5	1590.7	1795.7	2681.5	3276.9	2876.4	2017.8	3503.6	3461.8	2086.6	3409	23.9	30.5	25.5	34.3
Gm25177	0	5.1	45.2	29.3	72.9	56.3	23	12.7	0	114.3	35.9	0	92.6	157.7	65.5	70.8	176.9	136.8	42.8	11.5	1.6	1.6	0	0
Ubl5	1851	1944.4	1995	2201.7	1920.4	2018.2	2478.4	1868.2	2534.4	2312	3550	3522.4	2114.9	3011.4	2566.2	3609.6	2196.4	2035.8	3332.6	3003.7	989.9	973.3	949.4	896.8
Mir142hg	316	232	317	413	173	164.8	262.7	279.1	191	348.4	497.3	78.7	400.6	326.4	323.3	541.4	214.4	209.5	388.8	110.3	19.9	19.6	1.3	1.3
5830444B04Rik	102.9	184.4	16.2	80.4	127.3	42.6	0	63.6	12.3	9.5	17.2	26.8	87.8	0	67	97.1	25.4	27.6	92.7	15.4	29.4	25.8	0	5.8
Gm5526	150.1	169	214.6	82.6	144.4	185.3	171.8	179.2	197.2	74.8	136.9	146.7	120.5	182.7	88.8	74.9	151.4	167.3	108.2	128.3	0.8	0.8	0	0
Hoxb3os	528.1	311.7	305.7	177.1	210.9	204.6	143.8	256.5	182.8	208.2	55.3	94.8	83.8	70.4	112.1	142.7	65.4	45.1	66.6	116.7	0.8	0	0.7	1.3
C230037L18Rik	212.1	91.5	138.4	200	144.4	163.4	163.8	61.7	86.3	125.2	80	51.9	67.8	27.9	46.6	84	23	110.6	70.1	112.9	1.6	0.8	3.4	0.6
1810062O18Rik	45.1	178.6	61.4	118.5	15.7	155.1	0	49	0	46.3	0	0	0	24.2	1.5	15.2	56.9	59.7	32.1	24.4	11.9	8.6	2	2.6
Gm11944	170.1	10.2	17.6	116.3	153	179.9	127.9	38.2	20.5	2.7	23.9	85	108.5	28.6	16	16.2	115.1	27.6	52.3	0	4.8	11	5.4	2.6
Gm5577	86.1	158.8	117.2	179.3	72.2	124.9	155.8	282	115	57.2	148.1	110.9	91.8	0	91.8	152.8	100.6	33.5	42.8	16.7	4	1.6	0	0.6
Gm16194	0	0	0	0	0	0	0	0	10.3	6.8	0	0	0	21.3	48.1	35.4	0	0	14.3	5.1	36.6	33.7	253	234.2
Bbip1	605.8	517.4	575.3	432.5	876.6	591.7	767.2	498.4	613.1	619.2	442.7	461.7	631.3	517.9	645.2	693.2	791.1	816.3	964.2	625.9	394.7	401.7	290.5	309.3
C230035I16Rik	123.9	215.9	66.4	115.2	55.8	92	31	144.9	132.5	65.3	93.5	0.9	131.7	21.3	62.6	60.7	21.8	55.3	34.5	57.7	10.3	10.2	2.7	12.9
Slc2a4rg-ps	99.7	126.6	96	136.9	115.8	87.9	158.8	170.4	143.8	91.2	167.5	69.8	100.6	78.5	196.6	192.3	199.9	133.9	196.2	134.7	11.9	8.6	2	3.9
4933421O10Rik	150.1	38.8	105.2	61.9	69.4	114	51.9	51.9	0	38.1	53.1	85.9	161.2	34.5	40.8	50.6	31.5	45.1	49.9	18	82.8	73.6	49.7	56.9
Gm13111	51.4	84.9	76.9	140.2	44.3	1.4	0	33.3	0	0	0	0	0	0	0	0	0	0	5.9	0	0	0	0	0
Gm16070	65.1	83.4	44.5	75	173.7	126.3	52.9	66.6	0	24.5	9.7	10.7	0.8	29.3	1.5	15.2	32.7	0	11.9	32.1	0	0	0	0
Gm11974	418.9	282.5	335.3	380.4	271.7	236.1	437.5	276.1	471.3	504.9	338	582.5	304.1	197.3	420.9	371.4	334.4	228.5	439.9	352.7	99.5	115.9	50.3	47.2
Gm6542	85	61.5	15.5	51.1	40	63.2	1	32.3	65.7	88.5	53.8	51.9	68.6	170.2	93.2	61.7	7.3	10.2	55.9	30.8	6.4	6.3	11.4	13.6
Gm11423	262.5	135.4	244.3	260.8	114.4	130.4	214.8	143	106.8	157.9	104.7	230.8	438.9	107.1	192.2	186.2	98.1	157.2	154.6	73.1	31.8	32.9	24.8	17.5
Brip1os	313.9	292	343.8	329.3	493.3	642.5	459.5	301.6	684.9	417.8	691.8	747.1	604.1	486.4	428.2	542.4	657.8	311.4	506.5	527.1	1367	1483	1213.1	1257.9
6330418K02Rik	136.5	207.8	21.9	68.5	9.3	153.8	76.9	117.5	68.8	59.9	57.6	85.9	124.5	355.1	64.1	97.1	218.1	14.6	236.6	83.4	12.7	20.4	13.4	18.1
Snhg3	1675.6	2526.9	3191.5	3135.2	3479.8	2836.5	5588.1	4011.5	4482.4	4545.1	4411.5	3059	3795.6	4886.4	4638.7	3334.4	3296.4	3554.9	3645.3	2556.1	0.8	0.8	0	0
4833418N02Rik	142.8	222.5	206.8	167.4	85.1	96.1	26	115.5	115	49	9	12.5	23.9	40.3	7.3	66.8	72.7	129.5	42.8	74.4	31	18	15.4	16.8
Gm16104	178.5	185.1	146.8	230.4	17.9	48.1	68.9	65.6	0	0	0	0	29.5	5.1	21.8	8.1	31.5	37.8	63	6.4	0.8	0	16.8	14.9
Gm12254	500.8	436.1	329	245.6	437.6	233.4	161.8	167.4	393.3	212.3	517.5	501.9	548.3	309.6	243.2	687.1	465.2	200.8	475.6	749	2.4	0.8	2	2.6
3010003L21Rik	177.4	191	108.7	46.7	58.6	197.7	71.9	125.3	9.2	43.5	45.6	117.2	100.6	20.5	45.1	79.9	61.8	154.2	142.7	80.8	152.8	144.1	50.3	46.6
Snhg17	282.4	307.4	447.6	511.8	240.9	260.9	659.3	491.5	601.8	430	359.7	395.5	164.4	399.1	209.7	228.7	209.6	493.3	322.2	318.1	78.8	104.9	21.5	40.1
Firre	1170.6	1116	1955.4	2331	1078.2	789.4	1146.8	1340.4	471.3	955.3	778.5	647.8	517.1	543.6	898.6	1044.3	638.4	983.7	955.9	697.7	43	39.9	4.7	1.3
Foxd2os	1006.8	714.2	372.7	844.4	278.1	464.1	392.6	610	375.8	366.1	415.8	280.9	419	213.5	307.3	418.9	285.9	189.2	233	241.1	74	60.3	28.9	64.7
Gm13919	0	0	0	0	0	0	0	0	0	0	0	0	0	0	0	0	0	0	0	10.3	121.7	103.4	0	0
1700020I14Rik	3141.3	4155.1	2995.3	3592.7	3074.4	3461.2	3205.6	3885.2	3746.1	3625.2	3272.6	3342.6	3679.1	3699.5	3253.6	3484.2	3543.6	3589.9	2887.9	2634.3	1389.3	1252.8	1311.1	1490.2
Gm3362	124.9	95.1	165.9	159.7	65.8	120.8	87.9	77.4	50.3	118.4	132.4	29.5	59.1	49.9	58.3	142.7	220.5	81.5	107	129.5	3.2	6.3	0	1.9
Trmt61b	253	240	355.1	413	203.1	296.6	189.8	391.7	176.6	332	319.3	349.8	132.5	257.5	311.7	149.8	172	138.2	89.2	114.1	103.4	79.9	210.7	167.6
Gm11772	58.8	112.7	139.1	177.1	67.9	130.4	2	46	53.4	138.8	95.7	87.7	124.5	74.8	75.7	160.9	153.9	238.6	184.3	175.7	19.1	23.5	8.7	10.4
4930526A20Rik	85	140.5	167.3	141.3	161.6	160.6	131.9	174.3	128.4	93.9	262.5	125.3	92.6	217.9	208.3	221.6	147.8	122.2	332.9	152.6	3.2	4.7	0	2.6
Gm13166	1067.7	878.9	733.5	771.6	626.3	859.5	769.2	704	436.4	675	896.7	651.3	760.6	512.8	836	580.9	716	659.2	872.7	555.3	7.2	3.9	3.4	1.3
Gm15658	304.5	363	311.3	369.5	209.5	181.2	495.5	304.5	190	447.7	396.4	621.8	264.2	397.6	656.8	467.5	170.8	115	167.6	220.6	1.6	0.8	8.1	8.4
Gm11346	289.8	341.7	358.6	430.3	62.2	392.7	109.9	101.8	70.9	19.1	23.2	30.4	74.2	0	30.6	0	24.2	4.4	8.3	6.4	85.9	82.2	3.4	0
3110056K07Rik	140.7	107.6	51.5	109.8	29.3	129.1	29	104.8	106.8	50.4	8.2	11.6	73.4	45.5	71.4	23.3	44.8	78.6	25	15.4	54.9	64.2	43.6	64.1
Gm11697	68.2	39.5	23.3	106.5	69.4	114	31	71.5	51.3	114.3	124.9	80.5	48.7	137.9	109.2	77.9	0	5.8	0	5.1	4.8	2.3	16.8	11.6
4921531C22Rik	55.6	63.7	42.4	84.8	72.9	182.6	34	16.6	32.9	23.1	35.1	7.2	67.8	53.6	62.6	9.1	163.5	75.7	70.1	41	106.6	103.4	28.2	37.5
Gm15915	76.6	35.1	45.9	0	20	0	0	0	153	98	259.5	143.2	0	33	10.2	9.1	0	0	0	39.8	0.8	0	10.7	4.5
5430405H02Rik	313.9	223.2	146.1	148.9	170.2	81	235.8	155.7	81.1	57.2	141.3	216.5	97.4	53.6	80.1	139.6	189	103.3	142.7	119.3	21.5	33.7	7.4	8.4
8430419K02Rik	771.7	533.5	374.9	445.6	478.3	826.5	194.8	205.6	193.1	179.6	205.7	56.4	136.5	112.2	59.7	238.8	103	39.3	210.4	51.3	0.8	1.6	0	0
Gm14302	202.6	95.1	45.2	118.5	33.6	83.7	21	64.6	0	0	24.7	0	0	0	33.5	12.1	33.9	30.6	72.5	25.7	1.6	1.6	0	0
Lin52	55.6	19.8	209	197.8	239.5	241.6	288.7	123.4	98.6	224.5	151.1	0.9	110.1	105.6	84.5	105.2	80	126.6	83.2	146.2	218	187.9	176.5	161.8
Zfp703	55.6	133.2	37.4	156.5	166.6	225.2	103.9	92	204.4	160.6	74	60.8	265.8	223.7	67	93.1	260.5	224.1	161.7	169.3	68.4	80.6	96.6	77.6
Gm13012	67.2	29.3	119.3	76.1	86.5	70	173.8	25.5	66.7	49	57.6	9.8	16	60.2	36.4	34.4	92.1	203.7	34.5	84.6	142.4	162.9	51.7	85.4
2610507I01Rik	116.5	270.8	62.1	173.9	286.7	72.8	23	82.2	37	96.6	13.5	240.7	51.9	229.6	48.1	87	92.1	209.5	122.5	152.6	43.8	41.5	175.1	163.1
Tnfsf13os	133.3	41	100.9	153.2	120.1	126.3	263.7	180.2	46.2	15	35.9	54.6	51.1	117.4	145.6	104.2	66.6	21.8	41.6	46.2	2.4	0.8	36.9	49.8
Gm15832	82.9	80.5	99.5	179.3	83.7	49.4	122.9	96	39	246.3	150.3	44.7	205.1	98.3	192.2	333.9	266.5	350.7	204.5	164.2	2.4	1.6	0	0
Trp53cor1	99.7	109	68.5	113	55.8	17.8	110.9	38.2	0	38.1	3	0	170.8	144.5	93.2	68.8	73.9	94.6	153.4	44.9	27.8	22.7	2.7	2.6
2610307P16Rik	157.5	80.5	102.4	148.9	115.1	65.9	193.8	71.5	32.9	85.7	110.7	94.8	230.6	276.6	259.2	314.7	350.1	318.7	519.6	247.5	138.5	137	2.7	0
Cd63-ps	142.8	188.8	85.4	35.9	62.2	94.7	116.9	70.5	109.9	108.9	9.7	0.9	25.5	68.2	138.4	59.7	43.6	58.2	10.7	7.7	8	2.3	29.5	31.7
Gm15411	160.6	229	130.6	70.6	68.6	78.3	65.9	59.7	0	0	0.7	0	35.1	0	0	18.2	147.8	21.8	14.3	47.5	138.5	148	0	1.3
Gm15706	154.3	195.4	211.8	211.9	96.5	196.3	212.8	143	113	220.5	270	204.9	190.7	122.5	96.1	234.8	187.8	68.4	183.1	198.8	38.2	53.2	32.2	33
Gm15201	61.9	47.6	64.9	81.5	0	86.5	35	57.8	12.3	88.5	34.4	0	209.1	75.6	33.5	54.6	48.5	46.6	71.3	52.6	1.6	0.8	7.4	3.2
Snhg12	1554.9	1440.9	1346.9	1777.9	1665.2	1076.4	1641.3	1148.5	974.5	688.6	1018.6	1079	1371.9	916.2	1058.8	1507.8	1064.9	1181.6	1309	1168.4	31	21.1	6.7	8.4
2210013O21Rik	535.4	556.2	773	948.7	687.1	689.2	667.3	796	361.5	468.1	1050	1232.9	494	699.1	697.6	747.8	564.5	525.3	576.6	710.5	140	149.6	302.6	341
Gm15564	0	3.7	0	13	27.9	0	1	5.9	0	1.4	0.7	0.9	23.1	0	18.9	0	0	23.3	0	25.7	2492.9	2684.1	1268.1	1163.4
B230369F24Rik	233.1	73.2	139.8	82.6	5.7	61.8	17	190.9	39	95.3	133.9	184.3	93.4	225.9	81.6	160.9	18.2	173.2	107	178.3	15.9	14.9	21.5	27.8
Ftx	198.4	177.1	78.4	539	90.1	244.4	65.9	222.3	146.8	171.5	257.3	146.7	191.5	217.9	252	300.6	153.9	269.2	412.6	159	253.8	229.4	29.5	27.2
Gt(ROSA)26Sor	352.8	244.4	257.7	77.2	273.8	337.7	160.8	161.6	458	307.5	207.2	214.7	283.3	38.9	192.2	237.8	344.1	144.1	141.5	300.1	119.4	138.6	104	99
Xist	22881.3	31619	30329	37045	34506.9	30889.6	31566.6	43265.1	31903.3	44459.1	43285.1	29029.5	38675.1	33250.4	37405.3	38614.1	42027.4	49399.5	48755	22649.5	2135.7	1890.2	493.2	630.9
Mypopos	108.1	111.2	157.4	248.9	65.8	49.4	102.9	157.6	147.9	74.8	138.4	47.4	219.5	149.7	193.7	169	146.6	144.1	275.8	102.6	31	21.1	7.4	14.9
Gm16758	25.2	6.6	16.9	1.1	72.2	144.2	36	24.5	210.5	36.7	150.3	327.5	436.5	187.8	257.8	217.6	135.7	37.8	71.3	60.3	1.6	2.3	5.4	1.3
Gm2830	20094.9	14084.7	11020.3	9991.3	6183.1	5979.1	4342.4	4186.8	2281.7	1283.2	1032	1139	3314.4	2201.5	1680.7	2032	3201.9	2686.2	2618.1	3019.1	6.4	7	2	0
Gm15500	2955.4	2270.7	1673.8	1719.2	1976.2	2270.8	1981.9	1504	2165.7	2048	1339.4	1453.9	1714.2	2766.3	1855.5	1889.3	2234	2038.7	1606.3	2363.7	19.9	29	46.3	42.7
Gm11837	554.3	387.8	318.4	249.9	248.1	192.2	152.8	127.3	83.2	32.7	28.4	36.7	25.5	30.1	29.1	272.2	13.3	40.7	33.3	11.5	0	0.8	0	1.3
2810403D21Rik	170.1	240	271.8	301	118.7	218.3	150.8	154.7	262.9	35.4	111.4	99.3	352.7	140.8	282.5	170	350.1	138.2	269.9	110.3	39.8	52.5	26.8	11
A630052C17Rik	13.6	79	108.7	104.3	5.7	105.7	315.7	145.9	60.6	74.8	61.3	27.7	159.6	58.7	90.3	24.3	146.6	197.9	61.8	32.1	47.7	42.3	40.3	48.5
Gm11770	352.8	336.6	292.3	264.1	199.5	288.3	417.6	193.9	315.3	175.5	158.5	279.1	263.4	137.9	166	275.3	213.2	103.3	166.5	203.9	2.4	2.3	0	1.3
Plxna4os1	171.1	205.6	207.5	320.6	213.1	140	125.9	173.3	0	1.4	44.1	58.2	5.6	35.9	64.1	95.1	30.3	21.8	49.9	56.4	8	9.4	4	1.3
E130102H24Rik	202.6	115.6	74.1	89.1	115.8	15.1	88.9	85.2	6.2	2.7	75.5	102	66.2	161.4	1.5	38.5	111.5	17.5	41.6	50	8	2.3	0	0.6
2410006H16Rik	4211.1	3271.1	4907.7	3560.1	3128.7	3867.6	3366.4	2141.4	3067.3	2521.6	2742.3	2178.6	2739.8	2277.8	2209.4	2506.6	4148.1	2837.5	3679.8	2132.8	358.1	357.8	257.7	270.5
Snhg20	1054.1	706.9	857	1253	685.7	635.7	523.4	650.1	305	466.8	551.2	748.9	517.9	581	505.4	712.4	419.2	499.1	606.4	434.8	31.8	34.5	15.4	21.4
Gm16124	282.4	303	247.8	363	140.1	296.6	39	112.6	176.6	84.4	25.4	36.7	172.4	104.2	112.1	22.3	229	222.6	191.4	105.2	38.2	29.8	9.4	12.3
Gm15903	89.2	149.3	175.1	443.4	177.3	214.2	242.7	94	63.7	88.5	147.3	157.5	216.3	94.6	166	182.2	41.2	1.5	153.4	111.6	5.6	7.8	0.7	0
Gm6286	85	46.8	55.1	46.7	110.1	72.8	4	70.5	79.1	68	137.6	133.3	127.7	104.9	53.9	146.7	37.6	49.5	47.6	187.2	0	0.8	0	0
4933431E20Rik	144.9	237.1	149	64.1	180.9	75.5	62.9	79.3	73.9	234.1	124.9	110	48.7	38.1	7.3	41.5	6.1	24.7	28.5	23.1	0.8	2.3	16.1	2.6
Eldr	81.9	54.9	31.8	25	363.9	149.6	84.9	196.8	287.5	326.6	159.3	72.5	76.6	120.3	40.8	59.7	72.7	264.8	124.8	106.4	205.3	238.8	14.1	2.6
Gm16638	185.8	117.8	194.8	259.7	85.1	22	197.8	96	2.1	8.2	65.1	85	18.4	0	46.6	65.8	55.7	55.3	153.4	18	3.2	7	0	0
AI662270	4440	3860.9	3144.9	3218.8	4417.8	4482.6	3739	3492.6	4365.3	4542.4	4075.7	4384	4406.9	4964.9	4255.7	3596.5	4286.2	4169	3393.2	3211.5	2149.2	2081.2	4096.3	3975.6
Plcxd2	22	151.5	52.2	100	32.2	34.3	130.9	101.8	100.6	62.6	69.5	5.4	215.5	80.7	158.7	42.5	106.6	117.9	164.1	109	112.2	93.2	50.3	51.1
Gm12454	237.3	266.4	171.5	67.4	166.6	248.5	20	127.3	142.7	64	145.1	216.5	228.2	195.9	125.3	122.4	168.4	155.7	174.8	153.9	50.9	31.3	32.2	56.9
BC064078	175.3	122.2	130.6	213	135.1	130.4	182.8	113.6	9.2	110.2	8.2	95.7	71	233.3	68.5	153.8	356.2	64	205.7	150.1	338.2	375.1	220.1	242
5530601H04Rik	886.1	679.8	613.5	653.1	316	609.6	742.2	533.6	311.1	738.9	323.1	274.7	725.4	563.4	678.7	436.2	932.8	874.5	672.9	520.7	304.8	340.6	269.1	262.1
E130307A14Rik	202.6	205.6	225.9	358.6	306.7	167.5	178.8	216.4	351.2	338.8	406.8	472.4	480.4	95.4	154.4	293.5	391.3	392.9	414.9	187.2	167.1	192.6	101.3	91.9
2810408I11Rik	22	37.3	7.1	7.6	30	30.2	126.9	62.7	30.8	156.5	50.1	135.1	126.1	97.6	40.8	66.8	93.3	29.1	52.3	65.4	56.5	68.9	144.3	155.3
2610035D17Rik	456.7	510.1	548.5	577	272.4	436.6	461.5	420	140.7	352.5	356.7	469.7	304.1	160.7	209.7	438.2	418	451.1	463.7	355.3	234.7	216.9	50.3	29.8
Lamtor5	650.9	865	979.8	778.1	709.3	985.8	917	778.4	814.3	918.5	851.8	1120.2	641.6	829.7	873.9	834.9	936.5	467.1	725.3	854.2	452.8	457.3	597.8	613.4
D330023K18Rik	204.7	84.2	98.8	129.3	182.3	78.3	70.9	32.3	12.3	47.6	52.3	0.9	191.5	43.3	5.8	28.3	61.8	43.7	76.1	52.6	23.1	18.8	18.1	14.2
4933424M12Rik	0	0	16.2	2.2	0	0	0	0	0	0	26.2	2.7	0	0	55.3	0	0	45.1	16.6	6.4	31.8	26.6	110.7	70.5
A430035B10Rik	107.1	166.8	98.8	130.4	110.1	60.4	130.9	124.4	0	24.5	38.9	42.9	36.7	17.6	103.4	29.3	21.8	23.3	17.8	57.7	64.5	65	2.7	0.6
C430049B03Rik	31.5	79	112.2	55.4	20.7	195	24	74.4	77	66.7	118.9	106.5	56.7	30.1	192.2	102.2	67.8	145.5	78.5	16.7	3.2	5.5	4	9.7
BC065397	169	174.2	141.9	297.8	205.2	260.9	103.9	177.2	161.2	99.3	131.6	45.6	73.4	77.8	101.9	108.3	173.2	49.5	105.8	79.5	9.5	10.2	2	7.1
Tmem170b	159.6	204.9	226.6	263	198.8	324	398.6	313.3	140.7	155.1	180.2	83.2	152.4	259.7	193.7	157.9	227.8	269.2	300.8	193.7	306.3	310.9	501.9	616.7
2210408F21Rik	254.1	32.9	86.8	114.1	55.1	114	3	92	68.8	12.2	15	0.9	35.9	87.3	65.5	45.5	156.3	155.7	59.4	42.3	9.5	7	2	0
Kantr	71.4	142.7	150.4	276	38.6	100.2	153.8	128.3	152	142.9	86	88.6	142.1	131.3	64.1	97.1	201.1	37.8	292.5	91.1	51.7	42.3	24.2	23.3
Gm15501	717.1	524.7	1056.1	1355.1	847.2	509.4	710.2	773.5	633.6	1081.8	1497.2	1744.7	454.9	665.4	1067.6	2156.5	563.3	781.4	1417.2	1701.9	23.1	19.6	13.4	14.9
4930577N17Rik	0	31.5	96	15.2	91.5	0	40	74.4	114	134.7	84.5	169.1	83	44.7	42.2	105.2	7.3	135.3	66.6	23.1	39.8	31.3	71.8	48.5
Gm12971	29.4	49.8	64.9	28.3	88.7	38.4	255.7	140	54.4	66.7	160.8	92.2	23.9	22	113.6	19.2	104.2	49.5	126	97.5	1.6	2.3	0	0
2810001G20Rik	254.1	72.4	239.3	222.8	331	160.6	98.9	218.3	34.9	117	151.8	209.4	254.6	151.9	135.4	260.1	42.4	77.1	237.8	275.7	56.5	64.2	61.1	29.8
Gm16576	27.3	9.5	2.8	0	32.9	0	12	7.8	62.6	10.9	35.9	41.2	57.5	0	0	3	9.7	0	54.7	1.3	116.2	143.3	47	45.3
Gm8464	23.1	68.1	61.4	89.1	118	45.3	30	74.4	60.6	118.4	191.4	193.3	73.4	107.8	65.5	259.1	44.8	103.3	155.8	194.9	0.8	0	0	1.3
C030037D09Rik	303.4	249.5	130.6	171.7	57.2	162	139.9	131.2	117.1	159.2	20.9	70.7	123.7	104.2	81.6	151.8	224.1	39.3	166.5	103.9	42.2	52.5	6	17.5
Epb41l4aos	1880.4	1202.3	1159.8	982.4	1333.4	935	918	814.6	779.4	586.5	774	686.2	993.6	738.7	892.8	1069.6	980.1	759.6	1135.4	1073.5	38.2	29.8	30.9	38.8
Zfp111	196.3	287.6	120	176	268.8	221	176.8	194.8	301.9	223.2	251.3	221.9	115.7	148.2	269.4	162.9	71.5	106.2	54.7	75.7	31.8	30.5	179.8	195.4
Gm13414	51.4	139	82.6	25	127.3	70	65.9	96	193.1	145.6	106.9	233.5	163.6	96.8	136.9	149.8	116.3	46.6	114.1	248.8	0	0	0.7	0
1500009L16Rik	173.2	100.3	182.8	25	287.4	263.6	173.8	88.1	103.7	43.5	52.3	2.7	105.3	156.3	336.4	220.6	236.2	81.5	209.3	102.6	77.2	60.3	8.1	13.6
C330006A16Rik	632	839.4	634.6	464	1083.2	613.7	439.5	551.3	936.5	538.9	883.2	910.8	841.2	806.2	659.8	1147.6	752.3	360.9	1068.9	670.8	239.5	338.3	302.6	326.8
Pet100	591.1	724.5	546.4	423.8	390.4	665.9	730.2	487.6	511.4	325.2	561.6	385.6	292.1	367.5	286.9	591	461.6	375.4	359.1	418.1	241.1	239.6	203.3	197.4
Gm24916	38.8	98.8	177.2	127.1	67.2	63.2	71.9	279.1	103.7	262.6	203.4	166.4	137.3	88	217	127.5	35.1	144.1	248.5	93.6	0.8	0	0	0
Gm24991	105	152.9	123.5	130.4	32.2	15.1	27	20.6	5.1	72.1	29.9	0	31.1	1.5	0	35.4	31.5	27.6	22.6	23.1	6.4	3.9	0.7	0
Snord13	49.3	83.4	45.2	75	414	109.8	180.8	102.8	217.7	136.1	400.8	331.9	257	424	72.8	652.7	419.2	176.1	411.4	106.4	4.8	3.1	0.7	0.6
Gm24959	221.5	49	55.8	55.4	8.6	71.4	35	28.4	2.1	76.2	29.9	14.3	4	46.9	24.8	90.1	122.4	18.9	69	66.7	1.6	3.1	0	0
Gm24601	0	0	0	0	0	0	0	0	0	0	0	0	0	0	0	0	0	0	0	0	132.9	108.8	58.4	94.5
Gm24187	127	97.3	240	42.4	235.2	116.7	508.5	828.3	188.9	604.2	505.5	417.8	257.8	281.7	560.7	218.6	52.1	342	1005.8	4523.5	0	0.8	1.3	0
Mir1931	58.8	232	103.8	190.2	138	108.5	70.9	148.8	39	46.3	72.5	62.6	91	46.2	81.6	51.6	35.1	40.7	13.1	38.5	4	6.3	0	0
Bcl2l2	102.9	286.9	204.7	100	48.6	134.5	89.9	92	94.5	110.2	49.4	98.4	15.2	63.1	123.8	34.4	164.8	50.9	25	41	26.3	8.6	16.1	14.2
B230216N24Rik	145.9	73.2	138.4	208.6	262.4	74.1	157.8	93	66.7	196	80	49.2	197.1	184.1	254.9	124.5	117.5	1.5	214	80.8	3.2	8.6	0.7	4.5
Cbx6	8545	6639.5	9093.8	10001	4509.4	3236	5292.4	5206.1	1753.9	3174.8	3268.1	3210.2	2849.1	2130.3	3526	4755.2	2678.6	3621.9	4560.8	3434.6	1015.3	1036.7	476.4	614.1
Mir17hg	1067.7	514.4	510.4	729.2	692.8	648	475.5	651.1	446.7	424.6	448	211.1	642.4	908.2	643.7	497.9	822.6	729	501.7	470.7	35.8	31.3	7.4	19.4
Ier5l	16.8	0.7	8.5	2.2	0	0	3	25.5	4.1	25.9	14.2	47.4	20.7	0	7.3	28.3	7.3	8.7	52.3	14.1	114.6	125.3	43.6	26.5
Gm16580	139.6	65.9	123.5	58.7	47.9	42.6	45	56.8	59.6	119.8	61.3	17	95	66.8	118	50.6	41.2	128.1	76.1	82.1	8.8	8.6	5.4	6.5
Slc5a3	254.1	282.5	261.2	288	486.2	233.4	409.6	309.4	325.5	197.3	228.8	229	208.3	151.1	192.2	168	244.7	339.1	256.8	102.6	70	53.2	55.7	60.2
Gm16586	1375.4	772.8	695.3	910.7	1103.9	837.5	636.3	646.2	560.7	894.1	838.3	428.6	720.7	906	496.6	1093.9	851.7	467.1	883.4	631	31.8	22.7	9.4	5.2
Gm16536	183.7	297.1	317	145.6	210.9	112.6	106.9	160.6	260.8	306.2	242.3	162.8	110.1	88	218.5	195.3	264.1	165.9	296	268	4	6.3	9.4	5.8
Rbm12	775.9	631.5	554.9	690.1	798.6	788.1	801.2	697.1	1146	956.7	811.4	633.4	1347.9	1181.8	766.1	916.8	846.8	656.3	871.5	646.4	627	606	542.1	694.3
Gm16565	67.2	142	155.3	42.4	90.1	71.4	5	19.6	44.2	1.4	34.4	0	0	0	33.5	13.2	0	37.8	52.3	20.5	14.3	14.9	0	0
Shkbp1	161.7	101.7	214.6	186.9	135.1	208.7	150.8	251.6	54.4	189.2	210.9	328.4	202.7	286.1	205.4	214.5	109	112	197.4	269.3	532.3	571.6	544.2	507.3
Gm2962	78.7	122.9	11.3	50	42.9	17.8	27	116.5	160.2	72.1	99.5	84.1	80.6	56.5	65.5	105.2	18.2	42.2	123.7	83.4	4	1.6	0.7	0
Timm10b	366.4	319.1	559.8	482.5	737.1	451.7	322.7	497.4	538.1	628.7	713.4	521.6	219.5	429.1	525.8	744.8	335.6	307	535	659.2	187.8	158.2	140.2	106.1
Zfp882	61.9	89.3	51.5	60.9	185.2	170.2	10	17.6	113	35.4	0	0.9	182.8	22	23.3	46.5	38.8	2.9	51.1	18	35.8	52.5	56.4	21.4
Umad1	24.1	141.2	190.6	13	87.9	159.3	99.9	128.3	241.3	303.5	130.9	68.9	222.7	132	247.6	41.5	204.7	46.6	88	101.3	206.1	215.3	416	247.2
Rps6kc1	92.4	187.3	158.1	254.3	249.5	146.9	249.7	157.6	146.8	303.5	186.2	75.2	213.1	67.5	132.5	108.3	175.7	286.7	174.8	187.2	131.3	106.5	244.9	280.2
0610040B10Rik	102.9	86.4	100.9	125	12.2	100.2	121.9	37.2	69.8	55.8	25.4	41.2	146	109.3	56.8	40.5	61.8	0	54.7	33.3	36.6	47	1.3	19.4
Hiat1	719.2	533.5	597.9	581.4	821.5	431.1	563.4	588.5	798.9	598.8	532.5	410.7	442.9	800.3	795.2	721.5	531.8	580.6	399.5	498.9	632.6	782.2	1093	1268.9
Uckl1	767.5	600.8	645.9	611.8	535.5	491.5	809.1	700.1	632.6	460	460.7	141.4	563.4	527.4	272.4	501.9	430.1	507.8	511.2	486.1	372.4	364.1	520	412.8
Gm16238	57.7	177.1	53.7	115.2	92.2	105.7	5	96	63.7	17.7	124.1	93.9	49.5	123.2	83	177.1	98.1	101.9	196.2	200.1	4	1.6	1.3	1.9
Flt3l	579.5	329.3	347.3	367.3	188	432.5	183.8	285.9	447.7	197.3	294.6	378.5	135.7	134.2	103.4	141.7	55.7	10.2	151	182.1	51.7	56.4	23.5	9.7
Ier3ip1	2076.7	2707.6	2635.3	2068	2414.5	2313.4	2353.5	2126.7	2968.7	2422.2	2302.6	1733.9	3454	3425.8	2400.2	2355.8	2253.3	2306.4	1838.1	1967.4	432.9	506.6	815.9	766.8
Gm15446	246.7	271.5	214.6	117.4	173	266.3	443.5	275.1	270.1	191.9	323.8	198.6	201.1	276.6	144.2	209.5	425.2	212.5	189	212.9	43.8	56.4	58.4	60.8
Gimap1	2597.4	2263.4	1812.8	2126.7	1616.6	1734	1022.9	1254.3	515.5	430	944.5	833	1597.7	1240.5	943.8	959.3	1275.7	896.4	1029.6	397.6	1355.9	1286.5	30.2	43.4
Galnt4	182.7	211.5	448.3	224.9	432.6	536.8	604.4	386.8	662.3	219.1	192.2	96.6	334.4	406.4	164.6	218.6	258	267.7	137.9	189.8	207.7	212.2	456.9	474.9
Rnf8	703.4	472	602.2	629.2	476.9	545.1	694.3	572.8	754.8	809.7	818.9	1033.4	506.8	661	400.5	656.8	517.3	570.4	668.2	506.6	105	115.1	85.2	118.4
AI480526	216.3	415.7	427.1	328.2	331.7	175.7	299.7	374	235.2	225.9	394.1	465.2	420.6	224.5	176.2	388.6	236.2	184.8	281.8	268	3.2	3.9	2	0.6
Ttbk2	399	253.9	264	291.2	290.3	167.5	423.6	241.8	200.2	269.4	138.4	109.2	55.9	191.5	119.4	228.7	247.1	248.8	200.9	146.2	35	37.6	50.3	21.4
Snhg9	488.2	531.3	703.8	462.9	459.7	492.9	459.5	362.3	705.5	594.7	699.2	765.9	574.6	635.3	412.2	846	481	440.9	966.6	722.1	3.2	4.7	2	3.2
Cmc4	224.7	367.4	464.5	542.3	424.7	385.8	480.5	323.1	276.2	231.3	204.9	172.7	130.9	213.5	384.5	224.7	264.1	369.6	303.2	245	64.5	59.5	70.5	46.6
Shprh	1229.4	1175.2	1469.8	1417.1	807.2	1157.4	1280.6	963.5	565.8	884.5	964	476	1117.3	903	972.9	924.9	938.9	1309.6	989.2	817	447.2	433.8	361	362.4
Usp49	144.9	224.7	244.3	232.6	363.9	266.3	453.5	433.8	326.5	408.2	599.8	433.9	355.1	179	353.9	261.1	396.2	181.9	309.1	354	23.9	23.5	12.1	18.1
Ugt1a7c	8.4	19.8	0	0	0	0	0	25.5	0	0	0	0	0	0.7	18.9	15.2	26.7	0	40.4	23.1	118.6	127.6	624.7	607
Gm10177	212.1	65.9	58.6	129.3	170.2	92	131.9	49.9	159.2	43.5	100.2	106.5	132.5	66	107.8	144.7	65.4	42.2	91.5	84.6	7.2	6.3	14.1	13.6
Uba52	46.2	106.8	37.4	81.5	102.2	138.7	115.9	68.5	301.9	111.6	205.7	187	424.6	132.8	61.2	34.4	71.5	42.2	112.9	1.3	48.5	57.2	114.1	99.6
Acad11	513.4	236.4	190.6	189.1	228.8	557.4	378.6	168.4	292.7	340.2	68.1	10.7	691.1	362.4	252	124.5	352.5	174.6	135.5	370.7	156.8	201.2	483.1	388.2
BC035044	12.6	0	20.5	0	98	17.8	100.9	93	194.1	106.1	113.7	57.3	845.2	1278.6	498.1	581.9	1423.5	908	897.7	922.1	2811.2	2822.7	3921.2	4074
Tmem189	330.7	415.7	474.4	694.4	420.4	337.7	734.2	548.3	787.6	522.6	497.3	700.6	446.1	283.2	428.2	373.4	438.6	577.7	639.7	513	676.3	746.2	512	441.9
Gm15657	97.6	87.1	117.2	73.9	95.8	90.6	147.8	102.8	24.6	17.7	80.8	31.3	209.1	94.6	113.6	33.4	60.6	27.6	60.6	0	5.6	5.5	4.7	4.5
Churc1	523.9	259.1	286.6	314.1	391.8	248.5	365.6	154.7	307	262.6	134.6	50.1	207.5	195.9	291.3	188.2	496.7	365.2	254.4	241.1	165.5	167.6	261.7	179.9
Mettl23	343.3	381.3	627.6	711.8	594.9	219.7	928	809.7	691.1	545.7	988.6	679.1	373.5	385.1	898.6	606.2	428.9	833.8	461.3	578.4	388.3	386.8	213.4	154
Mndal	4659.4	4649.8	3149.9	2947.2	2486	2415	1911	2586.9	2428.6	2467.2	1451.6	1275.8	3196.3	1986.5	2834.2	2226.3	5061.6	3809.6	3496.7	5154.5	977.9	938.8	338.8	418
Gm17296	7.3	14.6	2.8	2.2	70.8	0	2	41.1	0	0	55.3	61.7	22.3	42.5	30.6	17.2	21.8	18.9	39.2	0	833.9	730.5	322.1	339.7
9130221H12Rik	198.4	104.6	213.2	314.1	94.4	171.6	288.7	146.9	190	153.8	142.8	275.6	153.2	299.3	134	154.8	198.7	152.8	208.1	347.6	8.8	14.1	14.8	2.6
Mir99ahg	602.6	510.1	455.3	606.4	507.6	308.9	381.6	280	195.1	303.5	132.4	122.6	233	383.7	240.3	364.3	616.6	261.9	372.1	148.8	4	14.9	16.1	0
4930523C07Rik	520.7	270	212.5	371.7	549.8	527.2	166.8	248.7	703.4	385.1	456.2	200.4	391.9	666.8	320.4	332.9	587.6	410.4	325.8	633.6	849.8	790.8	501.2	480.1
Gm38399	0	19	10.6	32.6	185.9	37.1	83.9	53.9	0	0	77.8	6.3	0	8.8	26.2	0	66.6	52.4	98.7	34.6	11.1	28.2	1.3	7.8
Rps11-ps1	271.9	300	197	386.9	223.1	214.2	340.6	296.7	519.6	363.3	433.7	476.9	217.1	390.3	295.7	258	478.5	302.7	407.8	474.5	12.7	16.4	3.4	2.6
Gypc	870.4	697.4	752.5	683.5	603.4	708.4	664.3	559.1	348.1	1038.3	1035.8	269.3	525.1	639	447.1	618.3	643.3	729	517.2	577.1	819.6	895	1076.9	1228.1
Snrpe	3417.4	3069.1	4148.8	4061.1	2760.5	4728.4	4801.9	3688.4	4614.8	5018.7	5642.5	4690	4324.7	4796.2	5904.3	5337	5122.1	4602.6	5448.9	4876.2	906.3	913	838.1	821.1
Tex9	492.4	600.1	341.7	322.8	388.9	362.5	357.6	537.5	894.4	616.4	872	629	527.5	474.6	330.6	558.6	948.6	918.2	819.2	561.7	70.8	73.6	25.5	40.1
Zfp493	22	60.7	0	54.3	50.8	0	31	6.9	56.5	9.5	56.8	10.7	0	48.4	29.1	1	1.2	84.4	34.5	59	19.9	24.3	76.5	84.1
Apold1	29.4	0	0	0	19.3	0	36	11.7	32.9	0	3	0	0	0	0	0	0	0	0	0	74.8	91.6	0	0
Rps27	23848.2	19925.8	31082.3	28574.1	16638.9	18836.7	29865.4	19831.4	17628.6	21002.8	20941.1	21183	17766.5	16321.5	19500	18635.1	19367.9	23950.3	26805.9	20928.3	50.9	65.8	38.9	16.2
Myl6	3253.6	2802	3072.2	3038.5	2923.5	2631.9	2639.2	2488	2401.9	2397.8	2052.1	3441	1994.4	2473.6	1970.5	2650.3	1831.8	1616.7	2004.6	2148.2	441.6	475.3	679.7	599.2
Rps13	17590.9	17047.7	31407.7	32184.1	19430.2	17275.6	26663.8	20747.9	15881.8	22695.6	29594.4	36249.8	17219.9	19012.3	23023.1	34004.7	17849.9	22509.7	35629.1	21523.4	128.1	155.8	20.1	30.4
Hspa1b	25.2	0.7	76.9	0	279.6	35.7	10	183.1	0	42.2	24.7	0	39.1	0	45.1	20.2	0	0	63	237.3	257.8	283.4	42.9	27.2
Pabpc4l	619.4	685.7	641.7	660.7	182.3	389.9	191.8	470	181.8	148.3	110.7	22.4	302.5	140.8	62.6	67.8	252	61.1	127.2	50	2.4	3.1	0	0
Synj2bp	1291.4	1143	979.8	1084.5	1507.9	976.2	1132.8	915.5	1233.3	781.1	996.9	1089.7	1165.2	1204.5	1144.7	702.3	1384.7	654.8	1060.5	1027.3	313.5	351.6	441.5	455.5
Ccdc71l	343.3	544.4	443.3	344.5	448.3	384.4	644.3	384.8	794.8	660	201.2	268.4	396.6	556.8	755.9	160.9	386.5	484.6	351.9	269.3	374	339	586.4	699.5
Gm17251	190	128.1	125	29.3	25.7	199.1	41	76.4	155.1	72.1	21.7	4.5	197.1	272.2	110.7	39.5	225.3	37.8	82	92.3	59.7	42.3	20.1	23.3
9330020H09Rik	191.1	168.3	95.3	91.3	50.8	255.4	236.7	180.2	14.4	115.7	34.4	69.8	154.8	25.7	81.6	56.7	80	100.4	101.1	47.5	54.9	30.5	12.1	26.5
Rpl6l	1010	959.4	345.9	183.7	504.8	849.8	917	336.8	1107	839.6	10.5	2.7	460.5	618.4	787.9	29.3	974	899.3	40.4	338.6	0	0	0	0.6
Smim13	294	133.9	291.6	309.7	243.8	295.2	352.6	273.2	271.1	302.1	349.2	291.7	86.2	200.3	189.3	173	179.3	103.3	105.8	142.4	336.6	273.3	530.1	440.7
Eid1	2341.3	3651.6	2867.5	3154.7	2400.9	2528.9	2493.4	2289.2	2349.5	2082	2274.9	2727.1	3241.7	2852.9	2505	3103.7	3045.7	2904.5	3214.9	2604.8	689.9	670.2	962.9	913
Hist2h4	89.2	54.2	80.5	95.6	105.1	37.1	205.8	18.6	135.5	91.2	147.3	326.6	87	134.2	49.5	54.6	24.2	42.2	97.5	14.1	56.5	39.9	8.1	5.2
Gm10269	65.1	188.1	90.4	202.1	149.4	210.1	45	154.7	148.9	106.1	175.7	177.2	107.7	257.5	103.4	291.4	101.8	200.8	224.7	237.3	1.6	2.3	2	2.6
Gm7808	2743.4	1798	1591.9	1375.8	1728.8	1437.5	2064.8	1392.3	1754.9	1517.3	1239.9	1259.7	1329.6	2228.6	1564.2	1429.9	1892.3	1773.8	1109.3	3743.7	0	0.8	0	1.3
2610021A01Rik	212.1	196.9	133.4	39.1	210.2	144.2	64.9	128.3	50.3	110.2	204.2	139.6	30.3	98.3	372.8	89.1	307.7	155.7	105.8	188.5	206.9	171.5	226.8	256.9
Mpc1-ps	0	0	0	0	0	0	1	0	0	0	0	0	0	0	0	0	35.1	0	0	0	28.6	27.4	61.1	72.5
Gm17066	1689.3	1621.6	1963.2	1981.1	1419.2	1679.1	1730.2	2134.5	1272.3	2056.2	1166.6	833.9	1460.5	1428.3	1775.4	1357	1584.6	1792.7	1482.6	1542.9	15.9	21.9	12.7	15.5
Lamtor3	1235.7	1036.2	1081.5	1218.2	1632.3	1175.2	806.1	936.1	923.2	1111.8	1024.5	754.2	403.8	551.7	718	988.7	972.8	782.9	768.1	825.9	298.4	324.9	503.2	468.5
Tma7	2310.8	2436.1	3455.5	3244.9	2710.5	2673.1	3544.2	3658.1	2100	4051.1	3727.2	3493.8	2355.1	2655.6	4258.6	3564.1	2877.3	3895.4	3392.1	4381.1	244.3	221.6	328.8	298.3
Gm9581	0	12.4	0.7	0	0	0	0	0	4.1	1.4	9.7	29.5	0	16.1	17.5	26.3	0	17.5	3.6	30.8	69.2	92.4	13.4	7.1
Lsm5	318.1	232.7	322.6	202.1	326	416	182.8	218.3	404.6	484.4	136.9	275.6	260.2	226.7	230.1	111.3	296.8	445.3	178.3	239.8	74	81.4	114.7	124.2
Phf11b	96.6	158.8	220.3	181.5	47.2	54.9	56.9	104.8	0	19.1	10.5	59.1	266.6	111.5	85.9	153.8	87.2	224.1	261.6	304	180.6	150.3	34.9	22
Gm17669	107.1	29.3	69.2	45.6	148.7	68.6	101.9	48	87.3	84.4	24.7	0.9	83.8	124.7	45.1	8.1	104.2	52.4	23.8	68	0	0	0	0
Sco2	262.5	89.3	279.5	203.2	381.1	311.7	319.7	150.8	107.8	153.8	307.4	81.4	180.4	137.2	144.2	159.9	156.3	69.8	202.1	234.7	0	0	0	0
Inafm1	1052	820.3	1169	1062.8	848.7	1162.9	1041.9	824.4	987.9	1050.5	1150.9	1415.4	735.8	573.7	712.2	914.8	511.2	424.9	455.4	380.9	78	63.4	78.5	82.8
Gm4604	1776.4	1217	792.1	709.6	890.9	745.5	465.5	507.2	924.2	517.1	794.2	724.7	793.3	818.7	490.8	773.1	1011.6	563.1	629	2531.7	3.2	3.9	6	6.5
Ube2d2a	2612.1	1964.1	3699.1	3404.7	3298.9	3205.8	4098.7	3241.9	3781	3553.1	4559.6	4420.7	3754.1	2874.9	3010.4	4060	3601.7	3966.7	3157.8	2625.3	461.5	411.1	472.4	397.9
AK010878	307.6	179.3	218.1	281.5	160.9	296.6	457.5	369.1	117.1	279	421.8	303.3	136.5	213.5	298.6	346.1	187.8	142.6	324.6	347.6	123.3	136.2	132.2	155.9
Hspa1a	13.6	0	1.4	0	0	0	0	44.1	0	0	0	4.5	0	14.7	0	5.1	15.7	0	0	111.6	116.2	132.3	12.7	14.2
B930036N10Rik	157.5	17.6	84.7	36.9	56.5	16.5	34	42.1	57.5	4.1	1.5	39.4	63.8	197.3	2.9	54.6	41.2	1.5	64.2	39.8	31.8	48.5	1.3	13.6
Bend4	169	170.5	120	46.7	172.3	103	131.9	160.6	465.2	174.2	138.4	120.8	183.6	123.2	110.7	78.9	31.5	142.6	72.5	93.6	128.1	126.8	10.1	22.6
Gm10320	114.4	166.8	235.8	198.9	293.9	215.6	230.8	231.1	200.2	281.7	350.7	212	368.7	386.6	302.9	617.3	147.8	145.5	470.8	416.8	3.2	4.7	8.1	8.4
Fancf	89.2	38.8	106.6	122.8	115.1	262.2	172.8	183.1	107.8	112.9	148.8	119	197.1	68.2	176.2	85	190.2	177.5	178.3	116.7	155.2	152.7	309.3	266.6
1110038B12Rik	937.6	1418.9	1554.5	1306.2	1224	1680.5	1588.3	1223.9	1028.9	1650.7	1497.2	1395.7	1746.2	1383.5	1632.6	1504.8	1553.1	1833.5	1792.9	1540.3	79.6	87.7	74.5	36.2
Gm20467	734.9	619.1	600	830.2	474	450.3	455.5	342.7	90.4	213.6	267.7	79.6	147.6	119.6	272.4	233.8	118.7	349.2	248.5	200.1	8	4.7	0	0
Neat1	8849.5	7722.5	9170.1	10685.7	3670.7	3733	4792.9	4386.5	1970.6	2004.5	3307	2829.9	2738.2	2497.1	2146.8	2938.7	2627.7	1858.2	3173.3	1993.1	397.1	416.6	45	30.4
Malat1	259649.1	233297	121259.7	160177.4	120253.3	100387.5	88461.3	115353.9	90125.7	84909.2	123755.2	90311.2	109522.6	74882.7	60965.8	91739.7	110472.2	88834.1	118774.3	59727.4	3766.1	3644.9	183.2	221.3
Zfp141	730.7	640.3	374.9	439	103.7	601.3	331.6	398.5	645.9	308.9	416.5	325.7	547.5	427.7	320.4	472.6	305.3	363.8	483.9	704.1	279.3	292.1	711.9	838
Gpank1	261.4	215.1	149	146.7	218.1	181.2	136.9	230.1	408.7	220.5	326.1	357	133.3	116.6	276.7	387.6	358.6	254.7	328.1	439.9	177.4	206.7	156.3	177.9
2610524H06Rik	269.8	242.2	568.3	298.8	372.5	740	702.3	713.8	328.6	759.3	665.6	1104.1	546.7	421.1	601.5	514.1	370.7	222.6	550.5	515.6	291.2	308.5	298.6	309.3
Med20	241.5	270	324	730.3	370.4	300.7	514.5	486.6	504.2	342.9	498.8	622.7	429.4	431.3	547.6	496.9	508.8	554.4	438.7	327	505.3	507.4	513.3	495.7
BC051226	66.1	114.9	78.4	129.3	109.4	79.6	68.9	163.5	203.3	147	142.8	53.7	129.3	57.2	43.7	252	134.5	103.3	149.8	103.9	12.7	15.7	11.4	10.4
Gm20492	237.3	166.8	255.5	260.8	256	243	194.8	87.1	41.1	138.8	177.2	113.6	138.1	68.2	104.9	178.1	236.2	61.1	224.7	83.4	8.8	11	9.4	4.5
Scnm1	176.4	179.3	245	216.3	174.5	82.4	43	137.1	79.1	190.5	361.2	158.4	114.1	179	101.9	354.2	278.6	208.1	290.1	257.8	296	315.5	259.7	273.7
D130058E05Rik	224.7	256.9	369.9	207.6	899.4	318.5	518.5	481.7	278.3	594.7	219.1	586	259.4	142.3	332.1	336	149	97.5	105.8	182.1	52.5	54.8	101.3	97.1
Mir5136	389.5	358.6	410.9	486.8	410.4	391.3	249.7	363.3	359.4	396	524.2	455.4	617.7	806.2	367	558.6	456.7	317.2	564.7	415.5	4.8	2.3	1.3	0
6330562C20Rik	271.9	235.6	287.3	326	216.6	355.6	269.7	373.1	124.3	182.3	375.4	256.8	320	229.6	269.4	221.6	184.1	144.1	236.6	152.6	5.6	6.3	18.1	11.6
AA465934	246.7	420.8	528	508.6	344.6	227.9	538.4	446.5	215.6	367.4	425.5	554.7	223.5	162.9	252	243.9	277.4	401.6	338.8	413	5.6	7.8	2	1.9
Rab26os	1372.2	908.1	1829.8	2074.5	1686.6	1097	1723.2	1994.5	1684.1	1633	2278.7	2912.3	1260.9	1300.6	2017.1	1712.2	1256.3	1529.4	1827.4	945.2	3.2	10.2	5.4	9.7
Gm20707	47.2	151.5	125	153.2	201.6	126.3	66.9	141	69.8	95.3	181	68.9	131.7	211.3	148.6	188.2	115.1	157.2	176	100	36.6	45.4	58.4	27.2
Eif4e3	907.1	555.4	379.1	411.9	381.1	325.4	687.3	478.8	406.6	577	406.8	484.9	624.9	828.9	448.6	596	646.9	631.5	417.3	504	387.5	383.7	505.2	493.7
Pou5f2	165.9	30.7	260.5	163	215.2	208.7	80.9	113.6	14.4	359.3	103.2	153.9	128.5	151.9	91.8	118.4	247.1	157.2	126	79.5	4.8	13.3	0	0
Rpl41	15395.6	12939.4	16310.6	17623.2	15618.7	14458.4	13995.2	12575	19351.7	15614	18754.4	27207	14713.9	16218.8	14552.6	20674.2	16558.5	13805	18465.5	23531.8	867.3	779.9	1093	905.3
Gm20667	92.4	111.2	112.9	166.3	230.2	157.9	76.9	190.9	132.5	220.5	288.7	81.4	143.7	104.9	125.3	157.9	204.7	324.5	211.6	194.9	34.2	29.8	22.1	24.6
Gm8355	416.8	420.8	175.8	111.9	422.6	531.3	1439.5	441.6	1037.2	1023.3	106.2	7.2	559.4	504.7	1187	114.4	751.1	702.8	104.6	310.4	0	2.3	3.4	0.6
Ppp2r3d	302.4	118.5	261.9	228.2	195.2	94.7	91.9	215.4	181.8	153.8	196.7	145.8	286.5	201.7	141.3	385.6	195	193.5	351.9	275.7	288	292.1	232.8	203.8
Gm24539	241.5	271.5	222.4	273.9	191.6	383	440.5	319.2	230	605.6	400.1	306.9	325.6	316.9	351	446.3	600.9	311.4	250.9	205.2	1.6	0	0	0
Rpl35a-ps5	22	62.2	349.4	323.8	41.5	79.6	269.7	164.5	169.4	274.9	466.7	15.2	90.2	185.6	346.6	472.6	106.6	181.9	409	73.1	3.2	3.1	1.3	0.6
Tomm20	480.8	395.9	475.1	547.7	516.2	532.7	539.4	618.8	650	586.5	602.8	357	668	592.7	827.2	668.9	844.4	465.6	403.1	475.8	434.5	444	492.5	481.4
Hmgcs1	1814.2	1707.3	1022.9	601	679.2	988.5	766.2	929.2	1007.4	775.7	480.1	506.4	623.3	1205.3	710.7	669.9	550	844	692	677.2	976.3	879.3	642.8	620.5
Gm2237	65.1	85.6	108.7	114.1	50	222.4	131.9	189	14.4	110.2	81.5	183.4	68.6	63.1	115.1	126.5	207.2	36.4	248.5	93.6	2.4	1.6	0	1.3
Gm21967	0	60	116.5	0	0	0	118.9	84.2	67.8	38.1	76.3	43.8	50.3	234.7	71.4	28.3	6.1	64	22.6	35.9	31	18	40.9	47.2
Ighv5-16	0	0	0	0	32.2	0	0	0	0	0	0	0	0	0	0	0	0	0	0	0	942.1	979.5	0	0
Gm24924	172.2	126.6	158.1	357.5	301.7	151	200.8	170.4	70.9	258.6	116.7	7.2	118.1	130.6	150	189.2	176.9	87.3	137.9	88.5	0	0.8	0	0
Igkv14-126	0	0	0	0	0	0	0	0	0	0	0	0	0	0	0	0	0	0	0	0	145.6	155	0	0
Zfp955a	30.4	191	33.9	50	82.9	119.4	127.9	46	46.2	12.2	50.1	5.4	111.7	168	132.5	54.6	60.6	24.7	64.2	55.1	39	50.9	104.7	76.4
Purb	2481.9	3297.4	2177.8	2767.9	2859.9	3389.8	2545.3	2982.4	2810.6	3030.5	3777.4	3756	2417.3	3070.8	3029.4	3292.9	2575.6	3048.5	3263.7	2358.6	1169.7	1107.9	586.4	674.9
Gm21769	101.8	177.1	163.1	347.7	278.1	175.7	190.8	190.9	289.6	163.3	108.4	42.9	169.2	321.3	142.7	115.4	302.9	119.3	136.7	173.1	15.9	19.6	4	5.8
Gm10182	581.6	641	318.4	150	458.3	804.5	1053.9	429.8	1078.2	1065.5	18.7	8.9	500.4	711.6	1016.6	44.5	1166.7	999.7	33.3	352.7	2.4	0.8	6.7	2.6
Gm25360	0	45.4	82.6	0	38.6	92	0	5.9	300.9	38.1	122.6	447.4	141.3	123.2	53.9	212.5	113.9	59.7	79.7	12.8	3.2	7	2	3.2
Gm5900	121.8	93.7	159.5	191.3	151.6	135.9	63.9	109.7	89.3	209.6	181	221	44.7	69.7	145.6	342	52.1	88.8	180.7	119.3	6.4	2.3	2.7	1.9
Rnaset2b	1358.6	1032.5	1019.4	852	1258.4	1194.5	1171.8	1078	1397.6	1139	1187.6	1175.6	948.9	1156.9	1194.3	1113.1	1077	1271.8	1133.1	1726.3	103.4	104.9	132.2	135.9
Hist1h2ap	541.7	900.8	849.2	1307.3	4870.4	2909.2	1970.9	2417.5	5634.5	3847	11007.5	10129.8	4048.6	5449.8	2620.1	8912.3	3919.1	3019.4	6712.8	7010.3	0	0	0	0
BC147527	2.1	19.8	21.9	19.6	0	0	62.9	1	0	0	26.2	24.2	27.9	46.2	0	27.3	54.5	99	65.4	0	207.7	162.9	45.6	80.9
Zfp131	216.3	513	322.6	507.5	542	550.5	591.4	763.7	814.3	909	842.8	704.1	1284.1	639.7	795.2	601.1	760.8	982.2	827.5	828.5	405	487.8	536.8	601.1
Rbm4	107.1	278.8	156.7	209.7	244.5	174.4	70.9	152.7	154	235.4	355.2	162.8	290.5	293.4	132.5	247.9	344.1	99	110.6	166.7	50.9	38.4	24.2	20.7
Gm3604	10.5	28.5	24.7	40.2	0	75.5	50.9	32.3	130.4	43.5	14.2	0	21.5	0	0	34.4	4.8	138.2	34.5	71.8	46.2	56.4	89.2	68.6
PISD	6770.7	7218.3	5417.3	6955	6547.8	4407.1	3915.9	5340.2	4092.1	3519.1	3571.7	2855.9	4768.4	4474.1	4083.8	4911	5809	5743.5	5483.4	4326	479.8	549.7	381.8	371.4
Igha	0	0	614.9	0	0	0	2172.7	378.9	319.4	555.2	0.7	1689.2	0.8	0.7	690.3	0	0	45.1	1.2	2807.5	13.5	10.2	0	0
Ccdc85b	0	0	2.8	0	0	0	0	0	0	0	0	0	0	0	0	6.1	0	0	0	7.7	152.8	143.3	301.3	201.9
Edaradd	0	18.3	0	0	0	0	65.9	8.8	17.5	0	0	0	55.1	0	45.1	24.3	60.6	50.9	23.8	62.8	109	115.1	23.5	26.5
Itpripl2	354.9	528.3	309.9	405.3	173.7	336.4	277.7	434.7	226.9	398.7	193.7	236.2	518.7	340.4	319	240.8	261.7	190.6	158.1	182.1	61.3	50.1	211.4	182.5
Gm21781	214.2	88.5	163.1	246.7	55.1	97.5	111.9	151.8	38	24.5	63.6	55.5	62.2	134.2	72.8	49.6	115.1	71.3	84.4	71.8	12.7	12.5	3.4	0.6
Gm22716	9.4	158.8	81.2	228.2	74.4	109.8	156.8	156.7	166.4	149.7	135.4	67.1	182	147.5	104.9	62.7	192.6	39.3	160.5	42.3	2.4	2.3	0	0
Zfp799	276.1	409.8	374.9	178.2	87.9	417.4	338.6	123.4	107.8	136.1	144.3	140.5	83.8	161.4	147.1	133.6	239.9	132.4	187.9	137.2	100.3	142.5	106	111.9
Zfp870	315	368.8	216.7	299.9	295.3	232	185.8	234	211.5	136.1	210.9	211.1	133.3	203.9	150	188.2	90.9	131	126	124.4	53.3	51.7	69.8	121
Gm21092	437.8	338.8	317.7	376	402.5	394	255.7	404.4	259.8	217.7	434.5	104.7	458.1	263.4	403.4	190.2	339.2	163	453	188.5	21.5	22.7	16.8	16.8
Zfp748	113.4	158.1	252	100	407.5	179.9	295.7	150.8	369.7	103.4	158.5	42.9	199.5	284.6	170.4	169	255.6	155.7	284.2	225.7	205.3	184.8	388.5	289.2
Noc2l	1821.6	1749	1413.3	1397.5	1904.7	1541.8	1246.7	1697.8	2371.1	1913.3	2163.5	1917.3	1747	1565.5	1811.8	1709.2	1574.9	1603.6	1539.7	2095.7	3992	4241.5	3273	3388.7
Fam177a	111.3	46.8	43.8	161.9	47.9	78.3	35	79.3	109.9	141.5	107.7	128.8	24.7	148.9	101.9	225.7	73.9	43.7	107	155.2	0	0	0	0
Gm6472	405.3	332.2	383.3	389	544.8	542.3	338.6	311.4	315.3	391.9	298.4	388.3	287.3	388.8	297.1	447.3	541.5	275	378.1	646.4	23.1	25.8	38.2	25.9
Dynlt1f	18.9	21.2	64.9	108.7	0.7	17.8	58.9	30.4	237.2	142.9	43.4	34	150.8	53.6	46.6	42.5	63	304.1	32.1	56.4	108.2	120.6	96.6	83.5
Rnaset2a	1848.9	1590.9	2673.4	2572.3	1921.9	1742.3	2944.9	2234.4	1503.4	2320.2	2408.1	2447.9	1861.9	1708.5	2509.4	2954.9	1688.8	2731.3	2549.1	2751	73.2	81.4	168.4	153.4
CAAA01147332.1	0	0	0	0	0	0	0	0	0	9.5	0	0	0	0	0	0	0	0	0	0	583.2	571.6	402.6	357.2
Nim1k	110.2	53.4	83.3	182.6	199.5	258.1	112.9	95	0	49	55.3	0.9	35.1	32.3	106.3	28.3	197.5	78.6	334.1	144.9	137.7	104.9	66.4	26.5
Gm21596	154.3	141.2	86.8	31.5	136.6	43.9	47	90.1	78	103.4	105.4	214.7	150.8	163.6	139.8	131.6	101.8	93.1	123.7	409.1	45.4	41.5	47	46.6
Hist4h4	29.4	1.5	9.2	27.2	122.3	129.1	28	11.7	72.9	39.5	188.5	84.1	23.9	104.2	23.3	96.1	93.3	7.3	53.5	57.7	62.1	90.8	14.1	17.5
Syne1	522.8	714.2	595.1	736.8	304.6	459.9	449.5	370.1	273.2	500.8	394.9	321.2	388.7	320.6	308.8	242.9	156.3	390	332.9	377.1	79.6	68.1	67.8	65.4
Vkorc1	989	970.3	1157.7	1304.1	1176.1	1507.5	1568.3	1140.7	1251.8	1374.4	1443.3	1470.9	664.8	894.2	1054.4	1088.9	850.5	1245.6	1058.2	949.1	46.2	40.7	108	102.9
Cmtm4	45.1	259.8	297.2	258.6	225.9	144.2	354.6	201.7	107.8	77.6	220.6	187	166	30.1	87.4	144.7	112.7	1.5	151	59	27.1	17.2	4	9.7
Ptrhd1	158.5	87.8	177.2	136.9	195.2	104.3	164.8	200.7	389.2	58.5	204.9	120.8	71	228.9	139.8	173	60.6	272.1	143.9	120.6	121.7	115.9	151.6	161.1
H1f0	2429.4	2464.7	2244.9	1585.5	2154.9	2539.9	2902.9	1730.1	2064	1619.4	1062.7	782.9	1423	1316	1229.2	666.9	1127.9	651.9	832.3	758	1620.8	1416.5	844.8	583
Gm4944	234.1	323.4	139.8	235.8	136.6	171.6	264.7	150.8	80.1	230	197.4	154.8	199.5	108.6	252	228.7	104.2	164.4	204.5	220.6	50.9	53.2	85.9	64.1
Gm4076	45.1	121.5	48	95.6	234.5	160.6	50.9	53.9	95.5	102.1	130.1	122.6	147.6	154.1	84.5	153.8	95.7	128.1	85.6	73.1	0	0.8	1.3	0
Ighv9-3	0	0	0	0	0	0	0	0	0	0	0	0	0	0	0	0	0	0	0	0	554.6	557.5	0	0
Cdkn2d	1325	1065.5	893	711.8	961.6	832	942	784.3	1257.9	1198.9	1044.7	1407.4	613.7	545.1	671.4	738.7	679.6	851.3	611.1	592.5	1655.1	1649.8	314.7	344.9
Gm5561	142.8	45.4	31.8	57.6	162.3	230.7	175.8	160.6	121.2	104.8	74.8	132.4	97.4	137.9	119.4	94.1	132.1	71.3	143.9	211.6	0	0	0.7	0
Gm24095	121.8	112.7	158.1	151.1	131.6	286.9	41	186	168.4	189.2	157	37.6	143.7	423.3	113.6	203.4	193.8	62.6	313.9	83.4	0	0	0	0.6
AA474331	477.7	254.7	378.4	186.9	110.1	307.5	372.6	216.4	253.6	279	48.6	44.7	367.9	112.2	285.5	116.4	361	225.5	95.1	164.2	138.5	103.4	192.6	232.9
Mrgpra2b	0	0	0	0	0	0	0	0	0	0	0	0	0	0	30.6	0	0	0	0	0	2.4	1.6	118.8	99
Psmb9	1404.8	837.2	1069.5	768.3	965.2	1259	1255.7	1062.4	1219.9	1121.3	682.8	647.8	1243.4	1247.8	1069	911.8	1877.8	1359.1	790.6	1618.6	2910.7	2877.5	2151.2	2043.4
Lbhd1	138.6	71.7	167.3	63	75.1	48.1	78.9	158.6	219.8	53.1	111.4	38.5	110.9	106.4	151.5	101.2	135.7	74.2	130.8	127	132.1	118.2	198.6	166.9
Erdr1	1517.1	1931.9	783.6	1944.1	3707.9	2647	1171.8	2415.5	1881.3	1721.4	1100.8	937.6	3074.9	1895.6	1875.9	1171.8	2707.7	2008.1	1474.3	3460.3	101.1	83	27.5	31.7
Tmem181b-ps	3.1	542.3	10.6	57.6	521.2	234.8	1	15.7	137.6	4.1	15	0	329.6	231.1	2.9	10.1	207.2	2.9	0	3.8	30.2	18	12.1	9.1
Shisa8	331.8	364.4	263.3	198.9	166.6	274.6	196.8	214.4	60.6	17.7	89.7	84.1	89.4	118.8	96.1	64.8	577.9	468.6	500.5	624.6	339.8	386.8	8.1	18.8
Zfp850	87.1	146.4	163.8	19.6	3.6	182.6	90.9	42.1	155.1	81.6	74	50.1	10.4	38.1	36.4	103.2	55.7	68.4	14.3	15.4	86.7	83.8	100.6	118.4
A330023F24Rik	54.6	52.7	68.5	234.7	0	64.5	0	34.3	0	0	0	7.2	122.9	31.5	13.1	0	65.4	0	25	0	0.8	4.7	0	0
Rps19-ps6	89.2	139	67.1	60.9	153.7	232	107.9	86.2	501.1	196	25.4	19.7	249.8	229.6	125.3	46.5	179.3	129.5	42.8	42.3	11.1	4.7	7.4	1.9
Gdap10	180.6	278.1	74.1	247.8	77.2	49.4	150.8	389.7	216.7	277.6	186.2	83.2	52.7	146	189.3	183.2	190.2	299.8	149.8	24.4	218	198.1	15.4	32.4
4930556M19Rik	161.7	133.2	114.4	130.4	28.6	81	155.8	54.8	0	24.5	28.4	0	43.9	0	56.8	7.1	1.2	0	14.3	0	4	3.1	4	0.6
2010015M23Rik	44.1	133.2	114.4	32.6	41.5	86.5	268.7	74.4	80.1	55.8	19.4	72.5	218.7	50.6	101.9	144.7	24.2	24.7	61.8	53.9	8	11.7	8.7	14.9
9530082P21Rik	163.8	221	107.3	210.8	105.8	241.6	141.8	126.3	0	44.9	0	0	71.8	0	37.9	50.6	61.8	138.2	74.9	83.4	180.6	195.8	111.4	113.2
Gm26860	0	0	0	0	0	0	0	0	0	0	0	0	0	0	0	0	0	0	0	0	109	113.5	6.7	0
Gm17491	298.2	218.8	168.7	164.1	195.2	195	90.9	101.8	132.5	111.6	129.4	136.9	20	31.5	141.3	57.7	229	154.2	114.1	120.6	20.7	11.7	14.1	8.4
1600020E01Rik	193.2	271.5	243.5	404.3	348.2	318.5	165.8	326.1	76	219.1	258.8	339.1	193.1	200.3	161.7	246.9	254.4	448.2	307.9	361.7	91.5	81.4	15.4	36.2
9330151L19Rik	201.6	172.7	173	170.6	118.7	141.4	177.8	197.8	194.1	323.9	295.4	356.1	218.7	129.1	138.4	110.3	178.1	66.9	115.3	73.1	20.7	39.9	30.2	22.6
Gm17586	238.3	140.5	151.1	83.7	104.4	177.1	48.9	170.4	66.7	43.5	167.5	83.2	27.9	133.5	160.2	73.9	27.9	69.8	104.6	155.2	31.8	28.2	126.1	133.3
1810034E14Rik	10.5	10.2	12.7	14.1	0	1.4	0	3.9	0	0	0	0	0	5.1	13.1	16.2	6.1	49.5	0	47.5	105	94.7	35.6	36.2
B230354K17Rik	639.4	527.6	441.9	503.1	599.2	733.1	607.4	644.3	760.9	635.5	450.2	478.7	878.7	471	572.4	495.9	668.7	404.5	577.8	404	132.9	115.9	112.1	213.5
Gm26624	133.3	87.1	103.1	106.5	167.3	34.3	58.9	120.4	51.3	117	89	0	34.3	118.1	81.6	190.2	10.9	160.1	55.9	29.5	1.6	3.9	8.1	9.1
Gm10524	0	0	0	0	0	0	0	0	0	0	15	11.6	10.4	0	0	0	0	0	14.3	0	128.9	115.1	65.8	68.6
9230114K14Rik	97.6	77.6	45.9	141.3	0	33	100.9	167.4	216.7	57.2	89	126.2	90.2	133.5	144.2	12.1	118.7	20.4	107	66.7	40.6	45.4	100	36.2
Gm26512	72.4	99.5	151.1	48.9	159.4	119.4	15	75.4	120.1	61.2	56.8	62.6	78.2	7.3	36.4	56.7	61.8	27.6	67.8	12.8	6.4	4.7	24.8	16.2
2310010J17Rik	172.2	333.7	211.1	210.8	131.6	120.8	147.8	127.3	151	57.2	270.7	272.9	76.6	55.8	96.1	188.2	140.5	142.6	176	169.3	18.3	11	2	2.6
Cep83os	462	408.3	475.1	396.7	471.9	976.2	643.3	518	504.2	435.5	562.4	350.7	480.4	536.2	346.6	406.8	617.9	590.8	643.2	324.5	218.8	294.4	232.8	220.7
Gm16740	27.3	52.7	57.9	79.3	165.2	142.8	88.9	96.9	33.9	58.5	94.2	35.8	0	74.8	67	67.8	58.2	93.1	49.9	7.7	20.7	14.9	5.4	10.4
9330159M07Rik	76.6	207.1	33.9	180.4	180.9	218.3	74.9	96.9	82.2	108.9	148.8	163.7	114.9	232.5	118	74.9	227.8	144.1	40.4	103.9	11.9	14.1	32.2	53.1
2700038G22Rik	217.3	154.4	266.1	54.3	98.7	118.1	224.8	369.1	208.5	243.6	289.4	226.4	109.3	154.8	214.1	167	305.3	97.5	361.4	325.8	102.6	80.6	78.5	59.5
Snhg5	723.4	1188.4	763.8	910.7	751.4	1136.8	973	1009.5	1146	1287.3	1204	1085.3	1212.3	1173.7	1163.7	1426.9	1103.7	1209.2	1158	1042.7	200.5	189.5	54.3	33
Gm26597	0	0	0	0	0	0	0	0	0	0	0	0	43.1	0.7	2.9	0	41.2	75.7	47.6	75.7	143.2	155.8	4	0
Gm27029	35.7	46.8	5.6	1.1	47.9	100.2	70.9	66.6	205.4	51.7	50.1	39.4	144.4	88	115.1	138.6	35.1	93.1	15.5	32.1	5.6	0.8	0.7	5.2
Gm26890	229.9	192.5	151.1	440.1	238.8	104.3	233.8	301.6	87.3	104.8	388.9	46.5	161.2	356.5	243.2	91.1	213.2	107.7	293.7	52.6	12.7	16.4	0	0
Gm26771	71.4	37.3	122.8	135.8	0	0	23	39.2	0	9.5	0	0	0	0	0	0	0	0	0	26.9	0	0	0	0
D130017N08Rik	92.4	87.8	105.2	65.2	87.2	22	3	80.3	44.2	54.4	143.6	0	234.6	35.2	61.2	99.2	82.4	125.1	115.3	73.1	47.7	40.7	55.7	23.9
1300002E11Rik	263.5	177.8	203.3	132.6	108.7	201.8	129.9	146.9	19.5	106.1	166	203.1	55.1	93.2	36.4	43.5	161.1	36.4	22.6	50	151.2	143.3	63.7	44.6
Gm17249	332.8	182.2	132	248.9	113	49.4	30	99.9	33.9	13.6	133.1	37.6	81.4	102.7	13.1	114.4	90.9	80	103.4	30.8	9.5	7	0.7	0
Tnfsf12	49.3	91.5	156	132.6	22.2	60.4	60.9	50.9	69.8	27.2	66.6	99.3	43.9	57.2	61.2	76.9	29.1	81.5	36.9	50	4	3.9	8.7	7.8
Zfp87	384.3	397.4	371.3	446.6	280.3	547.8	277.7	478.8	487.8	416.4	526.5	516.2	348.8	206.9	364.1	370.4	308.9	358	411.4	391.2	287.2	311.6	405.3	448.4
C920009B18Rik	0	0	0	0	70.8	68.6	0	22.5	0	31.3	41.9	0.9	191.5	38.9	16	91.1	254.4	96	134.4	70.5	62.1	110.4	24.2	57.6
A430046D13Rik	236.2	200.5	119.3	41.3	40	115.3	181.8	92	18.5	125.2	115.9	104.7	151.6	129.8	104.9	77.9	166	131	181.9	118	59.7	61.1	103.3	59.5
2310001H17Rik	950.1	822.5	1238.9	1271.5	831.5	697.5	773.2	949.8	544.2	477.6	455.4	341.8	429.4	644.1	557.8	581.9	1040.7	493.3	485.1	234.7	104.2	94	99.3	73.8
C030034L19Rik	94.5	115.6	153.9	178.2	573.4	130.4	518.5	290.8	293.7	104.8	371.7	137.8	577.8	266.3	329.2	766	660.3	670.8	1272.2	424.5	30.2	25.8	22.8	20.7
6720427I07Rik	703.4	161	339.6	336.9	299.6	508	280.7	178.2	231	147	145.8	64.4	95.8	123.2	284	126.5	325.9	113.5	217.6	138.5	2.4	1.6	4.7	0
D930016D06Rik	468.3	384.9	313.4	228.2	309.6	663.1	338.6	351.5	331.7	477.6	365.7	314	290.5	408.6	358.3	214.5	494.3	519.5	305.6	287.3	25.5	35.2	0.7	3.2
9230116N13Rik	115.5	129.5	80.5	178.2	29.3	87.9	7	107.7	42.1	19.1	14.2	2.7	141.3	59.4	43.7	117.4	99.3	103.3	52.3	16.7	53.3	54	4	23.9
1810014B01Rik	3.1	28.5	198.4	198.9	115.8	119.4	208.8	132.2	26.7	141.5	87.5	116.3	83.8	115.2	152.9	134.6	70.3	104.8	116.5	77	73.2	82.2	140.9	111.3
AU020206	2590.1	2766.9	2407.9	2335.3	2305.1	2247.5	1507.4	2142.3	2303.3	1799	2018.4	2376.3	1388.6	1336.6	1399.6	1545.3	1612.5	1244.2	1378	1566	681.1	740.7	279.8	174.1
Mir155hg	154.3	94.4	165.9	0	57.2	72.8	62.9	49.9	76	35.4	10.5	0	20.7	48.4	27.7	30.4	95.7	55.3	52.3	0	1.6	0.8	0.7	0
Gm26782	243.6	171.2	223.8	111.9	198	355.6	75.9	143.9	183.8	103.4	35.9	0	144.4	126.9	212.6	16.2	451.9	391.4	142.7	82.1	88.3	79.9	77.2	110.6
Gm26781	0	0	0	0	0	0	0	0	0	0	0	0	0	0	0	0	0	0	0	0	108.2	108.8	0	0
Rian	260.4	121.5	52.2	50	63.6	17.8	0	10.8	0	12.2	0	0	0	0	0	13.2	0	0	0	7.7	0	0.8	0	0
5830432E09Rik	69.3	1.5	29.6	64.1	0.7	67.3	70.9	23.5	64.7	8.2	29.2	25.1	63.8	16.1	7.3	45.5	156.3	91.7	115.3	120.6	73.2	99.4	44.3	42.7
9930014A18Rik	403.2	348.3	165.9	115.2	269.5	398.2	293.7	410.3	104.7	338.8	184	176.3	177.2	196.6	228.7	155.8	155.1	34.9	183.1	56.4	50.9	43.8	83.9	78.9
4933406C10Rik	328.6	144.2	153.2	283.6	61.5	409.1	241.7	136.1	46.2	53.1	74.8	33.1	23.9	143	91.8	73.9	145.4	50.9	117.7	84.6	2.4	0	6	1.3
Gm26847	102.9	139.8	38.1	33.7	110.8	200.4	65.9	54.8	128.4	166	56.8	215.6	132.5	153.3	62.6	195.3	61.8	144.1	67.8	23.1	4	3.9	0	0.6
Gm16675	90.3	134.6	52.9	84.8	48.6	23.3	74.9	105.7	42.1	4.1	77.8	92.2	0	55	29.1	11.1	20.6	59.7	16.6	51.3	20.7	26.6	2	2.6
2610037D02Rik	363.3	409.8	155.3	338	426.8	442.1	34	253.6	260.8	175.5	409.8	233.5	208.3	180.5	209.7	181.1	540.3	235.7	255.6	227	8	11	0	6.5
Rps19-ps12	140.7	90.7	50.1	105.4	81.5	97.5	44	60.7	70.9	34	76.3	132.4	54.3	96.1	69.9	71.8	25.4	93.1	97.5	189.8	0	0.8	0	1.3
Jpx	118.6	249.5	235.8	206.5	188	137.3	110.9	159.6	191	50.4	151.8	92.2	104.5	179	155.8	90.1	226.5	161.5	143.9	142.4	51.7	46.2	22.8	29.1
C920006O11Rik	388.5	305.2	221	230.4	233.1	63.2	55.9	136.1	62.6	54.4	77.8	153.9	297.7	123.2	244.7	72.9	358.6	180.4	164.1	79.5	19.1	14.9	7.4	20.1
6430590A07Rik	599.5	400.3	237.9	354.3	341.8	641.2	211.8	325.1	200.2	265.4	230.3	185.2	268.9	259	285.5	212.5	222.9	155.7	354.3	123.1	38.2	33.7	18.8	1.3
Dleu2	298.2	380.5	515.3	756.4	535.5	687.8	691.3	554.2	895.4	850.5	1094.1	437.5	454.9	955.9	776.3	858.1	587.6	612.6	835.8	341.2	112.2	133.9	81.2	66.6
1110019D14Rik	54.6	144.9	75.5	60.9	126.6	74.1	58.9	39.2	34.9	0	9.7	39.4	55.9	61.6	1.5	0	25.4	59.7	19	16.7	14.3	18.8	36.9	25.2
Mirt1	166.9	330.8	160.2	452.1	20.7	163.4	119.9	208.6	41.1	8.2	74	81.4	223.5	228.1	145.6	364.3	398.6	500.6	332.9	202.6	86.7	79.9	14.1	17.5
Gm8649	228.9	204.9	264.7	170.6	125.1	173	282.7	178.2	144.8	379.7	18.7	2.7	116.5	127.6	269.4	49.6	202.3	296.9	55.9	179.6	0	0	2	0
Gm26740	0	0	1.4	28.3	16.4	8.2	118.9	164.5	21.6	114.3	72.5	46.5	15.2	30.8	139.8	89.1	172	219.7	208.1	200.1	108.2	98.7	24.8	19.4
Gpr137b-ps	53.5	24.9	19.1	107.6	82.9	0	47.9	28.4	13.3	35.4	61.3	0	59.1	2.2	62.6	77.9	121.1	45.1	83.2	23.1	82.8	86.1	8.1	7.8
2310015A10Rik	516.5	404.7	266.8	292.3	318.9	362.5	392.6	111.6	233.1	176.9	265.5	48.3	225.9	252.4	93.2	313.7	149	151.3	272.3	106.4	35	31.3	8.7	4.5
Gm16973	130.2	81.2	114.4	64.1	151.6	46.7	115.9	139	75	100.7	80	85.9	197.9	55.8	118	137.6	195	21.8	206.9	89.8	31.8	26.6	8.7	8.4
Snhg4	1096.1	1101.3	1008.8	959.6	1412.1	913	1446.5	1464.8	2065.1	1594.9	1480	1220.4	1620.1	1744.5	1889	1270	1402.9	1839.3	1460	1049.1	165.5	147.2	147.6	120.4
5430416N02Rik	568	716.4	631.1	615.1	1161.1	940.5	854.1	752	743.5	709	506.3	447.4	920.2	504	667	700.3	433.7	675.2	621.8	425.8	27.1	18	0.7	5.2
4833407H14Rik	51.4	26.3	79.1	52.2	17.2	0	74.9	21.5	159.2	0	14.2	6.3	16.8	31.5	21.8	1	90.9	13.1	205.7	143.6	175.1	159.7	59	55.6
Gm17259	89.2	191.7	61.4	156.5	45	112.6	49.9	68.5	159.2	102.1	39.6	94.8	41.5	75.6	49.5	33.4	72.7	81.5	28.5	84.6	20.7	32.1	18.1	16.8
Gm807	0	0	0	0	0	0	0	0	0	0	0	0	55.1	0	29.1	0	0	0	0	0	7.2	4.7	89.9	99
5031434O11Rik	147	135.4	220.3	320.6	60.1	63.2	52.9	143	51.3	16.3	28.4	135.1	44.7	77	61.2	185.2	75.1	78.6	165.3	18	57.3	89.3	8.7	5.2
Gm8652	22	48.3	36	76.1	53.6	53.5	30	94	100.6	53.1	126.4	151.2	147.6	146.7	33.5	151.8	92.1	72.8	105.8	132.1	0	0	0	0
4933404O12Rik	114.4	271.5	156.7	173.9	256.7	284.2	98.9	329	631.5	257.2	560.1	606.6	235.4	478.3	380.1	284.4	290.8	65.5	287.7	228.3	222.8	238.8	744.8	755.1
Gm26917	1347	1943.6	1060.3	1324.7	2774.1	1828.7	1780.1	2717.1	1817.6	2140.6	2018.4	2462.2	2504.3	2167	2260.4	2254.6	1982	2402.5	2814.2	1751.9	85054.2	93458.3	32055.9	31569.9
Gm26982	63	133.2	216.7	109.8	80.8	119.4	202.8	260.5	344	77.6	332	242.5	33.5	76.3	307.3	174.1	118.7	122.2	181.9	87.2	18.3	16.4	6	22.6
2700099C18Rik	79.8	163.9	86.8	170.6	409.7	159.3	127.9	257.5	200.2	132	274.5	255	194.7	221.5	307.3	370.4	570.6	221.2	411.4	341.2	102.6	130	34.9	33
Bin2	1972.7	1871.2	1550.2	1421.4	1465	1515.7	1534.4	1321.8	1250.7	830.1	1278.1	1827.9	1239.4	713.8	662.7	1304.4	998.3	1055	738.3	1222.3	1756.9	1795.4	2145.8	2216.9
Gm5914	77.7	117.8	134.1	216.3	47.9	37.1	126.9	94	88.3	61.2	108.4	44.7	117.3	52.1	58.3	107.3	52.1	122.2	89.2	61.6	30.2	15.7	2.7	2.6
Rnf113a2	322.3	418.6	243.5	97.8	454.7	369.3	101.9	253.6	243.4	299.4	134.6	229.9	128.5	176.8	170.4	129.5	355	323	293.7	137.2	328.6	332.8	408.6	357.2
Ccdc166	67.2	142.7	209	143.4	225.9	195	226.8	175.3	42.1	148.3	170.5	177.2	165.2	115.9	195.2	195.3	105.4	227	197.4	130.8	184.6	227.1	253.6	243.3
Gm42418	1381483	2154838.7	491020.2	872124.2	1852678.4	1951245	515367.1	971118.6	2262185.8	1180473.1	878127.5	1342693.1	1901035.7	1634966.3	1296194	785594.1	1537221.3	2369310.4	852417.2	4451227.2	0	0	0	0
Sowahc	0	0	0	8.7	0	0	21	5.9	0	10.9	0	0	0	0	0	0	0	0	0	25.7	40.6	36.8	141.6	110
Snhg6	2223.7	1556.5	994.7	641.2	1315.6	1201.3	1317.6	802.9	1393.5	2003.1	53.8	19.7	1715	1716.6	1163.7	345.1	1541	1424.6	203.3	690	43.8	66.6	44.3	63.4
Gm4258	58.8	164.7	16.9	26.1	61.5	12.4	45	106.7	78	84.4	77	135.1	344.8	107.8	166	113.3	362.2	42.2	454.2	152.6	148	122.9	4.7	0
Rpl24	2869.3	2643.2	2433.4	1721.4	2086.3	2218.7	2278.6	1686.1	1600.9	1924.2	1346.9	2166.1	2363.9	2304.2	1906.5	1469.4	2604.7	2029.9	2053.3	3140.9	2.4	2.3	0	0
Lockd	327.6	371.7	283.1	487.9	790.8	582.1	476.5	522.9	1170.7	696.7	990.1	700.6	283.3	716	461.7	579.8	929.2	464.2	579	534.8	315.9	307.7	106.7	84.8
2310009A05Rik	318.1	305.9	444	317.3	571.3	402.3	327.7	307.4	655.2	381	342.5	496.6	225.9	337.4	286.9	309.7	185.4	323	367.4	296.3	158.3	115.1	236.2	206.4
Kctd12	654.1	716.4	918.4	769.4	920.2	984.4	1391.5	1060.4	727	1098.2	616.2	952	1409.4	1268.4	1494.3	1191.1	2024.4	1957.2	1488.6	1635.2	794.9	656.2	217.4	268.5
1500015A07Rik	161.7	38.8	72.7	127.1	135.1	160.6	176.8	148.8	259.8	80.3	126.4	75.2	48.7	8.1	131.1	107.3	84.8	129.5	133.2	51.3	54.1	57.2	44.3	28.5
Zfp953	183.7	66.6	188.5	57.6	70.8	262.2	155.8	140	99.6	59.9	49.4	118.1	119.7	129.8	142.7	229.7	117.5	20.4	133.2	144.9	36.6	53.2	83.9	61.5
Tmem185b	321.3	502.7	521.7	548.8	384.7	376.2	613.4	591.4	446.7	488.5	359	443.8	608.1	487.1	493.7	442.2	319.8	459.8	384	373.2	378.8	345.3	751.5	720.8
Mir6236	21	19	1.4	22.8	6.4	57.7	0	10.8	0	6.8	0	0	2.4	44	0	0	12.1	56.8	52.3	68	1686.1	1806.4	1730.5	1538.7
Gm27219	150.1	125.9	57.2	129.3	107.2	86.5	83.9	162.5	291.6	182.3	329.8	403.5	147.6	220.8	110.7	444.2	110.2	170.3	234.2	640	0	0	0.7	1.3
Atf7	416.8	460.3	433.4	900.9	200.9	166.1	233.8	565.9	390.2	332	419.5	477.8	553.9	319.1	409.3	525.2	399.8	382.7	545.7	279.6	358.1	342.2	251.6	170.2
Gm28187	82.9	144.9	49.4	93.5	86.5	131.8	5	6.9	35.9	87.1	14.2	0	30.3	85.8	35	46.5	48.5	176.1	42.8	50	4.8	0	0	0
Gm6159	190	195.4	67.1	145.6	269.5	152.4	42	149.8	143.8	147	244.5	461.7	179.6	165.8	104.9	276.3	193.8	96	220	252.7	3.2	0	1.3	3.9
Gm8451	3495.1	2096.6	2133.3	2374.5	2554.6	1677.7	1449.5	1605.8	1819.6	1864.3	2316.8	2652.8	2288.1	2180.2	1705.5	3575.2	1836.6	1401.3	2624	3669.3	1.6	0	0	0
1700097N02Rik	124.9	35.9	31.8	125	75.1	210.1	150.8	156.7	439.5	190.5	241.6	364.1	320.8	113	94.7	342	226.5	148.4	230.7	324.5	97.1	88.5	52.3	50.5
Xndc1	256.2	255.4	509.7	609.6	222.4	346	353.6	592.4	503.2	536.2	379.2	494.8	473.3	355.1	362.6	411.9	705.1	392.9	520.8	286	65.2	76	24.2	50.5
Gm5525	200.5	241.5	87.5	82.6	63.6	83.7	78.9	139	99.6	151.1	91.2	152.1	197.9	162.9	238.9	174.1	232.6	141.1	141.5	593.8	0	0.8	2	0.6
Hist1h3g	0	0	0	0	85.1	20.6	0	3.9	153	39.5	83	160.2	67	0	48.1	5.1	21.8	21.8	29.7	28.2	4.8	11	6	4.5
2900093K20Rik	89.2	184.4	81.9	121.7	88.7	85.1	179.8	125.3	73.9	21.8	23.2	257.7	194.7	115.2	55.3	98.2	103	240.1	108.2	106.4	23.9	25.8	18.8	17.5
1700052K11Rik	114.4	28.5	57.9	1.1	95.1	11	44	29.4	56.5	87.1	89	4.5	66.2	3.7	45.1	26.3	6.1	167.3	25	23.1	72.4	91.6	63.7	89.9
Zfp383	165.9	133.9	113.7	127.1	143	118.1	47	98.9	240.3	32.7	112.9	8.9	123.7	55.8	183.5	90.1	59.4	145.5	141.5	91.1	12.7	11	7.4	17.5
BE692007	0	0	0	0	0.7	0	0	44.1	0	35.4	23.9	0	0	0	4.4	0	0	0	15.5	10.3	58.1	43.1	110	173.4
Rps10-ps2	361.2	237.1	170.8	194.5	208.8	200.4	118.9	142	432.3	216.4	267.7	319.4	307.3	302.2	183.5	247.9	277.4	131	208.1	407.8	5.6	9.4	10.7	11
Gm5960	0	0	0	0	0	0	0	0	55.5	0	0	0	12	0	29.1	0	0	0	0	0	3.2	7.8	409.3	436.8
2810013P06Rik	203.7	348.3	285.2	443.4	372.5	122.2	376.6	213.5	246.5	318.4	106.2	201.3	353.5	357.3	215.6	330.9	376.8	125.1	203.3	283.4	491.7	514.4	111.4	165.7
2810402E24Rik	170.1	400.3	126.4	338	182.3	152.4	143.8	167.4	177.7	191.9	184.7	341.8	114.9	172.4	113.6	212.5	224.1	177.5	114.1	115.4	175.9	120.6	77.8	93.8
Gm7967	136.5	102.5	69.9	50	70.8	86.5	73.9	24.5	50.3	0	59.1	0	32.7	13.9	68.5	28.3	50.9	24.7	19	25.7	7.2	7.8	1.3	1.3
2410022M11Rik	107.1	191	103.8	113	55.8	115.3	194.8	178.2	51.3	28.6	155.6	178.9	79	154.8	45.1	181.1	88.4	14.6	53.5	121.8	63.7	75.2	18.8	25.9
Gm28439	163.8	551	414.4	586.8	717.8	643.9	290.7	528.7	776.3	572.9	935.6	625.4	440.5	1031.4	386	1085.8	613	442.4	725.3	831.1	0	0	0	0
Gm5601	53.5	84.2	97.4	90.2	63.6	186.7	147.8	87.1	45.2	137.4	25.4	148.5	43.9	188.5	118	81	181.7	101.9	15.5	143.6	22.3	22.7	32.9	16.2
2610306M01Rik	61.9	152.9	134.8	105.4	85.8	33	106.9	46	20.5	58.5	49.4	219.2	87	41.1	39.3	32.4	55.7	46.6	86.8	60.3	45.4	52.5	47.6	19.4
Gm28151	96.6	55.6	134.8	116.3	25	9.6	87.9	64.6	12.3	44.9	25.4	24.2	47.1	25.7	67	44.5	54.5	23.3	152.2	41	3.2	1.6	2	0.6
Gm8292	700.3	433.2	393.9	377.1	341	403.6	425.5	254.6	315.3	293.9	156.3	193.3	496.4	263.4	422.4	446.3	661.5	812	682.5	904.2	12.7	14.1	0	1.3
Gm28557	143.8	65.1	111.5	54.3	17.9	164.8	0	61.7	102.7	57.2	71.8	0	219.5	37.4	24.8	62.7	27.9	50.9	51.1	20.5	11.9	3.1	16.8	3.9
Gm28417	534.4	661.5	471.6	446.6	254.5	286.9	522.4	485.7	69.8	111.6	141.3	150.3	354.3	299.3	128.2	331.9	407.1	411.8	287.7	234.7	27.8	32.1	18.8	16.2
Gm7867	100.8	148.6	120.7	238	90.1	52.2	82.9	75.4	118.1	108.9	192.2	216.5	91	129.1	129.6	167	140.5	117.9	160.5	473.3	0.8	0	0	0
Gm28791	262.5	57.1	44.5	360.8	144.4	35.7	124.9	97.9	250.6	119.8	153.3	93.9	75.8	214.2	176.2	149.8	169.6	75.7	176	133.4	11.9	9.4	1.3	0
Gm29170	38.8	83.4	91.8	153.2	37.9	64.5	288.7	159.6	51.3	59.9	134.6	74.3	103	196.6	158.7	211.5	221.7	84.4	129.6	43.6	98.7	101	53	82.8
1700120C14Rik	102.9	26.3	87.5	68.5	85.8	63.2	32	91.1	137.6	103.4	78.5	13.4	39.1	228.1	68.5	15.2	119.9	0	97.5	7.7	16.7	16.4	6.7	0
1810044D09Rik	114.4	62.9	57.9	148.9	66.5	109.8	161.8	90.1	68.8	15	121.9	77.8	192.3	183.4	51	58.7	6.1	216.8	93.9	35.9	16.7	11.7	6.7	16.2
2010320M18Rik	130.2	79.8	45.2	33.7	45	8.2	67.9	22.5	33.9	21.8	67.3	126.2	0	38.1	39.3	38.5	99.3	7.3	58.3	38.5	75.6	86.9	57.7	64.7
Rps23-ps1	681.4	1001.1	695.3	571.6	1081.8	1047.5	762.2	762.7	1391.4	681.8	590.8	366.8	1205.9	1021.9	916.1	735.7	1344.7	1199	662.2	498.9	0	0	0	0
Gm15459	115.5	214.4	641	870.5	368.2	278.7	829.1	995.8	258.8	1168.9	1249.6	1666.8	321.6	373.4	1258.3	1747.6	294.4	989.5	1444.6	954.2	0	0	0	0
Gm10925	3772.3	3207.4	2796.9	2922.2	4277	3415.9	1819.1	2712.2	3752.2	3030.5	3854.4	4138.9	2894.6	4101.5	2529.8	4892.8	3417.6	2499.9	3402.8	7638.7	0.8	0	0	1.3
Gm10138	69.3	193.9	139.1	130.4	38.6	19.2	15	113.6	143.8	31.3	156.3	46.5	193.9	38.9	110.7	169	82.4	34.9	109.4	100	82.8	72	33.5	33
Gm29666	144.9	101	120	105.4	76.5	134.5	1	70.5	141.7	66.7	65.1	89.5	20.7	46.2	37.9	130.5	31.5	0	49.9	46.2	13.5	7.8	4	13.6
Gm28875	1813.2	1435.8	1354	1508.4	1598.7	1223.3	1133.8	1046.7	754.8	922.6	1130	1150.6	1239.4	1016.7	911.7	1137.4	1301.1	913.8	1166.4	843.9	32.6	42.3	20.8	18.1
A630072M18Rik	725.5	833.5	575.3	608.6	394.7	697.5	551.4	578.7	425.1	298	392.6	228.1	893.8	449	330.6	346.1	364.7	197.9	544.5	351.4	23.9	20.4	2	3.2
Gm28437	2049.4	2043.9	2064.2	1260.6	3202.4	2298.3	1190.7	1542.1	2399.8	1788.1	2018.4	2279.7	2315.2	3242.4	1551.1	2430.7	2784	1561.4	1776.3	7030.8	6.4	10.2	0.7	1.3
1700008J07Rik	69.3	107.6	73.4	135.8	228.8	126.3	199.8	223.2	197.2	134.7	113.7	139.6	215.5	111.5	221.4	102.2	345.3	225.5	83.2	69.3	60.5	49.3	53.7	24.6
Gm29216	1779.6	2229	1342.7	1798.5	2093.5	1392.2	846.1	1369.8	1246.6	1517.3	1394	2038.1	1924.9	2176.5	1354.5	2418.6	1833	1967.4	1725.2	4414.5	0	1.6	0	0
Gm28229	2.1	91.5	14.8	85.9	115.1	153.8	145.8	111.6	111.9	77.6	115.9	0.9	123.7	121.8	101.9	105.2	138.1	56.8	153.4	25.7	6.4	3.1	3.4	5.2
Gm28530	85	125.9	56.5	114.1	44.3	28.8	82.9	46	57.5	69.4	145.8	33.1	121.3	60.9	69.9	86	67.8	195	21.4	32.1	1.6	0.8	2	3.2
Gm20342	311.8	345.4	290.8	514	243.1	361.1	301.7	444.5	516.5	262.6	653.6	405.3	1195.5	973.5	662.7	1200.2	2037.7	915.3	1706.1	510.4	80.4	79.9	40.3	82.2
Kcnq1ot1	5139.2	4577.3	3238.1	4480.5	4054.6	2887.3	1876	3281.1	2940	4282.5	3573.2	2066.8	3177.9	2954.1	2446.8	2841.6	4609.7	1878.6	3373	1667.3	266.6	304.6	97.3	95.1
Gm5835	33.6	65.1	21.9	43.5	53.6	74.1	63.9	61.7	32.9	107.5	136.1	102.9	70.2	58.7	45.1	66.8	71.5	75.7	107	82.1	23.9	17.2	30.2	31.7
1700096K18Rik	124.9	394.4	166.6	34.8	108.7	141.4	39	49	43.1	87.1	154.8	63.5	169.2	184.1	125.3	59.7	44.8	107.7	67.8	93.6	72.4	80.6	51	19.4
9130401M01Rik	430.5	480.1	362.1	422.7	656.3	344.6	505.5	603.1	813.3	359.3	426.3	460.8	923.4	351.4	630.6	446.3	619.1	387.1	536.2	665.6	156.8	144.1	298.6	237.5
Gm28438	771.7	626.4	1110.4	1125.8	950.2	558.8	901	966.4	1007.4	1354	1779.9	1778.7	852.3	990.3	1064.6	1854.9	506.4	801.8	1288.8	2771.5	0.8	0.8	0	0
Gm19582	0	0	0	0	0	0	0	0	0	0	0	0	0	0	0	0	0	0	0	0	98.7	100.2	8.1	2.6
1810026B05Rik	1017.3	659.3	751.1	478.2	1048.9	1241.1	816.1	649.2	1097.7	816.5	592.3	431.2	751.8	884	544.7	670.9	1149.7	654.8	779.9	579.7	260.2	204.4	59	86.7
I830127L07Rik	1	0	53.7	0	0	0	243.7	121.4	1	65.3	0	374.9	0	0	84.5	74.9	0	0	9.5	397.6	67.6	54.8	1868.7	1933.4
Gm28661	580.6	571.5	569.7	458.6	634.2	580.8	708.2	613.9	662.3	826	447.2	490.3	476.4	641.9	694.7	834.9	494.3	711.6	637.3	1215.8	0	0	0	0
Zbtb11os1	117.6	231.2	62.8	206.5	248.1	116.7	320.7	90.1	99.6	194.6	219.1	179.8	180.4	0	104.9	53.6	203.5	286.7	146.2	115.4	113.8	97.9	69.1	64.7
Gm37108	322.3	241.5	172.2	95.6	140.9	178.5	314.7	143.9	252.6	200	5.2	2.7	106.9	197.3	265.1	22.3	170.8	247.4	11.9	203.9	0	1.6	0	1.3
Gm26930	0	0	0	1.1	57.2	0	8	2.9	0	0	69.5	5.4	103.7	96.1	64.1	99.2	153.9	248.8	274.6	69.3	35	25.1	4	2.6
Gm37474	1315.5	644	496.3	861.8	790	613.7	347.6	490.5	364.5	585.1	729.9	343.6	604.1	438.7	415.1	360.3	764.4	443.8	424.5	233.4	43.8	36.8	7.4	3.9
Gm37194	67.2	92.9	18.4	56.5	75.1	188.1	84.9	233	186.9	238.1	170.5	181.6	181.2	139.4	196.6	149.8	10.9	96	69	43.6	76.4	90	124.1	102.9
C230085N15Rik	32.5	52	18.4	86.9	0	0	7	30.4	31.8	40.8	35.1	92.2	289.7	236.2	141.3	217.6	976.5	813.4	1266.2	383.5	85.1	94	2.7	5.8
Gm37718	91.3	24.1	181.4	94.5	62.9	8.2	153.8	102.8	105.8	183.7	95	47.4	10.4	118.8	270.9	119.4	87.2	39.3	161.7	128.3	13.5	10.2	0	0
9430037O13Rik	17.8	42.4	107.3	39.1	22.9	116.7	40	142	142.7	58.5	47.9	223.7	37.5	214.2	142.7	75.9	147.8	120.8	145.1	53.9	13.5	7.8	4.7	3.2
Gm19331	0	0	0	0	0	0	0	0	0	0	0	0	39.1	0	0	0	308.9	273.6	158.1	139.8	35	35.2	0	0
Gm38345	54.6	70.3	29.6	57.6	25	0	15	72.5	264.9	5.4	5.2	161.9	62.2	78.5	120.9	61.7	63	77.1	84.4	51.3	65.2	91.6	92.6	67.3
Gm36936	61.9	117.1	73.4	120.6	67.9	53.5	17	54.8	77	25.9	62.1	0	71.8	39.6	24.8	43.5	41.2	49.5	90.4	75.7	4	6.3	0	0
Sh2d1b1	0	0	0	0	0	0	0	1	0	25.9	36.6	0	0	0	0	0	8.5	72.8	3.6	21.8	53.3	50.9	100.6	53.1
Gm37465	0	11.7	126.4	56.5	253.8	0	0	48	0	210.9	139.1	39.4	146	237.7	106.3	103.2	98.1	99	185.5	16.7	20.7	18	0	0
Kantr.1	271.9	285.4	398.9	523.8	427.6	313	528.4	523.8	152	313	206.4	151.2	316.8	398.3	327.7	364.3	178.1	464.2	474.4	182.1	76.4	58.7	47.6	36.2
Gm38197	1266.2	704.7	734.2	1112.8	519.8	374.8	217.8	461.2	220.8	216.4	160.8	350.7	122.9	54.3	84.5	211.5	328.3	222.6	247.3	155.2	0.8	0	0	0
Gm37368	202.6	245.1	123.5	290.2	132.3	276	176.8	274.2	114	42.2	168.3	14.3	166	241.3	52.4	222.6	221.7	411.8	299.6	252.7	9.5	1.6	0	0
6430511E19Rik	39.9	143.4	104.5	63	108	85.1	93.9	120.4	72.9	28.6	38.9	77.8	66.2	61.6	58.3	160.9	15.7	45.1	76.1	7.7	14.3	10.2	0	1.9
Gm7265	23.1	106.1	38.1	92.4	64.3	123.6	73.9	51.9	117.1	74.8	65.8	8.9	151.6	107.1	145.6	28.3	151.4	0	70.1	23.1	4	11.7	0	0
Gm37266	105	32.2	0	6.5	54.3	79.6	0	33.3	0	0	0	0	58.3	160.7	11.7	88	180.5	147	129.6	56.4	4.8	3.9	4.7	0
A930004J17Rik	244.6	196.1	51.5	130.4	262.4	269.1	40	152.7	110.9	126.6	145.1	114.5	45.5	154.1	94.7	151.8	115.1	85.9	279.4	83.4	33.4	35.2	2	0
Thap6	134.4	127.3	49.4	67.4	20	157.9	102.9	96	45.2	126.6	82.3	0.9	138.1	19.1	58.3	10.1	109	195	101.1	119.3	111.4	114.3	59.7	82.2
Gm38021	95.5	155.1	73.4	83.7	67.9	41.2	110.9	40.1	1	57.2	32.2	109.2	25.5	21.3	91.8	227.7	301.7	122.2	149.8	48.7	2.4	2.3	0	0
Gm38380	141.7	185.1	221.7	368.4	105.1	83.7	10	127.3	109.9	202.8	128.6	46.5	43.1	142.3	138.4	121.4	169.6	117.9	203.3	101.3	16.7	14.9	0	0
Gm37760	141.7	182.9	195.5	215.2	102.2	201.8	171.8	237	161.2	215	327.6	43.8	176.4	403.5	300	390.6	356.2	160.1	186.7	210.3	34.2	20.4	0	0
A630081D01Rik	23.1	41	34.6	20.6	78.6	0	15	33.3	105.8	110.2	20.9	19.7	214.7	345.5	141.3	26.3	161.1	0	143.9	34.6	9.5	31.3	3.4	0
5830444F18Rik	126	25.6	14.1	25	0.7	0	40	7.8	0	93.9	19.4	15.2	308.9	143	182.1	171	608.2	312.9	595.7	216.7	16.7	34.5	1.3	0
Gm37598	17.8	66.6	37.4	80.4	169.4	170.2	32	48	0	98	1.5	75.2	93.4	45.5	11.7	69.8	210.8	55.3	72.5	62.8	5.6	7.8	0	0
Gm7694	522.8	131.7	343.1	353.2	255.2	86.5	371.6	267.3	107.8	121.1	59.1	110	140.5	65.3	281.1	126.5	384	445.3	394.7	238.6	442.4	370.4	79.2	51.8
Gm37183	139.6	140.5	108	165.2	116.5	72.8	4	92	55.5	130.6	112.2	78.7	48.7	86.6	64.1	205.4	95.7	33.5	177.2	38.5	5.6	11.7	4.7	7.8
Gm37082	51.4	101.7	21.9	138	7.9	89.2	68.9	74.4	190	44.9	298.4	0.9	87.8	160.7	36.4	66.8	175.7	40.7	16.6	42.3	0.8	3.9	0	0
C130023A14Rik	123.9	52	98.1	114.1	60.1	67.3	0	90.1	24.6	35.4	0	65.3	141.3	37.4	17.5	0	48.5	43.7	63	1.3	0.8	2.3	0	0
Gm37084	108.1	191	115.1	186.9	125.1	226.5	142.8	226.2	67.8	132	210.1	128.8	304.1	470.2	145.6	159.9	132.1	213.9	253.2	107.7	17.5	29	0.7	1.9
2900097C17Rik	0	121.5	2.1	53.2	6.4	52.2	0	22.5	0	28.6	27.7	13.4	17.6	51.4	13.1	25.3	94.5	34.9	8.3	39.8	82.8	75.2	78.5	99
9430034N14Rik	48.3	104.6	75.5	102.2	77.9	28.8	55.9	33.3	25.7	36.7	55.3	0	287.3	106.4	67	42.5	70.3	18.9	103.4	21.8	64.5	40.7	0	4.5
Gm37349	242.5	433.9	94.6	171.7	138	149.6	26	109.7	190	155.1	243	86.8	225.9	264.1	5.8	121.4	73.9	181.9	217.6	89.8	6.4	9.4	0	0
E430014B02Rik	48.3	11.7	26.1	16.3	0	0	74.9	71.5	3.1	27.2	0	0.9	151.6	80.7	53.9	66.8	559.7	195	494.6	214.2	28.6	22.7	0	0.6
Gm4430	0	14.6	41.7	4.3	22.2	17.8	0	55.8	144.8	115.7	6.7	38.5	33.5	52.8	11.7	0	0	24.7	27.3	43.6	163.9	132.3	159	139.8
Gm37124	23.1	42.4	159.5	156.5	81.5	130.4	151.8	189	179.7	155.1	216.9	127.9	197.1	270.7	266.5	351.1	519.7	362.3	544.5	259.1	35	34.5	0.7	5.8
Gm37902	71.4	87.1	62.1	113	43.6	103	118.9	169.4	127.3	49	127.9	0.9	141.3	48.4	37.9	189.2	186.6	122.2	142.7	85.9	1.6	3.9	0	0
Gm38120	572.2	363.7	391.8	736.8	341	502.5	260.7	337.8	269	491.3	322.3	162.8	321.6	208.3	330.6	287.4	294.4	269.2	598	175.7	15.9	10.2	12.7	0
4833445I07Rik	6.3	2.2	31.8	10.9	60.1	0	0	23.5	12.3	0	0	4.5	1.6	0	0	27.3	23	1.5	60.6	24.4	81.2	76.7	73.8	65.4
Gm37390	170.1	139	21.9	135.8	128.7	12.4	25	45	24.6	68	110.7	22.4	81.4	91	53.9	96.1	122.4	155.7	171.2	25.7	4	3.9	0	0
Gm30948	0	0	0	0	0	0	0	1	0	1.4	0	0	0	0	2.9	0	31.5	133.9	209.3	160.3	35	21.1	0	0
Gm37642	253	283.2	302.8	200	73.6	49.4	156.8	167.4	86.3	62.6	75.5	28.6	181.2	129.8	355.4	285.4	739	560.2	474.4	319.3	36.6	41.5	5.4	0
Gm37248	24.1	2.9	16.9	29.3	0	0	0	67.6	0	21.8	77	36.7	31.1	133.5	78.6	97.1	278.6	296.9	678.9	57.7	47.7	37.6	0	0
Gm37733	25.2	39.5	31.8	140.2	94.4	5.5	71.9	139	196.1	181	89.7	131.5	133.3	77.8	120.9	90.1	174.5	37.8	142.7	29.5	10.3	12.5	0	0
Ighv1-15	0	0	0	0	0	0	0	0	0	0	0	0	0	0	0	0	0	0	0	0	369.2	383.7	0	0
3110080O07Rik	68.2	24.1	57.9	60.9	243.8	45.3	59.9	26.4	30.8	93.9	130.9	136.9	91	264.1	75.7	143.7	322.3	62.6	337.7	47.5	20.7	18	0	0
Gm37274	533.3	276.6	204	259.7	233.8	87.9	23	202.7	20.5	65.3	280.4	177.2	39.1	184.1	144.2	113.3	255.6	133.9	124.8	65.4	18.3	15.7	0	0
Gm37593	24.1	85.6	0	42.4	20	48.1	0	44.1	0	0	32.9	0	65.4	119.6	83	78.9	472.5	187.7	273.5	57.7	9.5	6.3	0	0
Gm37238	196.3	259.8	101.7	317.3	203.1	146.9	30	113.6	202.3	164.7	195.2	121.7	99	222.3	120.9	163.9	168.4	240.1	211.6	216.7	15.9	14.1	0	0
Gm37534	45.1	41	24	0	0.7	4.1	0	4.9	21.6	32.7	36.6	0	22.3	42.5	74.3	67.8	255.6	149.9	57.1	112.9	15.1	17.2	0	0
6720464F23Rik	129.1	24.1	93.9	330.4	29.3	37.1	0	49.9	53.4	81.6	0	45.6	0	97.6	64.1	36.4	83.6	7.3	41.6	14.1	51.7	25.8	1.3	0
Gm37407	63	81.2	91.8	123.9	92.9	31.6	77.9	54.8	38	110.2	104	15.2	162.8	20.5	85.9	42.5	287.1	37.8	79.7	0	13.5	18	0	3.9
1110025M09Rik	189	191.7	98.1	363	104.4	28.8	30	117.5	57.5	125.2	136.1	146.7	196.3	99	106.3	134.6	134.5	145.5	130.8	105.2	5.6	7.8	2	4.5
Gm38067	204.7	117.1	105.2	135.8	161.6	181.2	35	131.2	144.8	91.2	439.7	204.9	149.2	69.7	138.4	179.1	153.9	116.4	228.3	79.5	1.6	4.7	0	0
Gm38365	0	51.2	38.1	48.9	173.7	27.5	71.9	115.5	96.5	65.3	178.7	16.1	87.8	22.7	85.9	60.7	122.4	164.4	72.5	69.3	86.7	75.2	10.7	7.1
Gm37352	0	0	17.6	0	0	0	0	2.9	0	0	0	0	0	0	0	4	0	4.4	0	0	179	202.8	63.1	82.8
Gm37706	132.3	106.1	82.6	98.9	132.3	27.5	107.9	36.2	28.8	66.7	60.6	111.8	63	13.2	17.5	22.3	50.9	45.1	53.5	20.5	10.3	13.3	0	0
Gm3934	8.4	35.1	60	93.5	90.8	49.4	27	82.2	56.5	115.7	83.8	124.4	139.7	39.6	81.6	151.8	63	50.9	116.5	119.3	19.1	19.6	13.4	11.6
Gm37699	97.6	142	76.2	216.3	7.1	149.6	54.9	116.5	75	40.8	76.3	132.4	84.6	142.3	78.6	36.4	80	27.6	109.4	35.9	8	11	0	7.1
Gm37531	176.4	56.3	35.3	59.8	129.4	89.2	62.9	90.1	21.6	46.3	19.4	9.8	105.3	0	75.7	110.3	143	32	71.3	66.7	27.8	44.6	0.7	0
Gm38020	56.7	263.4	64.2	184.7	213.1	68.6	47.9	165.5	183.8	289.9	270	211.1	162	253.8	158.7	222.6	155.1	247.4	268.7	173.1	12.7	14.1	0	1.3
6820402A03Rik	45.1	68.1	53.7	181.5	125.8	54.9	72.9	113.6	44.2	9.5	133.9	7.2	140.5	115.2	61.2	41.5	243.5	42.2	102.2	35.9	6.4	9.4	3.4	5.8
4933431K14Rik	17.8	50.5	102.4	73.9	182.3	78.3	134.9	25.5	135.5	78.9	41.1	2.7	85.4	35.9	30.6	54.6	80	78.6	42.8	19.2	50.9	44.6	28.9	53.7
Gm37652	149.1	240.8	103.1	311.9	57.2	101.6	22	119.5	41.1	76.2	95	0	1.6	2.2	179.1	106.3	24.2	14.6	89.2	6.4	0	0	0	0
Gm37653	66.1	122.9	99.5	234.7	208.8	23.3	106.9	60.7	40	51.7	87.5	0	51.9	66.8	83	102.2	29.1	80	41.6	74.4	18.3	11	0	6.5
Gm36932	118.6	74.6	38.8	163	98	20.6	136.9	61.7	11.3	12.2	112.9	119.9	54.3	19.1	14.6	93.1	81.2	0	48.7	34.6	0	0	0	0
Gm37524	175.3	60	98.8	77.2	103.7	140	12	90.1	162.2	103.4	79.3	178.9	8	69.7	1.5	78.9	93.3	37.8	38	18	0.8	0.8	0	0
Gm37522	43	44.6	38.1	107.6	45.8	1.4	73.9	72.5	33.9	43.5	7.5	20.6	83.8	179	21.8	99.2	31.5	58.2	52.3	5.1	6.4	0.8	4.7	0
D430013B06Rik	151.2	160.3	41.7	54.3	125.1	74.1	24	29.4	1	194.6	34.4	5.4	67	52.1	80.1	124.5	113.9	163	129.6	55.1	3.2	1.6	0	0
2610001A08Rik	292.9	425.9	460.3	1055.2	278.1	420.1	391.6	485.7	346.1	458.6	685	370.4	258.6	162.9	300	456.4	168.4	365.2	279.4	66.7	4	5.5	0	0
Gm37612	138.6	175.6	60	126.1	16.4	33	112.9	131.2	91.4	57.2	101	76.9	111.7	140.1	17.5	94.1	84.8	48	47.6	70.5	1.6	0	2	0
Gm37607	191.1	103.2	129.2	97.8	15.7	170.2	87.9	80.3	56.5	27.2	52.3	0	27.9	107.1	51	17.2	1.2	69.8	41.6	30.8	2.4	0.8	0	0
Gm37606	35.7	126.6	187.8	184.7	42.9	177.1	65.9	38.2	0	27.2	95	9.8	78.2	213.5	74.3	130.5	86	161.5	82	46.2	0.8	3.1	0.7	0
9630010A21Rik	99.7	52	117.9	82.6	75.1	56.3	13	55.8	0	0	0	0	0	0	0	39.5	1.2	0	65.4	19.2	3.2	6.3	0	0
Gm37010	0	0	11.3	12	86.5	0	23	67.6	21.6	302.1	178	95.7	272.1	559.7	247.6	479.7	244.7	254.7	380.5	238.6	3.2	3.1	0	0
Tigd5	33.6	13.9	34.6	119.5	33.6	41.2	48.9	14.7	40	12.2	20.2	25.9	24.7	0	29.1	9.1	36.3	1.5	10.7	41	43	29.8	55.7	80.2
Gm36964	221.5	124.4	93.9	9.8	44.3	196.3	238.7	49	206.4	231.3	0	0.9	59.9	90.2	190.8	0	293.2	234.3	0	85.9	3.2	3.1	2.7	1.3
Gm37678	44.1	96.6	0	96.7	40	74.1	0	34.3	78	62.6	124.9	136	15.2	115.9	125.3	134.6	168.4	87.3	140.3	15.4	2.4	0	1.3	0
BC055308	149.1	96.6	87.5	176	101.5	6.9	41	72.5	21.6	84.4	107.7	140.5	79.8	38.1	62.6	153.8	145.4	138.2	142.7	16.7	0.8	3.1	0	5.2
Gm37677	176.4	7.3	114.4	105.4	73.6	35.7	0	66.6	5.1	93.9	57.6	128.8	80.6	89.5	68.5	26.3	26.7	97.5	102.2	33.3	4	3.1	1.3	0
Gm20045	231	189.5	141.2	335.8	175.9	241.6	333.6	187	65.7	134.7	113.7	195.9	176.4	175.3	163.1	226.7	144.2	293.9	247.3	174.4	8	7.8	8.7	1.3
Gm37447	181.6	102.5	36	85.9	0	57.7	54.9	23.5	63.7	2.7	133.1	118.1	39.9	96.1	74.3	31.4	208.4	52.4	44	16.7	7.2	3.9	7.4	0
5730488B01Rik	0	0	0	0	0	0	0	0	0	0	0	0	0	0	0	0	0	0	0	0	126.5	129.2	0	0
4833412K13Rik	503.9	281	208.3	416.2	452.6	159.3	271.7	281	136.6	228.6	257.3	32.2	195.5	256.8	218.5	254	242.3	192.1	299.6	107.7	8.8	9.4	9.4	0
5330406M23Rik	721.3	374.7	338.1	639	185.2	285.6	147.8	358.4	284.4	304.8	162.3	57.3	493.2	278	206.8	444.2	209.6	228.5	277	177	29.4	39.9	0	2.6
Gm37566	26.2	76.8	92.5	153.2	124.4	35.7	32	68.5	0	31.3	142.8	25.9	68.6	166.5	69.9	22.3	52.1	0	79.7	7.7	6.4	6.3	0	0.6
D130019J16Rik	0	37.3	88.9	126.1	1.4	0	86.9	96	0	142.9	57.6	20.6	170	10.3	61.2	47.6	243.5	109.1	171.2	59	13.5	8.6	2	0
Gm38104	31.5	58.5	37.4	27.2	108.7	2.7	66.9	69.5	164.3	112.9	156.3	160.2	0.8	9.5	24.8	78.9	145.4	106.2	29.7	14.1	2.4	4.7	0	1.9
Gm37702	141.7	51.2	158.8	98.9	88.7	70	94.9	74.4	122.2	112.9	77	26.8	50.3	78.5	29.1	60.7	138.1	10.2	105.8	38.5	3.2	2.3	0	0
Gm37818	78.7	119.3	126.4	78.2	121.5	71.4	5	24.5	27.7	76.2	104.7	64.4	90.2	105.6	45.1	79.9	144.2	0	60.6	21.8	0.8	2.3	0	0
Gm37399	39.9	80.5	51.5	88	153.7	204.6	316.7	257.5	175.6	266.7	234.1	6.3	120.5	283.9	100.5	207.5	331.9	215.4	190.2	28.2	4	8.6	2.7	1.3
Ighd	0	0	0	0	0	0	0	9.8	0	1.4	0	0	0	27.1	27.7	0	65.4	34.9	58.3	141.1	1167.3	1222.3	13.4	7.1
2900018N21Rik	124.9	376.1	69.2	274.9	151.6	166.1	91.9	137.1	93.4	281.7	185.5	0	118.1	104.9	168.9	127.5	61.8	216.8	140.3	30.8	7.2	3.1	0	0
A130071D04Rik	541.7	568.6	463.1	658.5	585.6	337.7	414.6	507.2	467.2	519.8	436.7	463.5	329.6	380	413.6	409.8	875.9	603.9	690.8	409.1	176.6	181.7	6.7	9.1
Gm38042	130.2	52.7	64.2	271.7	94.4	142.8	155.8	165.5	207.4	88.5	174.2	68	43.9	88.8	84.5	135.6	146.6	164.4	173.6	88.5	13.5	11	0	0
Gm38043	473.5	172	144	431.4	190.2	182.6	74.9	161.6	147.9	220.5	245.3	246	348	118.1	52.4	169	261.7	193.5	190.2	82.1	2.4	9.4	0	1.9
Gm37906	123.9	25.6	129.9	109.8	86.5	59	13	26.4	65.7	80.3	106.2	93.9	24.7	62.4	18.9	66.8	110.2	36.4	118.9	42.3	13.5	7.8	0.7	0
C130089K02Rik	345.4	245.9	178.6	568.4	284.6	199.1	156.8	212.5	442.6	632.8	259.5	366.8	384.7	556.8	458.8	473.6	742.6	259	922.6	300.1	191	191.8	0	4.5
Gm38077	155.4	409.1	259.8	358.6	259.5	119.4	197.8	187	196.1	130.6	87.5	174.5	375.9	151.1	122.3	156.9	179.3	139.7	236.6	62.8	10.3	3.9	0	0
Gm37125	50.4	87.1	43.8	54.3	6.4	108.5	70.9	105.7	20.5	16.3	125.6	108.3	75	99	83	63.8	113.9	53.8	59.4	55.1	107.4	101	16.8	15.5
Gm38082	236.2	215.9	187.1	351	486.9	204.6	144.8	335.8	449.8	440.9	447.2	200.4	608.1	303	230.1	369.4	739	285.2	778.8	169.3	72.4	44.6	5.4	0
Gm37510	59.8	52.7	36.7	92.4	0.7	76.9	84.9	76.4	87.3	108.9	137.6	234.4	146.8	124.7	53.9	70.8	49.7	33.5	242.5	9	28.6	31.3	8.7	0
Gm37033	208.9	191	223.1	316.2	92.9	192.2	166.8	90.1	190	89.8	110.7	86.8	404.6	300	241.8	287.4	551.2	34.9	272.3	155.2	29.4	25.8	0	0.6
Gm21710	101.8	177.8	152.5	286.9	327.5	173	213.8	224.2	194.1	258.6	140.6	122.6	239.4	104.2	330.6	140.7	138.1	334.7	233	94.9	22.3	45.4	84.5	3.2
A430027C01Rik	135.4	161.7	48.7	89.1	183.7	37.1	37	105.7	30.8	134.7	144.3	49.2	8.8	137.2	85.9	86	104.2	157.2	67.8	20.5	12.7	7.8	0	0.6
Gm37423	132.3	62.9	31.1	98.9	118	205.9	34	92	73.9	93.9	165.3	31.3	212.3	66.8	144.2	33.4	170.8	48	97.5	115.4	13.5	16.4	4.7	0
Gm38062	70.3	43.9	54.4	118.5	131.6	6.9	1	124.4	178.7	193.2	130.1	181.6	106.1	150.4	163.1	150.8	384	250.3	253.2	110.3	21.5	19.6	1.3	6.5
F830115B05Rik	155.4	70.3	62.1	160.8	0	31.6	35	70.5	58.5	38.1	88.2	19.7	6.4	64.6	33.5	123.5	185.4	50.9	88	30.8	1.6	3.9	0	0.6
Gm6394	151.2	157.3	170.8	122.8	143.7	138.7	155.8	129.2	130.4	164.7	128.6	89.5	217.9	177.5	173.3	158.9	193.8	189.2	139.1	273.2	2.4	4.7	4	5.2
Gm43774	46.2	39.5	62.1	97.8	250.2	103	0	72.5	132.5	112.9	95.7	20.6	91.8	1.5	180.6	106.3	107.8	1.5	115.3	48.7	2.4	4.7	0	0
Gm43290	268.8	149.3	135.5	146.7	140.9	104.3	128.9	132.2	15.4	117	121.9	0	216.3	54.3	174.8	132.6	296.8	245.9	241.4	224.4	4.8	1.6	0.7	1.9
Gm43712	261.4	199.8	237.2	152.1	230.2	256.7	195.8	264.4	372.8	279	136.9	194.2	324.8	254.6	250.5	129.5	350.1	339.1	173.6	230.9	8	7.8	8.1	1.9
Gm42636	64	78.3	89.7	224.9	67.9	16.5	56.9	102.8	5.1	6.8	87.5	36.7	80.6	10.3	158.7	83	185.4	27.6	21.4	62.8	2.4	7	1.3	0
Gm43133	0	71.7	19.8	21.7	105.8	89.2	33	87.1	43.1	93.9	41.9	92.2	66.2	181.9	40.8	53.6	17	65.5	20.2	53.9	7.2	7	0.7	0
Gbp6	204.7	120	95.3	40.2	195.9	85.1	55.9	4.9	0	0	0	0	0	0	0	0	106.6	142.6	80.8	0	98.7	82.2	1.3	0
Gm43162	100.8	97.3	207.5	242.3	214.5	219.7	229.8	197.8	49.3	114.3	249	73.4	118.1	102.7	115.1	129.5	197.5	125.1	197.4	47.5	5.6	2.3	0.7	4.5
Gm42783	210	170.5	64.9	110.8	81.5	27.5	34	106.7	60.6	32.7	101.7	99.3	8	100.5	67	151.8	46	81.5	96.3	82.1	19.1	13.3	3.4	3.2
Gm42979	174.3	114.2	141.2	141.3	195.9	114	47.9	186	45.2	65.3	129.4	25.9	16	128.4	120.9	65.8	126	64	126	73.1	15.1	8.6	0	4.5
Gm5547	0	0	21.9	0	55.1	24.7	68.9	38.2	0	112.9	86	25.1	0	0	35	5.1	6.1	48	39.2	47.5	104.2	122.1	8.1	5.2
Gm43201	66.1	93.7	91.1	190.2	52.2	118.1	15	109.7	38	85.7	137.6	105.6	44.7	67.5	58.3	132.6	113.9	20.4	127.2	119.3	8	7.8	20.1	7.1
Gm43387	30.4	184.4	99.5	88	131.6	79.6	85.9	75.4	13.3	172.8	195.2	24.2	43.1	129.8	37.9	15.2	164.8	37.8	180.7	52.6	5.6	7	0	0
2510017J16Rik	144.9	129.5	149.7	218.4	121.5	119.4	38	178.2	257.7	98	98.7	62.6	97.4	197.3	203.9	69.8	163.5	37.8	108.2	106.4	4.8	3.9	0	9.1
Snhg8	5764.9	4145.6	4340.8	3503.6	4006.7	3656.1	4107.6	2940.3	2544.6	2712.1	1854.6	813.3	3442.1	3566.7	2936.1	2567.3	3286.7	3263.9	1971.3	2808.7	97.9	79.9	71.8	52.4
Gm3511	95.5	126.6	91.1	57.6	82.9	116.7	177.8	76.4	101.7	110.2	12	5.4	79.8	102	91.8	33.4	155.1	144.1	25	43.6	2.4	6.3	6.7	9.7
Gm43423	159.6	136.8	88.9	91.3	80.8	78.3	81.9	152.7	57.5	36.7	131.6	57.3	0	0	0	22.3	0	0	0	0	0.8	0	0	0
Gm43336	174.3	87.8	36.7	106.5	91.5	89.2	56.9	147.8	43.1	108.9	216.1	185.2	41.5	141.6	148.6	118.4	147.8	176.1	126	82.1	36.6	26.6	0	9.1
Gm43412	133.3	281.7	211.8	252.1	31.5	160.6	136.9	191.9	32.9	29.9	70.3	69.8	207.5	203.2	120.9	74.9	232.6	37.8	93.9	91.1	0	0.8	0	0
Gm43667	0	36.6	205.4	111.9	6.4	5.5	19	96.9	0	57.2	55.3	0	31.1	113.7	96.1	53.6	127.2	53.8	21.4	25.7	3.2	3.1	0.7	0.6
Gm42869	100.8	61.5	61.4	92.4	218.1	2.7	38	51.9	130.4	62.6	68.1	0	215.5	80	39.3	50.6	92.1	43.7	89.2	9	2.4	1.6	0	0
Rpl21-ps11	778	654.9	600	589	520.5	369.3	210.8	325.1	470.3	483.1	528	622.7	382.3	457	284	661.8	340.4	436.5	502.9	1005.5	0	0	0	0
Gm42595	225.7	423.7	286.6	233.6	382.5	289.7	261.7	314.3	179.7	198.7	258.8	76.9	216.3	199.5	164.6	232.7	48.5	331.8	168.8	157.8	50.9	42.3	14.8	6.5
Gm43668	54.6	60	74.1	83.7	312.4	177.1	44	100.9	0	59.9	31.4	52.8	23.1	116.6	61.2	61.7	69.1	117.9	15.5	16.7	8	12.5	0	0
Gm43362	191.1	146.4	53.7	313	278.1	145.5	42	102.8	267	140.2	180.2	42.9	261.8	152.6	80.1	71.8	364.7	99	76.1	105.2	113.8	116.7	18.8	9.1
Gm43149	17.8	117.1	69.9	177.1	83.7	20.6	2	152.7	211.5	145.6	90.5	87.7	181.2	99	68.5	131.6	60.6	14.6	102.2	5.1	0.8	4.7	0	0
Gm20568	43	131.7	51.5	153.2	96.5	56.3	61.9	69.5	65.7	115.7	89.7	68	54.3	66	99	233.8	94.5	154.2	74.9	106.4	0	0	0	0
Gm43696	67.2	74.6	131.3	168.4	263.1	103	0	122.4	40	148.3	115.2	8.1	113.3	102.7	94.7	136.6	98.1	90.2	124.8	56.4	31.8	23.5	10.1	1.9
Gm43817	86.1	174.2	11.3	168.4	17.9	203.2	31	63.6	105.8	53.1	115.9	70.7	77.4	76.3	59.7	60.7	82.4	39.3	104.6	35.9	2.4	10.2	0	0
Rpl36a-ps2	493.4	625.7	491.3	646.6	500.5	503.9	493.5	523.8	584.3	626	482.4	235.3	699.9	476.8	852	532.3	559.7	647.5	514.8	761.8	7.2	7	5.4	5.8
Gm43359	59.8	129.5	65.7	132.6	58.6	12.4	85.9	130.2	212.6	28.6	97.2	157.5	89.4	170.9	136.9	94.1	301.7	106.2	171.2	166.7	22.3	20.4	6	7.1
Gm43379	87.1	133.9	64.9	203.2	25.7	119.4	0	71.5	25.7	110.2	80.8	0	120.5	39.6	13.1	107.3	10.9	52.4	123.7	39.8	7.2	3.1	0	1.9
Gbp5	175.3	254.7	122.1	105.4	69.4	97.5	47	63.6	2.1	54.4	36.6	25.1	67	153.3	62.6	52.6	116.3	64	114.1	159	97.9	64.2	37.6	46.6
C130013H08Rik	47.2	76.8	156.7	58.7	46.5	70	28	74.4	1	58.5	59.1	8.1	10.4	49.2	132.5	25.3	109	59.7	66.6	105.2	23.1	19.6	42.9	51.1
E430021H15Rik	536.5	474.2	271.1	516.2	367.5	295.2	384.6	432.8	149.9	328	285.7	229.9	741.4	641.2	492.3	466.5	817.7	790.1	1156.8	329.6	94.7	105.7	3.4	5.2
Iglc3	0	0	14.1	10.9	7.1	0	23	38.2	5.1	34	4.5	5.4	0	0	27.7	0	0	1.5	0	130.8	596	581	0	0.6
Gm43462	96.6	161.7	194.8	146.7	288.9	201.8	163.8	188	18.5	235.4	100.2	72.5	165.2	190	244.7	197.3	163.5	149.9	71.3	38.5	27.1	25.1	4	0
Gm43300	85	81.2	51.5	8.7	207.3	120.8	36	131.2	43.1	88.5	102.5	17.9	110.1	111.5	59.7	72.9	235	4.4	107	51.3	4	2.3	0.7	0
Gm43513	182.7	227.6	179.3	360.8	68.6	50.8	282.7	336.8	126.3	236.8	204.9	86.8	183.6	197.3	160.2	167	219.3	116.4	165.3	156.5	3.2	5.5	0	0
Gm42611	35.7	61.5	40.9	107.6	36.5	49.4	1	97.9	116	5.4	145.8	85	173.2	160.7	24.8	111.3	129.6	45.1	140.3	18	6.4	8.6	0	1.3
4930519L02Rik	250.9	241.5	179.3	228.2	271	329.5	481.5	495.4	851.3	824.7	1032	934.1	784.5	932.4	546.2	759	342.8	173.2	134.4	48.7	27.1	24.3	122.1	122.9
Gm42659	174.3	94.4	98.1	191.3	183.7	159.3	209.8	220.3	172.5	310.3	222.9	45.6	141.3	125.4	193.7	147.7	84.8	299.8	120.1	129.5	25.5	29.8	2.7	1.3
Gm43305	2.1	5.1	0	13	0	0	0	2.9	1	4.1	0	0	20.7	46.9	0	30.4	13.3	39.3	38	11.5	272.1	261.5	86.6	76.4
Gm42819	78.7	43.2	64.9	114.1	150.1	85.1	57.9	75.4	41.1	58.5	220.6	118.1	67.8	103.4	17.5	84	75.1	50.9	152.2	16.7	4	1.6	0	0
Gm42748	48.3	36.6	113.7	12	32.2	82.4	149.8	87.1	122.2	77.6	142.8	70.7	12.8	145.2	99	113.3	247.1	39.3	103.4	25.7	4	2.3	0	0
Gm42845	139.6	65.1	95.3	86.9	75.8	74.1	58.9	52.9	53.4	64	98.7	67.1	106.1	91	64.1	117.4	75.1	53.8	78.5	212.9	0	0	0.7	0
Mir703	643.6	562	835.8	744.4	489.8	659	428.5	567.9	767.1	675	343.3	790	672	742.4	586.9	838.9	855.3	906.6	851.3	1124.8	74.8	81.4	114.7	124.2
Gm43329	50.4	113.4	6.4	97.8	29.3	109.8	62.9	73.4	0	132	123.4	154.8	120.5	102	80.1	75.9	76.3	56.8	92.7	137.2	14.3	14.1	0	0
9130604C24Rik	31.5	65.9	99.5	125	44.3	16.5	111.9	76.4	37	121.1	298.4	27.7	142.1	111.5	71.4	200.4	1.2	42.2	32.1	33.3	19.9	14.9	21.5	14.9
Gm42517	341.2	174.2	307.1	323.8	122.3	26.1	31	94	25.7	0	26.9	68	0	0	24.8	0	0	0	0	0	1.6	0	0	0
7330423F06Rik	114.4	98.1	164.5	98.9	66.5	208.7	160.8	182.1	25.7	164.7	87.5	0	112.5	115.2	192.2	114.4	277.4	212.5	196.2	146.2	3.2	0	0	0
Gm6204	9251.6	5263.7	5790.8	5988.9	6519.2	4287.7	2679.2	3432.9	4534.7	4112.4	5979	7231	5134	5173.2	3386.2	8972	4643.6	3445.8	6447.6	9910.1	35	18.8	33.5	22
Iglc1	0	0	0	0	57.2	0	87.9	45	0	8.2	0	25.1	0	0	5.8	0	0	0	10.7	102.6	885.6	999.1	0	0
Gm43628	72.4	180.8	69.9	107.6	173	108.5	34	199.7	71.9	66.7	252	69.8	100.6	130.6	106.3	99.2	265.3	138.2	292.5	91.1	19.1	26.6	0.7	5.2
Gm5075	215.2	52	85.4	27.2	105.1	37.1	26	62.7	33.9	49	67.3	19.7	42.3	86.6	36.4	112.3	30.3	46.6	63	184.7	0	0.8	4.7	0
Gm43570	149.1	82.7	149	261.9	94.4	50.8	60.9	109.7	138.6	64	136.9	99.3	22.3	34.5	0	11.1	0	40.7	26.2	0	2.4	0	0	0
Gm43254	231	116.4	249.9	105.4	149.4	90.6	80.9	120.4	37	39.5	9	82.3	12	102	62.6	15.2	103	40.7	166.5	35.9	34.2	21.1	14.1	64.1
2810428J06Rik	72.4	152.9	9.2	150	47.2	75.5	0	63.6	0	16.3	73.3	36.7	37.5	100.5	0	41.5	80	30.6	39.2	34.6	4.8	3.9	0	0
AI506816	179.5	110.5	115.8	138	378.2	321.3	200.8	187	371.7	235.4	400.1	348	261	571.5	594.2	420	444.6	291	230.7	401.4	2438.8	2681.8	4821.6	5043.9
Gm43672	44.1	0	12	21.7	105.1	64.5	81.9	40.1	16.4	68	133.9	39.4	28.7	66	155.8	188.2	93.3	30.6	117.7	80.8	138.5	144.1	175.8	201.2
Gm4332	357	283.9	225.9	169.5	233.1	427	418.6	206.6	677.7	397.4	62.8	29.5	257	354.3	324.8	97.1	450.7	458.4	67.8	333.5	8	6.3	7.4	11.6
Gm43609	96.6	80.5	72	118.5	22.9	65.9	227.8	35.2	0	85.7	95	8.9	62.2	31.5	30.6	60.7	82.4	123.7	79.7	44.9	2.4	3.1	0	0
Gm42722	34.6	136.8	60.7	107.6	0.7	0	1	15.7	53.4	0	0	0	82.2	150.4	0	18.2	4.8	174.6	74.9	5.1	0	1.6	0	0
Rn18s-rs5	0	0	0	20.6	0	0	0	3.9	0	5.4	0	0	0	0	0	0	0	0	0	1.3	19844	18483.5	16750.3	15042.4
Gm43430	73.5	98.8	158.1	313	168	248.5	111.9	156.7	19.5	138.8	159.3	90.4	315.2	168	88.8	254	147.8	163	375.7	24.4	21.5	21.9	1.3	3.9
4930555A03Rik	82.9	37.3	200.5	82.6	78.6	46.7	139.9	117.5	35.9	23.1	127.9	0	66.2	138.6	36.4	41.5	161.1	259	369.8	135.9	59.7	57.2	60.4	73.8
Gm20768	1017.3	439.8	264	292.3	475.5	236.1	155.8	321.2	221.8	317.1	477.1	698.8	379.9	399.1	337.9	516.1	278.6	244.5	449.4	865.7	1.6	3.1	0.7	1.9
C230096K16Rik	123.9	108.3	142.6	170.6	47.2	129.1	0	97.9	32.9	103.4	9	83.2	53.5	143.8	65.5	103.2	135.7	342	124.8	147.5	32.6	31.3	0	0.6
Gm43848	124.9	84.9	127.1	206.5	251	127.7	56.9	118.5	3.1	77.6	188.5	127	210.7	70.4	221.4	156.9	184.1	168.8	261.6	144.9	15.1	19.6	0	0
Gm43568	367.5	252.5	189.9	179.3	67.2	67.3	186.8	110.6	101.7	78.9	39.6	170	91	0	74.3	88	65.4	94.6	97.5	70.5	4	6.3	6.7	0.6
Gm43361	0	0	5.6	0	0	0	0	0	0	0	0	0	0	0	24.8	0	0	0	36.9	0	165.5	174.6	16.1	18.1
E330034L11Rik	247.8	229.8	115.1	54.3	165.9	252.6	14	106.7	66.7	64	173.5	0	146.8	94.6	32	97.1	27.9	99	103.4	46.2	3.2	1.6	0.7	0
Gm5857	204.7	84.2	69.2	71.7	32.2	8.2	7	18.6	95.5	16.3	76.3	69.8	60.7	153.3	45.1	58.7	49.7	78.6	41.6	141.1	1.6	0	1.3	1.3
Gm42820	38.8	100.3	50.1	215.2	20.7	78.3	69.9	98.9	0	83	46.4	381.1	82.2	0.7	30.6	112.3	134.5	32	155.8	65.4	8.8	7	0	0
Gm9403	107.1	87.1	79.1	77.2	109.4	204.6	194.8	65.6	67.8	24.5	120.4	0	81.4	28.6	97.6	51.6	58.2	40.7	64.2	21.8	2.4	2.3	0	0.6
Gm43582	69.3	16.8	40.9	44.6	0	13.7	0	24.5	338.9	21.8	35.1	17.9	0	9.5	16	0	31.5	0	17.8	19.2	0	0	0.7	0.6
Gm17590	0	0	0	0	0	0	0	2.9	61.6	57.2	127.1	160.2	35.1	39.6	101.9	27.3	0	0	0	0	23.1	23.5	40.9	23.9
Gm36266	86.1	66.6	168.7	105.4	95.1	52.2	84.9	66.6	52.4	145.6	97.2	60.8	133.3	184.9	85.9	207.5	37.6	56.8	187.9	50	4	3.9	0.7	0
Gm43813	295	249.5	105.2	258.6	160.9	152.4	75.9	222.3	167.4	91.2	148.8	127	211.5	158.5	142.7	200.4	196.3	212.5	179.5	209.1	22.3	32.1	0.7	0
Gm43176	134.4	64.4	91.8	98.9	52.9	24.7	36	83.2	18.5	43.5	34.4	37.6	133.3	141.6	16	61.7	38.8	151.3	57.1	73.1	8.8	7.8	4	0.6
Gm42895	0	19.8	10.6	85.9	195.9	37.1	63.9	40.1	23.6	34	74.8	19.7	0	32.3	23.3	44.5	14.5	43.7	77.3	14.1	3.2	2.3	0	0
Gm42798	130.2	103.2	100.9	120.6	117.3	54.9	155.8	108.7	16.4	261.3	112.2	5.4	90.2	44.7	164.6	73.9	127.2	77.1	159.3	78.2	13.5	19.6	4.7	2.6
Gm20559	612.1	654.9	669.9	765	325.3	470.9	504.5	318.2	164.3	152.4	270	180.7	244.2	189.3	155.8	275.3	361	154.2	304.4	212.9	60.5	47	6.7	0
Gm42573	1218.9	555.4	586.6	599.9	802.2	431.1	287.7	379.9	637.7	337.5	747.1	725.6	490.8	544.3	399.1	564.7	397.4	286.7	516	1099.1	0.8	0	0.7	0.6
Gm43499	73.5	56.3	64.2	143.4	52.2	83.7	138.9	47	129.4	242.2	178.7	201.3	222.7	257.5	193.7	258	214.4	90.2	187.9	101.3	8.8	9.4	6.7	0
Gm43482	51.4	102.5	67.1	143.4	326	56.3	39	82.2	68.8	137.4	101	39.4	32.7	115.9	18.9	26.3	50.9	56.8	122.5	20.5	7.2	5.5	0	0
D5Ertd605e	36.7	12.4	2.1	0	37.2	108.5	63.9	50.9	92.4	13.6	33.7	1.8	65.4	107.8	27.7	121.4	304.1	141.1	229.5	179.6	117.8	121.4	106	117.8
Gm43533	65.1	53.4	36	18.5	0	1.4	0	50.9	72.9	89.8	123.4	142.3	91	17.6	51	35.4	75.1	4.4	78.5	20.5	8.8	5.5	0	0
Peg13	463	638.8	815.4	755.3	327.5	540.9	617.3	390.7	245.4	353.8	478.6	620.9	342.4	299.3	556.4	763	470.1	669.4	947.6	516.9	500.5	584.1	120.1	113.9
Gm43761	84	145.6	72.7	64.1	80.8	178.5	77.9	119.5	100.6	100.7	163.8	0	141.3	184.1	209.7	192.3	255.6	209.5	410.2	134.7	8.8	8.6	0	0
Gtf3c2	1692.4	1630.4	1534.7	2339.7	2257.9	1721.7	1401.5	1905.4	1738.5	1999	1650.5	1400.2	2039.1	1910.3	1918.1	1581.7	2367.2	1973.2	1746.6	1598	464.7	391.5	276.4	328.1
Gm43681	108.1	75.4	81.2	57.6	149.4	98.9	154.8	24.5	86.3	59.9	56.1	1.8	237	133.5	77.2	116.4	92.1	190.6	112.9	11.5	7.2	10.2	0	0
Gm20186	158.5	331.5	100.9	94.5	144.4	186.7	55.9	103.8	66.7	119.8	241.6	155.7	105.3	183.4	116.5	55.7	186.6	69.8	177.2	35.9	7.2	4.7	1.3	3.2
Gm43460	0	0	0	0	0	0	0	0	0	0	0	0	0	0	0	0	0	0	0	0	93.1	92.4	13.4	29.8
Mrpl33	911.3	820.3	768.8	804.2	835.8	650.8	1172.8	815.6	847.2	883.2	1023	1030.7	1011.1	1370.3	1382.1	1337.8	911	921.1	1256.7	1427.5	463.9	461.2	1207.8	1102
Rpl7-ps7	408.4	344.7	379.8	436.9	549.8	821	687.3	480.8	574	551.1	352.2	301.5	398.2	542.1	458.8	350.1	674.8	622.8	350.7	205.2	0.8	0	0.7	0
5930430L01Rik	98.7	190.3	85.4	52.2	60.1	174.4	71.9	139	122.2	27.2	74.8	45.6	106.9	88	208.3	78.9	98.1	8.7	86.8	101.3	43.8	43.8	10.7	24.6
Gm42548	151.2	70.3	6.4	151.1	160.9	72.8	23	110.6	146.8	107.5	88.2	20.6	49.5	124.7	135.4	177.1	187.8	85.9	137.9	61.6	12.7	5.5	0	0
N4bp2os	169	59.3	93.9	48.9	30.7	247.1	287.7	134.1	250.6	59.9	116.7	25.1	110.9	60.9	87.4	55.7	31.5	0	108.2	121.8	3.2	7	0.7	0
Gm42547	107.1	201.2	183.5	176	130.1	284.2	47	199.7	306	185.1	124.1	138.7	238.6	188.5	168.9	179.1	324.7	147	126	137.2	60.5	40.7	88.6	81.5
Gm43167	65.1	54.2	103.1	108.7	193.8	0	74.9	80.3	110.9	122.5	47.9	104.7	8.8	126.9	74.3	57.7	3.6	4.4	33.3	32.1	2.4	0	0	0
Gm43481	11.5	9.5	48	4.3	54.3	8.2	63.9	7.8	34.9	0	38.9	0.9	10.4	33	29.1	15.2	24.2	7.3	48.7	25.7	64.5	107.3	26.2	23.9
0610012G03Rik	305.5	425.2	297.2	193.4	361.1	130.4	273.7	248.7	322.4	423.2	336.5	529.7	287.3	228.1	227.2	258	325.9	455.5	337.7	463	465.5	467.5	934	772.6
6720475M21Rik	76.6	86.4	186.4	205.4	102.2	1.4	209.8	78.3	48.3	88.5	183.2	230.8	42.3	184.1	222.8	226.7	53.3	104.8	161.7	37.2	8	0	0	0.6
Gm42715	51.4	86.4	26.8	93.5	1.4	92	34	99.9	40	142.9	239.3	119	133.3	71.9	129.6	121.4	96.9	122.2	34.5	119.3	17.5	7.8	6.7	8.4
Ybx1-ps2	112.3	139	110.1	122.8	123.7	177.1	74.9	157.6	188.9	198.7	199.7	411.6	300.1	425.5	253.4	210.5	210.8	132.4	200.9	541.2	0.8	0.8	3.4	5.2
C730045M19Rik	21	84.9	137	64.1	55.1	200.4	0	96	217.7	106.1	75.5	13.4	243.4	38.1	190.8	139.6	89.6	39.3	84.4	33.3	12.7	4.7	0	0
Gm19590	2947	2570	2874.6	3135.2	1605.1	1504.7	2100.8	1704.7	304	523.9	353	337.3	1622.5	719.6	1109.8	1213.3	1113.3	1078.3	1162.8	819.5	40.6	39.2	2.7	0
Gm43274	60.9	57.1	73.4	75	95.1	108.5	42	111.6	114	152.4	116.7	110	268.2	192.2	46.6	66.8	338	32	275.8	39.8	5.6	4.7	0	0
Gm42986	387.4	368.1	163.1	399.9	135.1	177.1	144.8	282	337.8	253.1	207.2	224.6	255.4	167.3	163.1	264.1	210.8	179	350.7	82.1	15.1	7	0	0
Gm42466	92.4	57.1	100.2	114.1	130.1	42.6	18	62.7	286.5	125.2	115.2	27.7	0.8	0.7	42.2	73.9	60.6	131	34.5	61.6	45.4	51.7	4.7	9.7
Gm9794	4012.7	4438.3	6186.8	7702.6	3998.9	3967.8	4625.1	5781.8	3961.7	5290.8	6713.4	7774.1	3122	3555.7	5674.2	9065.1	3275.8	5810.4	7281.1	7591.3	27.8	18	12.7	14.9
Gm42576	154.3	117.8	100.9	407.5	218.1	149.6	161.8	184.1	190	175.5	217.6	34.9	156.4	110	123.8	175.1	127.2	189.2	200.9	115.4	14.3	7.8	16.8	0.6
Gm42559	15.7	103.9	6.4	97.8	224.5	153.8	15	78.3	51.3	59.9	50.1	133.3	83.8	40.3	99	36.4	71.5	4.4	88	39.8	4.8	5.5	0	0
Gm42600	161.7	32.2	91.1	66.3	138.7	230.7	108.9	123.4	180.7	127.9	134.6	0	134.1	198.1	189.3	101.2	155.1	120.8	152.2	83.4	3.2	0	0.7	8.4
Mpv17	875.6	644.7	494.2	683.5	203.8	417.4	278.7	436.7	433.3	299.4	486.1	372.2	427.8	540.7	502.5	607.2	581.5	193.5	351.9	448.9	180.6	187.1	277.1	309.9
Gm43788	600.5	598.6	391.1	472.7	682.1	171.6	132.9	377	304	485.8	271.5	289.9	759.8	587.6	681.6	644.6	894.1	422	873.9	363	48.5	46.2	0	0
Gm43775	97.6	52.7	63.5	65.2	38.6	5.5	66.9	34.3	77	58.5	56.8	111.8	145.2	22.7	68.5	118.4	189	142.6	211.6	137.2	8	18	8.1	9.1
Gm42549	89.2	82.7	88.2	129.3	5	19.2	69.9	73.4	142.7	28.6	17.2	16.1	147.6	57.2	18.9	89.1	204.7	23.3	78.5	69.3	11.9	13.3	0	0
AI839979	0	0	7.8	0	12.9	0	27	66.6	0	21.8	13.5	17	15.2	0	8.7	0	1.2	0	0	51.3	9.5	16.4	177.8	198
Gm42724	111.3	199	139.1	196.7	41.5	182.6	115.9	152.7	225.9	152.4	75.5	64.4	247.4	250.2	230.1	125.5	264.1	135.3	271.1	146.2	31.8	41.5	2.7	2.6
Gm4366	438.9	533.5	436.3	529.2	342.5	461.3	486.5	574.8	477.5	593.3	772.5	879.5	331.2	787.1	517	962.4	661.5	631.5	743.1	1424.9	8.8	18	24.8	17.5
4732416N19Rik	26.2	48.3	76.2	13	72.9	0	19	66.6	105.8	153.8	111.4	156.6	0	0	30.6	14.2	52.1	16	48.7	68	17.5	14.9	10.7	4.5
Zfp862-ps	99.7	176.4	281	184.7	195.2	46.7	146.8	83.2	177.7	85.7	57.6	68	0	0	69.9	18.2	92.1	75.7	142.7	87.2	48.5	47.8	30.9	33.6
4833403J16Rik	393.7	398.8	523.1	437.9	178.7	365.2	163.8	398.5	218.7	183.7	72.5	46.5	82.2	85.8	119.4	91.1	92.1	14.6	165.3	107.7	5.6	7.8	0	0
E330037G11Rik	89.2	204.2	118.6	430.3	218.8	186.7	182.8	164.5	356.3	159.2	105.4	115.4	103	307.4	96.1	112.3	90.9	100.4	177.2	73.1	1.6	2.3	0	0
Gm43920	70.3	98.1	87.5	86.9	142.3	35.7	0	48	0	74.8	29.9	0	99	26.4	18.9	47.6	14.5	80	99.9	6.4	1.6	0	0	3.2
D530018E20Rik	341.2	338.1	218.8	291.2	244.5	182.6	155.8	140	123.2	178.3	206.4	74.3	332	395.4	144.2	180.1	491.9	88.8	376.9	269.3	4	1.6	2.7	1.9
Gm44254	139.6	77.6	148.2	203.2	34.3	53.5	78.9	92	117.1	73.5	159.3	113.6	53.5	39.6	125.3	141.7	66.6	132.4	133.2	137.2	0	0	0	0
Gm6681	180.6	92.9	175.1	208.6	130.8	114	92.9	93	283.4	99.3	127.1	123.5	26.3	210.5	72.8	182.2	144.2	142.6	82	311.7	0	0.8	0	0
Gm2011	121.8	76.8	98.8	127.1	69.4	82.4	149.8	77.4	39	110.2	89	0	0	35.2	29.1	1	15.7	33.5	21.4	0	5.6	12.5	8.7	8.4
2010008C14Rik	33.6	56.3	137.7	134.8	15.7	97.5	63.9	77.4	73.9	106.1	19.4	31.3	43.9	41.1	51	64.8	66.6	165.9	111.8	129.5	31.8	30.5	36.2	24.6
Gm44250	207.9	225.4	194.8	313	157.3	177.1	265.7	231.1	191	141.5	222.9	384.7	304.9	154.8	246.1	220.6	130.8	126.6	189	74.4	8	4.7	17.4	7.8
Gm44432	153.3	406.9	203.3	356.4	199.5	185.3	300.7	258.5	201.3	227.3	183.2	18.8	123.7	176.8	302.9	244.9	264.1	171.7	350.7	151.3	4.8	3.1	0	0
Gm44423	266.7	329.3	33.9	184.7	194.5	163.4	141.8	170.4	100.6	83	203.4	220.1	101.4	91	201	161.9	235	125.1	184.3	175.7	7.2	3.9	4	0
Gm44067	34.6	103.2	33.2	47.8	46.5	33	62.9	101.8	231	73.5	51.6	43.8	368.7	51.4	203.9	194.3	319.8	244.5	310.3	196.2	0	0	0	0
Gm44116	50.4	41	47.3	190.2	100.1	274.6	5	141	64.7	49	122.6	17	49.5	104.2	183.5	110.3	84.8	187.7	96.3	89.8	18.3	9.4	10.7	0
Gm43984	261.4	271.5	50.1	130.4	186.6	222.4	163.8	116.5	277.3	133.4	47.9	78.7	93.4	175.3	125.3	46.5	254.4	269.2	98.7	68	29.4	40.7	0	0
Gm44292	281.4	311.7	205.4	223.9	91.5	299.3	53.9	248.7	137.6	107.5	129.4	47.4	378.3	148.9	161.7	179.1	80	190.6	74.9	132.1	23.9	25.1	3.4	0
RP23-181P23.1	208.9	50.5	194.8	139.1	45.8	50.8	82.9	63.6	0	92.5	26.9	50.1	0	57.2	75.7	22.3	58.2	0	55.9	12.8	0	0.8	0	0
RP24-490A22.9	434.7	292.7	209	322.8	386.1	361.1	95.9	201.7	338.9	132	169	258.6	301.7	360.2	190.8	236.8	322.3	136.8	235.4	323.2	21.5	18.8	10.1	14.9
Snhg1	2855.7	2875.9	3528.3	3229.7	3740.8	4142.1	4177.6	3801	3642.4	4541	4422	5134.7	3989.5	3507.3	4431.9	3958.8	4555.2	4310.2	4317.1	3741.1	233.9	217.7	34.2	35.6
RP23-60P18.10	166.9	93.7	205.4	163	196.6	122.2	90.9	133.2	88.3	74.8	63.6	134.2	141.3	50.6	88.8	159.9	181.7	296.9	55.9	96.2	19.9	19.6	10.1	11.6
RP24-144C5.3	113.4	126.6	98.8	82.6	95.1	170.2	181.8	99.9	111.9	161.9	10.5	20.6	106.1	121.8	186.4	39.5	133.3	199.4	26.2	20.5	0	0	0	0
RP24-67F19.7	159.6	116.4	74.1	106.5	197.3	49.4	55.9	53.9	12.3	167.4	84.5	54.6	237.8	112.2	128.2	21.3	112.7	142.6	34.5	23.1	16.7	19.6	4	0
RP23-338G5.4	36.7	123.7	93.2	191.3	45.8	0	219.8	84.2	23.6	151.1	125.6	41.2	73.4	39.6	123.8	151.8	151.4	189.2	89.2	105.2	3.2	3.1	0	0
RP24-259P13.3	25.2	148.6	133.4	224.9	143	59	153.8	207.6	132.5	87.1	171.3	187.9	148.4	99.8	198.1	227.7	149	193.5	165.3	93.6	15.9	16.4	8.7	0
RP23-74N13.1	127	154.4	187.1	170.6	158	11	75.9	106.7	53.4	147	107.7	14.3	34.3	89.5	36.4	92.1	23	33.5	80.8	51.3	4.8	4.7	2.7	0
RP23-60P18.13	97.6	166.8	141.2	258.6	112.3	45.3	128.9	138.1	105.8	76.2	143.6	131.5	19.2	141.6	96.1	166	78.7	36.4	54.7	71.8	59.7	52.5	20.8	16.2
RP23-361O12.5	1752.3	1772.4	2033.1	3141.7	1550.1	1377.1	1494.4	1709.6	1254.9	1547.2	2382.6	2751.2	1967.2	1462	1734.6	3257.5	1522.8	1463.9	2465.9	3252.5	0	0	0.7	1.9
Gm37494	518.6	513.7	465.9	424.9	193.8	262.2	449.5	266.3	170.5	423.2	484.6	271.1	478	380.7	383	399.7	359.8	260.5	478	351.4	228.4	180.9	213.4	194.8
RP23-285C18.7	252	348.3	279.5	455.3	411.8	300.7	212.8	364.2	141.7	352.5	202.7	20.6	289.7	203.2	333.5	238.8	522.1	116.4	291.3	288.6	35	23.5	0.7	0
RP23-174K7.2	4.2	0	30.4	55.4	37.9	89.2	0	21.5	42.1	125.2	43.4	106.5	41.5	66	26.2	70.8	67.8	56.8	30.9	33.3	105	129.2	22.1	12.3
RP23-212H18.2	60.9	35.1	50.8	100	88.7	43.9	44	86.2	61.6	50.4	175.7	124.4	69.4	58	62.6	155.8	54.5	113.5	92.7	262.9	0	0	0	0
RP24-128P19.3	72.4	122.2	108.7	57.6	34.3	22	140.9	39.2	57.5	76.2	61.3	0	39.9	82.9	43.7	83	27.9	30.6	96.3	6.4	9.5	15.7	2.7	1.3
RP24-417N13.7	0	0	0	0	0	0	0	0	0	5.4	0	0	13.6	24.9	16	7.1	0	0	0	14.1	0.8	3.1	134.9	112.6
RP23-375O10.1	488.2	510.8	357.9	445.6	426.1	282.8	195.8	321.2	289.6	265.4	356	399	383.9	448.2	480.6	703.3	288.3	390	406.6	480.9	0	0	0	0
RP23-218K15.3	208.9	166.8	69.9	27.2	139.4	240.3	153.8	63.6	76	114.3	64.3	241.6	65.4	92.4	88.8	115.4	132.1	139.7	134.4	133.4	27.8	25.1	4.7	5.2
RP24-439I22.8	350.7	177.8	88.9	195.6	60.1	45.3	128.9	148.8	69.8	171.5	168.3	0	190.7	154.8	122.3	97.1	159.9	231.4	86.8	77	3.2	0.8	0	0
RP23-6I17.1	77.7	103.2	106.6	76.1	77.2	167.5	187.8	80.3	53.4	35.4	47.1	13.4	63.8	209.1	113.6	82	138.1	164.4	200.9	59	15.1	16.4	25.5	22.6
Prmt1	1463.5	1047.9	875.4	1034.6	2144.9	1672.2	787.2	1035.9	1709.8	1262.8	1764.9	1672.2	1470	2281.4	1102.5	2215.2	1807.5	830.9	1812	1651.9	2441.2	2366.2	1290.3	1151.1
Samd4b	827.3	778.6	1005.3	1187.8	440.4	532.7	795.2	915.5	232.1	849.1	553.4	341.8	607.3	597.1	601.5	719.5	586.4	874.5	615.9	581	685.1	648.3	305.3	226.5
RP24-344N22.3	148	24.9	97.4	127.1	251	81	18	128.3	27.7	152.4	107.7	8.1	20.7	55	116.5	95.1	31.5	147	69	59	89.1	86.9	14.8	0
RP24-471H15.4	892.4	886.2	830.9	886.8	1032.4	760.6	762.2	709.9	960.1	903.6	882.5	1004.8	834.8	1057.1	1045.7	847	901.3	1073.9	1196.1	1328.7	12.7	7.8	7.4	9.7
Nup62	948	1026.7	1032.8	1124.7	1549.4	1253.5	1068.9	1343.4	1862.8	1907.9	1365.6	2010.4	1127.7	1880.2	1893.3	1071.7	1716.7	1407.1	1602.7	1347.9	3867.1	3988.6	4158.7	3803.5
