	Cluster_41 Ahr::Arnt,EOMES,MGA,TBR1(...)	Cluster_40 Arnt,ARNT2,Arntl(...),ARNT::HIF1A,HES1,HES2(...),Creb3l2,CREB3L4	Cluster_47 BHLHE22(var.2),SNAI1,Tcf12(...),ASCL1,Ascl2,BHLHA15(var.2)(...),GRHL2,SCRT1,SCRT2	Cluster_37 CEBPA,CEBPB,CEBPD(...),CREB1	Cluster_67 CTCFL,Plagl1,PLAGL2,CTCF	MPP3_MA1480.1 DPRX	MPP3_Cluster_35 E2F1,E2F2,E2F4(...)	Cluster_61 E2F6,KLF15,TFDP1,MAZ,ZNF148,ZNF263	Cluster_69 EBF1,Ebf2,EBF3,TFAP2A,TFAP2A(var.2),TFAP2B(...)	Cluster_60 EGR1,EGR2,EGR3(...),Wt1,Znf281,ZNF740	Cluster_26 ELF2,ELK1,ELK3(...),EHF,ELF1,ELF3(...),SPI1,SPIB,ZKSCAN5(...)	Cluster_15 FOXG1,FOXI1,FOXL1(...),FOXA1,FOXA2,FOXA3(...),FOXP3	MPP3_Cluster_4 GATA1,GATA1::TAL1,GATA2(...)	MPP3_Cluster_31 GLIS2,ZIC3,ZIC4	Cluster_56 HIC2,THAP1,Hic1,NFIA,NFIC	Cluster_64 HINFP,ZBTB14,NRF1	Cluster_59 Klf1,Klf12,KLF2(...),KLF10,KLF11,KLF13(...),ZNF682	Cluster_5 MSANTD3,ISL2,MSANTD3,NKX2-2(...)	MPP3_Cluster_18 MYB,OVOL2	Cluster_4 NFYA,NFYB,NFYC,GFI1,Gfi1b	Cluster_36 NR2C1,NR2C2(var.2),NR1I3,VDR,Nr2e1,NR4A1(...)	MPP3_Cluster_16 PAX1,PAX5,PAX9	Cluster_38 Pax2,Pax2	MPP3_MA0163.1 PLAG1	Cluster_12 POU3F4,POU5F1B,POU2F1,POU3F1,POU3F3(...)	Cluster_54 RBPJ,NFAT5,NFATC1,NFATC2(...)	MPP3_Cluster_22 REL,RELA	MPP3_MA1563.1 SOX18	MPP3_Cluster_24 TFAP2A(var.3),TFAP2B(var.3),TFAP2C(var.3)	MPP3_MA1573.1 THAP11	MPP3_Cluster_13 YY1,YY2,ZFP42	MPP3_MA0527.1 ZBTB33	MPP3_MA1583.1 ZFP57	MPP3_Cluster_38 Zfx,ZNF460	Cluster_17 ALX3,ARGFX,Dlx2(...),BARHL2,Dlx1,ESX1(...),BARX1,EMX1,EMX2(...)(...)	Cluster_9 Arid3a,Arid3b,TBP,MEF2A,MEF2B,MEF2C(...),ZNF384	MPP4_MA0602.1 Arid5a	Cluster_48 Atoh1,ATOH1(var.2),Bhlha15(...),ATOH7,BHLHE22,BHLHE23(...)	MPP4_Cluster_36 BACH1,BATF,BATF::JUN(...)	MPP4_Cluster_27 BARX2,HNF1A	Cluster_55 BCL6,STAT1,STAT3(...),Stat6	Cluster_19 CDX1,CDX2,CDX4(...),Hoxa11,HOXA9,HOXB9(...)	MPP4_Cluster_7 Dmrt1,DMRT3,DMRTA2(...)	Cluster_1 DUX4,PHOX2A,PHOX2B(...),Lhx3	MPP4_MA0041.1 Foxd3	Cluster_50 Hand1::Tcf3,Smad4,HSF2,HSF4,ZBTB12	MPP4_MA0109.1 HLTF	MPP4_Cluster_66 HMBOX1,ZNF652	MPP4_Cluster_68 IRF1,IRF2,IRF3(...)	MPP4_MA0619.1 LIN54	Cluster_45 MAF,Mafb,MAFF,MAFG(...)	Cluster_30 MEIS1,MEIS2,MEIS3(...),SMAD2::SMAD3::SMAD4	Cluster_20 MEIS1(var.2),MEIS2(var.2),PBX1(...),ONECUT1,ONECUT2,ONECUT3	Cluster_21 MYB,ZKSCAN1,OSR1,OSR2	MPP4_MA0164.1 Nr2e3	MPP4_Cluster_46 PKNOX2,TGIF2,TGIF2LX(...)	MPP4_Cluster_29 POU4F1,POU4F3	MPP4_MA0508.3 PRDM1	MPP4_MA1647.1 PRDM4	MPP4_Cluster_64 RFX1,RFX2,RFX3(...)	MPP4_MA1554.1 RFX7	MPP4_Cluster_8 Rhox11,ZBTB32	MPP4_MA0073.1 RREB1	Cluster_43 RUNX1,RUNX2,RUNX3,ZNF354C	MPP4_Cluster_4 SIX1,SIX2	Cluster_23 SOX10,SOX13,SOX15(...),SOX12,Sox5,SOX9(...)	MPP4_MA0111.1 Spz1	MPP4_Cluster_9 TCF7,TCF7L1,TCF7L2	MPP4_Cluster_44 TEAD1,TEAD2,TEAD3(...)	MPP4_MA1589.1 ZNF140	MPP4_MA1124.1 ZNF24
Cluster_41 Ahr::Arnt,EOMES,MGA,TBR1(...)	0.0	1.6468251969682335	0.7015561849739678	-0.5829837401692874	1.7206949542265513	0.7085643401304031	0.504835897743439	-0.5531151736895713	3.0937471223750816	0.2828673065002499	-1.3437947055751096	1.5586216866453184	3.7155839683284375	2.297495675739228	0.38939409957898574	3.6199260238082607	0.6809187531009959	-1.2385267809818166	0.7844138899201437	1.2129660649474163	-0.5741390465901492	4.203963018820361	2.2710272870868113	0.6411719045570732	0.5024138498327357	-0.11102015237778023	2.1803739683799295	0.3155910126520756	2.450958877064576	0.5206766085682322	0.9509766426697743	0.9649772337563692	0.7487390818560393	3.125543011406043	-0.41459325187416757	0.2546587122805083	-0.6165305603281266	1.1706031115484559	-0.47298779100838445	0.4813111034915084	0.9715473006711352	0.7883580674799626	-0.8261873505050619	-0.4143529759658219	-0.3373173807243742	-0.3224233514936022	1.1162028789269993	-0.23033097782335454	-2.643937840613002	-0.815229203249006	0.9715330909349027	-0.2448414856024385	-0.2710899124046614	2.361449995843681	0.21963808440285326	1.2488094056230459	0.19203185919994223	-1.13918160435319	1.7624132888748314	-0.02682304310086471	0.2786557383885549	-0.6692420606193902	-1.104882355240131	-1.2483307960013201	1.5695200855320257	-0.042583113688065166	2.236365879063532	2.37306200783107	0.7865414294815622	-0.8118313089504109	1.161637605029084
Cluster_40 Arnt,ARNT2,Arntl(...),ARNT::HIF1A,HES1,HES2(...),Creb3l2,CREB3L4	1.6468251969682335	0.0	5.665205977027143	1.33727275415288	18.870611883731875	1.6574901869120902	4.786606102408768	21.96862835463436	16.073265781702716	19.538266748309997	7.635872673934267	0.6841443113204003	3.34611490066089	17.321334520111566	1.277862820821127	25.73622573687669	24.613923873461943	1.1010942376945783	2.817212619309384	4.911839807203999	0.9378555813268814	6.331110436892793	8.235863211992971	16.708558193565356	0.957299025713362	2.0219626551895327	5.4414329265087	2.1558063145628736	15.07323239843294	4.633760782330659	6.953670538547613	13.999085334607113	6.696003788350923	25.010646317093585	0.22850988704318256	2.241997261910507	0.14118407079764567	3.1126274099941935	1.2443851910579358	0.8376672129716026	3.614050189721983	-0.3825806118608639	0.18922386349736814	-0.4102059123299479	0.0799973451773543	2.7494215998027136	1.6704455371441458	0.7385257828986925	2.1839822743880477	2.012883123631554	0.6509065172336023	5.053826142660565	0.5259247731977656	2.9519882726415694	2.264401060216815	2.804476295320452	2.355238755658963	2.3321627328005623	1.8936619139544124	2.10358346704126	2.593664290018009	0.42876425292140347	3.6614718029324855	0.4709969682024297	4.131254922772395	0.3092252428678788	4.763737601775401	-0.28834321056003887	0.5731156091184149	4.354369517782059	1.8603723168235138
Cluster_47 BHLHE22(var.2),SNAI1,Tcf12(...),ASCL1,Ascl2,BHLHA15(var.2)(...),GRHL2,SCRT1,SCRT2	0.7015561849739678	5.665205977027143	0.0	-0.18631448180898333	5.77659763188386	1.7837708008843103	-0.034351356972070396	9.50425317123796	12.130804618100441	7.481076779869348	0.8039264858467847	2.869374497737773	8.13830936687936	5.29592200131593	0.18382634583270355	13.499506191705368	9.824854247750968	1.6183670892732855	0.802582610679733	2.6897218182038056	1.5138948783109751	5.59210263273994	3.7285283179084816	6.772934652701853	1.8654880038559845	2.017988379616139	3.400572319374097	1.7141388239759257	8.635311886525571	2.8410246713442677	4.567266815494122	4.478465831293645	5.302624286509237	12.777305195460176	1.059806584718434	-0.42840363110119967	0.47728611659484205	5.75791981229053	0.14155224796318447	2.1635891708412034	2.644538009493944	0.3419509889580891	1.457096547702811	0.170231973149525	3.2924809301851736	0.9669320516875126	4.2515283140233455	2.2583150182227447	-0.9276096657528892	1.2162775447764436	2.2059768213927766	4.9669795491939075	-0.5321110344215974	3.304716092535165	3.016208035602276	3.28298066550626	0.5563124922264061	1.2491659238942692	2.8734448851151364	2.457781513988709	1.1646156668158087	-0.8086173603321514	0.8380045823638497	0.18121135786616516	2.3984403622157386	1.0735259265715713	3.9999106575393633	3.6723613069592913	1.4162310465100794	2.625212179481313	0.36210138182491614
Cluster_37 CEBPA,CEBPB,CEBPD(...),CREB1	-0.5829837401692874	1.33727275415288	-0.18631448180898333	0.0	0.42806486438626934	0.044332354968028335	-1.0544241673691759	0.8717697569796938	1.5859069142588205	1.4790191122637417	-1.034299597145256	1.191375892681173	5.697185272632319	-0.1789765966110692	0.6813637274550515	5.947293467077811	0.9590698995161566	1.0841169354655478	-0.240557384538568	0.5164415550333554	1.2573166839768692	0.6465174854526886	0.6376225697750552	0.925825784619296	1.168102245882504	-0.8906748426867336	-0.031175166944863844	0.652232133691444	1.890122439573796	1.6786662953922413	0.6418563733261047	0.8196255531287328	0.8576281674977299	1.8481961296393887	1.3250156319481023	0.4669306810034279	0.06409557744994926	0.3091106534042968	1.7842529161523666	0.03885309077926791	1.2984036263676304	2.363075928687394	-0.5212255735581353	0.3999720613286169	0.5331518784415006	2.178643302338363	0.47133399545326254	-0.04075503420813559	1.2872956619732174	1.1328145614637686	0.6656920608280574	0.6985822367731941	1.8703741290724984	1.3312974397804325	2.3266777793340783	2.3819022955083584	0.8869752894950615	0.7172839646197177	-0.08739638526686705	0.9659402583367438	1.7420667197080868	-0.27036549906884494	-0.7667914902986871	-1.106428747467188	0.4001139784287803	-1.2892143395786675	1.834191908139603	0.02747047610998877	-0.5069626912967287	-0.8382548184148189	1.2276958644497475
Cluster_67 CTCFL,Plagl1,PLAGL2,CTCF	1.7206949542265513	18.870611883731875	5.77659763188386	0.42806486438626934	0.0	1.7207035906678767	2.8284991938717936	27.800064745943107	23.005679472071982	28.019892163082638	9.930211857357301	-0.07532640522645656	4.704588057511521	18.8090941656333	0.5805888198704783	30.370145353689722	33.119693417043806	0.6357873132942777	5.513971824033732	5.620422009603164	-0.9058570295223259	7.809322636462094	7.465899327533078	15.506549173365045	0.9601608671469007	-0.5327209555385012	7.213216803811448	1.1755928375123554	20.102465855921736	5.009704816046696	8.234040700215713	16.35810522783786	12.316125798532465	29.212145587149	-0.7231914159489661	-0.5195077619222414	0.26125581498929396	2.2266336202312647	1.537907957339412	-0.2011689737720665	3.1554161107864704	-0.23598381726119472	-0.22115054305117002	-0.5396809255509705	0.4649544858351012	2.971045009793845	2.219246276956268	1.387258505746916	-0.7511529287704396	0.05755152898462929	0.08946824124886459	5.466624070037998	-0.92858100852471	0.9542717861432609	0.16898928991719284	3.3170087607677226	0.20994203651760396	0.4530764776232756	0.6871968712094367	4.323019789359692	1.4417354692864395	-1.7601992531528297	7.350882818112162	-0.42149560680061815	2.2379847555240597	2.1754884694358796	3.110609466486806	1.1749319149811528	0.9514861362938631	4.437329984154417	1.299010985773033
MPP3_MA1480.1 DPRX	0.7085643401304031	1.6574901869120902	1.7837708008843103	0.044332354968028335	1.7207035906678767	0.0	0.7360152228916772	1.4408145792032263	4.6176777333966905	3.444493082255639	0.6407216825083156	-0.16056552207879013	2.885767363802871	0.30033909469113035	0.0003108070031295497	2.478039021226497	3.86918827556604	-0.08948496431661036	-0.40267195669416156	-0.10868452082392804	0.27882414411582057	0.8372270952634555	-0.18556407371398648	0.7880595273928435	-0.07397189566476235	-0.7471805173336968	2.2976432107919287	0.7957793281217588	0.9849889040016172	0.3946785088431264	0.28870987990355906	0.8816923804520655	0.5839026184624282	4.917085559277617	0.6583834026495675	0.1159346200710098	0.4577886793401969	1.2119985048225856	1.1019374567374318	2.243667760292719	-0.19237944295540846	1.1873381508679242	0.7120014378399302	0.09041361476717495	3.069582737349254	-0.308258063652439	-0.28744799598600296	-0.18169812967718835	1.1346734699082206	1.4567120616494638	0.7541574294236147	1.9332614081122974	-0.7215177758691536	0.41355452483833055	0.21878275093109162	0.7514577324118624	-0.577191830922923	-0.05998199571138211	-0.8031211535960309	-0.02810344705674179	0.0801021933411802	0.29394644612383514	1.0972243686077925	0.1556909317951733	0.8542481030331329	0.45268873801878706	1.1260950940026495	0.7146931879471313	-0.7219760778612567	0.40946055754567173	-0.5989039281477944
MPP3_Cluster_35 E2F1,E2F2,E2F4(...)	0.504835897743439	4.786606102408768	-0.034351356972070396	-1.0544241673691759	2.8284991938717936	0.7360152228916772	0.0	5.972101265681977	5.47122301460203	6.403458720730835	1.425271844856408	0.6468581247954021	0.5538063011744634	2.6541831624133874	-0.0015654922779558043	7.928163984455024	7.351774272291616	0.24249042742242452	2.0087583509504956	-0.4485634193878844	0.10145416598187572	1.069099509644763	1.5069995589528158	4.908102978921374	-0.19399070969178184	0.12668476296247816	2.429497764795607	1.8187960818706763	4.772430336607247	0.9075759756536106	2.3441611780768445	3.3457090396767986	2.538417499256898	7.479674470172447	-0.36430718694225145	-0.5909014670377822	-0.1969142089560155	-0.5470815625707757	0.26415090480377235	-0.2829221235088556	0.9241825460497702	-0.4616584472163229	0.23536064405215232	-0.0810498172072898	-0.2599256720261322	-0.7632482473661406	-0.12360039582977862	0.4596655293510721	-0.7454813276876934	1.059489728188796	1.4627049612060485	-0.8611024365590855	-0.41299851232744655	-0.6817668195601893	-0.2855701265042666	-0.7737106823756088	-0.4472943306012342	0.5413437896750221	-1.2631363580954493	-0.38053000503494155	-0.6431045099616761	-0.1513772350504577	1.7782121272324567	-0.1481320717759504	0.2921936253564484	0.7231669384687881	1.6165130673313013	-0.3727489995285905	0.1330071503493863	-0.3412506762413439	-0.35097535221396664
Cluster_61 E2F6,KLF15,TFDP1,MAZ,ZNF148,ZNF263	-0.5531151736895713	21.96862835463436	9.50425317123796	0.8717697569796938	27.800064745943107	1.4408145792032263	5.972101265681977	0.0	21.862691666388063	7.228997076733861	2.6657022051865713	2.7835800715192778	7.436360700453162	19.049191562704443	2.1019136922119728	30.194724673810367	21.625234211148207	2.3910903821075467	4.042831499033875	6.208608800323951	0.5798248376081783	11.975559034938968	7.474437866636922	2.0615327866534257	1.285174798237082	2.2100022240746213	7.982125739626883	2.2372520345267457	19.065689266705682	6.42332429039391	9.544975478999588	17.576499648025298	11.711423472828427	28.279134686632514	1.2325104940792475	0.13083400174216417	0.16612951067536866	4.968006881882646	-0.09270714548727271	0.09026220683672619	3.397420908851577	0.07721508187243144	0.18906449238572873	0.1124155257458804	0.2363214496968749	2.735021674613849	2.625988648137979	1.518848960016856	-1.5281264985011662	1.3817821296627386	0.8788659091346768	5.977064053260785	-0.9047124638402664	1.7603335486489915	2.366889014271896	4.802909654959703	0.1624245671852987	-1.5437848065102615	-0.48889583048158963	2.869264084249334	2.297656951521612	0.517603573497232	1.3971878615107622	-0.29396249002181213	2.6138671835536855	2.8046093264119714	4.222093953761109	1.5501706585250687	2.1330981326154252	8.015842872886227	2.9537390893886513
Cluster_69 EBF1,Ebf2,EBF3,TFAP2A,TFAP2A(var.2),TFAP2B(...)	3.0937471223750816	16.073265781702716	12.130804618100441	1.5859069142588205	23.005679472071982	4.6176777333966905	5.47122301460203	21.862691666388063	0.0	21.85472384258541	9.25135728116734	2.231727535530029	8.821555701172864	17.951641648788847	4.414167478663705	27.05987595940333	29.44448543178654	2.7528198845151506	6.039223097495122	7.212204198684166	2.9553967703745356	13.155941172123187	8.481108859242322	18.987205106696358	1.0878392917614892	3.9288506936258685	8.271285127968817	3.785293697186535	17.707006256304158	8.640880918125669	9.131807252828294	13.78777253986623	9.724948474759241	27.348446842285018	2.1895427944870143	2.0854254416572027	0.5009452917175558	11.022419026346538	2.398423605652007	1.1647695358226804	5.6287893103526745	-0.6902976269402014	1.8347855648280953	-0.025548574414703804	1.965093520335819	3.1401453968381676	4.429169135766359	4.638341274341429	0.37306286895325397	2.188229882211453	3.0543905848817325	7.121274875183265	0.24441838775552396	5.423781274217325	3.911711175829502	5.556094155258998	-0.233252941372338	3.3647347716323432	3.6600202643173985	4.160901077739476	3.9528426735720323	1.9103291126840707	7.776063892180884	1.6932990451866539	3.723684495210723	4.105499076344553	6.389977104916881	5.11361408716116	3.098775413115258	5.9272666008997685	1.7629656472606094
Cluster_60 EGR1,EGR2,EGR3(...),Wt1,Znf281,ZNF740	0.2828673065002499	19.538266748309997	7.481076779869348	1.4790191122637417	28.019892163082638	3.444493082255639	6.403458720730835	7.228997076733861	21.85472384258541	0.0	6.396325050840459	2.457490241435796	5.634334846547838	19.921721054462783	2.6454223600845266	25.857798885620426	24.020706203880902	0.09209642674500122	4.839834905339465	6.973499340300888	1.726465593577189	12.589654957644932	8.985332789078532	1.888266856392076	1.5665317394655343	2.3667197781205624	8.100254428760733	5.023780291017408	20.258083120411413	7.215851249716475	11.143395442722365	18.46804703664934	13.399053975086265	27.707791290207354	1.3240579541965007	1.5601535315052557	-0.02571276153741534	5.340904646541189	1.3259797773808628	0.32443653600953476	4.295727706101371	-0.7103259558319759	2.6099181672759166	0.2945765943336391	0.5556733087509096	3.07127604178323	2.385268135706727	2.473986722739262	-0.7949445993725028	0.5577010829428052	0.7302214728994928	6.858659980925498	0.83161976317555	4.838243968459902	1.5312832949575825	6.626681355026097	1.3483553647383926	-1.1659399563261295	1.0590364064076128	3.9133492162872265	4.235252056598544	0.06482757697782382	-0.439669787541275	-0.24646762620023205	2.0458893135029794	2.4426135875348303	5.608311658461978	0.5820158675799798	2.55478804071957	7.847975616842822	2.28754375542659
Cluster_26 ELF2,ELK1,ELK3(...),EHF,ELF1,ELF3(...),SPI1,SPIB,ZKSCAN5(...)	-1.3437947055751096	7.635872673934267	0.8039264858467847	-1.034299597145256	9.930211857357301	0.6407216825083156	1.425271844856408	2.6657022051865713	9.25135728116734	6.396325050840459	0.0	-0.22085656318306476	11.37666072375068	4.62659063067949	-0.6236862607420947	16.01316793754319	8.014944583515968	-0.5181932310160016	1.1531366065298896	-0.1359806797288789	-1.173486058548483	4.74092479726098	2.097900582627866	1.4714742913239967	-0.6971522826025128	-0.415881514605778	2.209524443599635	0.7434648583954373	7.193491350030806	-0.3593542842719999	0.03191565804025578	5.918388211408308	-0.49953178682442273	11.773536409160638	-0.2420467966524835	-2.59127479708763	-1.4063190710692846	-0.48802780349109237	-2.6616403963856854	0.0667628338558566	0.32596723524692595	-2.0607951733171967	-1.353663714717616	1.1340702715468702	0.14142123841024795	-1.0926071281804424	2.955413357773499	0.693652966966564	-5.349151143987215	-1.309618780104371	0.1016245079160427	-0.20877469143695604	-1.5863336614290207	-0.6714239396486064	-1.0596647326540671	0.7100371169583761	-0.9397950287134963	-2.403681723148156	-2.1852368280675423	-1.631473414373737	-0.5562972990380498	-0.6767157609122915	-1.7223085785095378	-5.875420409311573	-1.1742967166652851	0.6358432463343247	-2.5608703649853393	-1.9503788314469666	0.2675124782775226	-0.11116890067848288	-1.653425700285912
Cluster_15 FOXG1,FOXI1,FOXL1(...),FOXA1,FOXA2,FOXA3(...),FOXP3	1.5586216866453184	0.6841443113204003	2.869374497737773	1.191375892681173	-0.07532640522645656	-0.16056552207879013	0.6468581247954021	2.7835800715192778	2.231727535530029	2.457490241435796	-0.22085656318306476	0.0	3.6595273893576303	1.8921922070675072	0.3962405585869755	2.1602368212322647	3.4279848918787263	0.4092643266057178	-0.20452850224902394	0.6073483240860892	-0.37231286066595837	0.3585352282868168	-0.2765176738965317	1.8932297310391302	1.368124564029438	0.25824790447323775	0.973569389178898	1.2507219308579884	4.143415146677535	0.09335001322181719	2.515066215906814	1.5114751706185836	0.4497555700776408	3.462685046232561	0.34194793262413203	-0.7533618754345189	-1.043768728785615	1.2855187470637162	0.6380012957763678	0.40591603564704715	2.5788245795430305	-0.44630647470002954	0.44685693686968475	-0.5000685783748821	-0.14287396488709136	-0.21466797303974045	1.0181721633716145	-0.8722752482495273	-0.8989732287709368	-0.29883255494030403	1.1665148790382376	0.23178183363711943	-0.5961358405549444	0.9832253535776017	1.388685196460716	0.372335515217425	1.576143491884106	0.32462597255110914	1.8965961736163337	2.0638158334772867	0.5503248498932015	0.4131776870832944	-1.3018505888878749	-0.26019439119011956	0.409219423922635	0.6787930129184554	-0.7104922165201875	1.8428628781837688	0.5743322181101963	-0.10993195404106373	1.2381241151276352
MPP3_Cluster_4 GATA1,GATA1::TAL1,GATA2(...)	3.7155839683284375	3.34611490066089	8.13830936687936	5.697185272632319	4.704588057511521	2.885767363802871	0.5538063011744634	7.436360700453162	8.821555701172864	5.634334846547838	11.37666072375068	3.6595273893576303	0.0	1.805134642768454	6.127722695092168	5.173734737195168	9.821023549180257	4.835876365722748	2.592786359615767	3.239073853363349	3.2947453496058046	2.749007178947234	1.72430996265564	7.628090892600062	2.587778032526056	1.959074690617504	4.004363446311152	4.576498712537361	6.261403926198558	4.639612775578367	3.668378399030647	1.27219569245659	1.9140269034699822	10.642204477952761	4.328454661989197	4.264132769051097	-0.5110805223627979	5.828351185210152	5.643147394892529	5.010732335705681	3.81619440694125	0.19138986526199875	2.8230635197312433	2.7412226880771904	3.3018263699518107	1.6837323146755	13.134433206200974	3.507792105864913	2.1681638698919996	0.2666542655681203	5.2315990020753205	2.985561810396489	1.8791841509401586	6.8990271331412725	3.727151199710486	5.070545361569441	3.149058958267933	4.909637019564922	7.530853420292794	3.085487475559923	4.353827598264005	2.043092647169211	3.889279563916864	7.2448128161482535	3.631558288195857	4.469372455141429	5.65076467322747	4.376544510987834	2.864150043094904	3.3638861393607873	1.6843997675429034
MPP3_Cluster_31 GLIS2,ZIC3,ZIC4	2.297495675739228	17.321334520111566	5.29592200131593	-0.1789765966110692	18.8090941656333	0.30033909469113035	2.6541831624133874	19.049191562704443	17.951641648788847	19.921721054462783	4.62659063067949	1.8921922070675072	1.805134642768454	0.0	0.19411309188453935	26.269801718784358	26.220335394350183	0.1839658678505977	2.615306450342937	3.421563576541435	0.42752148085128683	6.850617814137656	8.866120028701037	10.80938731455346	0.2239059570698814	0.7837021219140743	5.528906656908747	0.5096157479897404	16.49854786887352	2.753476834601962	6.390369334253739	10.475660081697907	9.94079376576574	25.822304974079344	-0.3143703551647437	1.0192799680106515	0.09605103513981646	3.2651852674884756	-0.4810642019494294	0.3074064329817385	0.36624286697583563	-0.28946104745284784	0.9831690337020913	-0.2155392891138281	1.158455672859834	3.2610593241289316	2.8457821489237114	1.5301510352731413	0.7080175781636704	0.8346760541427296	1.0844940297667571	4.886465559898726	-0.8087810445157037	2.345066893016737	-0.10018112469738341	2.6184484979680143	1.0577828765942499	-0.16488429692845186	1.3806229236084457	2.0880500925836376	0.8349989477920879	-0.44758362355608616	4.79415871425834	-0.5508753407204557	1.2690391810408206	0.8268402216467317	2.9187693862305117	1.1414815627520485	1.6407744680621772	1.5401461224093538	1.4854889891596228
Cluster_56 HIC2,THAP1,Hic1,NFIA,NFIC	0.38939409957898574	1.277862820821127	0.18382634583270355	0.6813637274550515	0.5805888198704783	0.0003108070031295497	-0.0015654922779558043	2.1019136922119728	4.414167478663705	2.6454223600845266	-0.6236862607420947	0.3962405585869755	6.127722695092168	0.19411309188453935	0.0	4.544868066271812	5.543936079392101	2.87019057702698	1.2188794312947935	0.32534721834152797	0.23855816678394703	1.6916960012686169	0.5256808584444288	0.3667718653230872	-0.9556604011573515	-0.9542257079646229	0.43080980644910505	-0.11290570553310995	3.2491976439331953	0.8847887357225614	2.6090928544135097	2.360921142509782	0.527507906201846	2.5211660919368297	1.9280163079548025	-1.0139809103401625	-0.014681280557168372	0.14042958917611048	-0.9575804867521169	-0.8141472924360561	2.084371530612068	-1.3986143240955398	-0.27012223184910833	-0.17507010267030726	-0.63225327194544	0.19656411690994172	1.9218948692452484	0.21793891143264463	-1.198695932458744	0.17552770297409556	-0.08025724041552997	0.27931984681704985	0.488004076275306	-1.3592277569907147	1.387620396023721	1.9085819598013847	0.9522932000983654	0.10524809334797043	0.603766359995499	1.3249742187022635	0.7252869656699042	-0.4926812281712152	-0.6803285152226896	-1.8551902138120024	-0.7501807146292898	1.5987047600469202	0.39902779088734097	0.34201992309573975	1.7216569669895063	-0.14875048463264987	-0.20624336894343523
Cluster_64 HINFP,ZBTB14,NRF1	3.6199260238082607	25.73622573687669	13.499506191705368	5.947293467077811	30.370145353689722	2.478039021226497	7.928163984455024	30.194724673810367	27.05987595940333	25.857798885620426	16.01316793754319	2.1602368212322647	5.173734737195168	26.269801718784358	4.544868066271812	0.0	35.17369090352785	1.406287973622024	6.412796629077654	10.855780817335054	3.0915385511348026	14.288738893391338	11.363890741850785	23.040805359202817	0.5996035718103565	3.2782833734554004	11.143830989910812	4.6345711442155375	24.59426914044385	9.472083863407471	14.822650042713088	20.386341987698987	15.60407139015354	32.873501711197434	1.4635381575873145	3.7787383497767655	1.5836845749416517	6.860492510683623	1.0189000744955883	0.7055024596459218	6.137541948844946	1.1813755084317383	2.181952937533735	1.0201783372640854	4.3148895779867855	5.473944155158903	3.4807315124378233	1.9700536374155195	4.506570428658421	3.191551874722667	4.729048136698205	10.858277515313322	1.8336593096622351	7.683399432047036	1.0527765237161324	5.597828696627568	3.328989521487428	3.7882967442903555	5.113595445967633	5.809852519344398	5.552129425886734	0.7071853541312152	4.420156071552874	0.40164316716116266	2.2737758935812793	2.931162740730443	6.689006513443799	2.4503360224559563	4.794914422855595	9.279238025180264	4.042245002170236
Cluster_59 Klf1,Klf12,KLF2(...),KLF10,KLF11,KLF13(...),ZNF682	0.6809187531009959	24.613923873461943	9.824854247750968	0.9590698995161566	33.119693417043806	3.86918827556604	7.351774272291616	21.625234211148207	29.44448543178654	24.020706203880902	8.014944583515968	3.4279848918787263	9.821023549180257	26.220335394350183	5.543936079392101	35.17369090352785	0.0	1.2809203083227978	6.309846021494655	9.447023379696693	1.2919351915337232	13.364605622234999	10.839771242162376	13.99542115217674	2.28753873510768	4.131142224833986	10.603436375159166	4.418821560136835	26.900989474567577	7.534806822526948	10.252662874174396	19.640455573603695	12.386747109524721	37.84532716920565	2.4013857929680573	0.6707142055819757	0.6919270792152686	6.981708170378255	3.909582809438461	0.9332965822064966	6.078296548676078	1.4084538327149918	2.4831321035455236	1.7549107093491263	1.7433189643758482	3.242827039927994	4.50574815394127	2.5135617309277456	0.8264689206417372	1.3575140544732747	1.7641969331101848	8.37336983510579	2.441639762967286	6.979432252431289	1.7372619913539455	5.902354806897316	2.550106952493475	1.0472588485360954	5.069540828837655	3.9219957365637517	5.416329910948308	2.3397513572362874	4.3935152727684645	0.056400388780775836	2.297282693339451	2.6820490011336697	8.971547873878524	1.333426361609232	3.4093688821108	8.747180489636749	5.53797428385787
Cluster_5 MSANTD3,ISL2,MSANTD3,NKX2-2(...)	-1.2385267809818166	1.1010942376945783	1.6183670892732855	1.0841169354655478	0.6357873132942777	-0.08948496431661036	0.24249042742242452	2.3910903821075467	2.7528198845151506	0.09209642674500122	-0.5181932310160016	0.4092643266057178	4.835876365722748	0.1839658678505977	2.87019057702698	1.406287973622024	1.2809203083227978	0.0	-0.2707738374123469	-0.47709559932180623	0.35013570843188213	2.075417067226651	1.1574075800987922	2.0215716307054308	-0.6636791899906744	-0.28871680276203465	1.8137108344650772	0.19581714826209737	1.7816813125148205	0.08175494509915314	-0.0922591749944913	1.6541225067968444	-0.3184709123023976	3.653314372458512	0.8302020103354015	0.27765368267313656	0.2978941878717157	-0.9745625186731781	-0.3650133875322004	-0.16533943354339703	1.30143964239865	-0.18826611868696774	-0.39593209058101836	-0.05049983583606545	-0.9477081354219326	-0.4419190162739406	0.6146468416075239	0.628670284189312	-0.285172277594542	0.06499430075267211	-0.0714179491910765	0.24327113401532852	-0.7382355844126341	0.9184280844525923	-0.3259288549750576	0.8898478710436417	0.15365375311902485	-0.633506109819685	0.31596001576876676	-0.18335685538606591	-0.7692123012012507	0.020498141337098767	-0.699933506796478	-0.21319788966097322	1.2260477522715443	-1.291504370679524	0.5200491795336938	-0.9383324717376966	0.31846102450456626	0.5884123540297549	1.771746165226679
MPP3_Cluster_18 MYB,OVOL2	0.7844138899201437	2.817212619309384	0.802582610679733	-0.240557384538568	5.513971824033732	-0.40267195669416156	2.0087583509504956	4.042831499033875	6.039223097495122	4.839834905339465	1.1531366065298896	-0.20452850224902394	2.592786359615767	2.615306450342937	1.2188794312947935	6.412796629077654	6.309846021494655	-0.2707738374123469	0.0	-0.014905530755752232	1.0092845338031087	2.98968718610651	2.443112968367742	2.104933186856633	2.000005637710236	0.8057464988384309	1.3052575208371437	-0.4926179121701564	1.7924539565859139	1.1907559715386282	2.5235763973430156	1.516384674808316	1.4780316168550858	5.455284740768895	0.4437973469096376	-0.6032585109489257	-0.18855225672875528	-0.05949701598865	1.3415964162842637	0.3893561539015016	1.6095589284956042	0.5221674397369761	1.0876314622031353	-0.17701035027898304	-0.1644454160387641	1.1032684108611104	-0.39237178893797486	-0.2545138529682522	1.844718104967558	-0.4153689255910701	-0.08148380437100083	-0.0253950262188396	0.15442055155527873	1.1155497197799618	-0.50416232554162	2.0599077332314013	1.2893634764165331	-0.523270495397418	0.4551207696109028	0.9362152362255091	0.15806646308014846	-0.11137960415549869	0.4586278476825111	2.216096279808514	2.5950519660763214	0.7292503117137897	2.122503698343702	0.44843336434224884	0.46418471799824096	-0.9627118729142881	0.6147500409628719
Cluster_4 NFYA,NFYB,NFYC,GFI1,Gfi1b	1.2129660649474163	4.911839807203999	2.6897218182038056	0.5164415550333554	5.620422009603164	-0.10868452082392804	-0.4485634193878844	6.208608800323951	7.212204198684166	6.973499340300888	-0.1359806797288789	0.6073483240860892	3.239073853363349	3.421563576541435	0.32534721834152797	10.855780817335054	9.447023379696693	-0.47709559932180623	-0.014905530755752232	0.0	1.8459675332683245	3.261594014029995	3.7095201500630446	3.365199031898888	0.7719981136800746	2.02482466281921	0.5175444192280478	2.5007188511612606	5.878111831061539	2.4725683028702328	1.6656248477975375	2.855481771492763	1.0890878359221394	11.257487117642363	-0.32220379609181093	0.5966230948049379	1.0776886489982238	0.19184584658313333	0.963426597470965	0.2837173675595772	-0.19648288249380477	0.1665066266344878	0.39413982334154996	-0.2612171551194844	1.5519954143427463	0.5228665170340959	2.247189258020217	-0.8172880657687227	-0.19202422222642643	-0.1424750120214171	0.6167196711215671	2.194282861545739	-0.5171229222519397	0.844910708441808	0.34690995302536354	3.101476627663546	0.5659107495822867	0.6343342546699048	2.3378895499139927	0.3398987519237358	0.7154245037771754	-0.8435561947556908	0.22232335619628385	0.3074693497521589	-0.7862609971926636	0.7518553067884121	-0.5122498448033186	0.8815756348926853	0.840411317532448	2.4037083649103383	0.36136160038502474
Cluster_36 NR2C1,NR2C2(var.2),NR1I3,VDR,Nr2e1,NR4A1(...)	-0.5741390465901492	0.9378555813268814	1.5138948783109751	1.2573166839768692	-0.9058570295223259	0.27882414411582057	0.10145416598187572	0.5798248376081783	2.9553967703745356	1.726465593577189	-1.173486058548483	-0.37231286066595837	3.2947453496058046	0.42752148085128683	0.23855816678394703	3.0915385511348026	1.2919351915337232	0.35013570843188213	1.0092845338031087	1.8459675332683245	0.0	0.7973868266500427	0.9494311346864319	0.7883201102456684	0.17305432149559932	1.3853455841914977	1.36606279715847	1.1891988558220585	3.1165625984816634	-0.4312505535327405	0.08731900238580284	1.1847429742391045	-0.4330707958846062	1.78302630850821	0.9723074674727844	2.408477909872966	0.154001318027961	-0.09320524701818025	1.0803560090859505	0.8730551328268842	-0.965435164867972	0.5813441842275822	-0.21425368613230492	-0.014414033357262362	-0.7575646078833436	0.610202035361801	1.240913608816305	-0.5119781106123722	-1.4847130701203135	-0.6056703501883349	0.8011486205182401	-0.35504000011799747	-0.31219869893650026	0.7963870581622647	0.9728935218702441	0.008359646810975275	-0.3735731768416733	-1.1212163407178088	0.7300838496916888	-0.3813252682138304	0.07824711291584995	-0.7720992722819086	1.7330909172572666	0.7321313108759896	-0.5860099820455136	-0.5192560345202818	0.5099920911111034	-0.009467770236715113	1.0479560425722751	0.5945692132548076	-1.1296176312225485
MPP3_Cluster_16 PAX1,PAX5,PAX9	4.203963018820361	6.331110436892793	5.59210263273994	0.6465174854526886	7.809322636462094	0.8372270952634555	1.069099509644763	11.975559034938968	13.155941172123187	12.589654957644932	4.74092479726098	0.3585352282868168	2.749007178947234	6.850617814137656	1.6916960012686169	14.288738893391338	13.364605622234999	2.075417067226651	2.98968718610651	3.261594014029995	0.7973868266500427	0.0	6.1071067334578295	6.89329704471967	0.979781047893026	0.06861221639091658	5.057735163545332	0.758471748629727	6.552119895256595	3.7137492721441228	5.8549506284279484	5.524574356295039	3.360356778599676	12.647049346383366	-0.688292917146532	-0.48991373669990174	0.023425329670388333	5.5258785145071005	2.0517548879943606	2.2540326094479948	1.012425847533359	0.18066630574878453	1.469231734753442	0.552344672461091	0.9242283431797119	1.8817282753508666	1.5679335445180094	0.8057396016837959	1.5114248385485634	0.25730515171512536	2.526892472292928	4.3420713188257745	-0.14659107049105286	4.114763552435419	1.646290044609303	2.287150400996591	0.04010985119892275	0.29340317171998825	3.15570042430929	1.4829394816580694	-0.030238382291574294	0.6554291062486515	3.217370855730604	1.2224219627523678	0.9300286390365943	1.3219520475554691	4.923718290725028	1.4895114543442514	1.2415784701560286	3.2449743915102216	2.5426261672250208
Cluster_38 Pax2,Pax2	2.2710272870868113	8.235863211992971	3.7285283179084816	0.6376225697750552	7.465899327533078	-0.18556407371398648	1.5069995589528158	7.474437866636922	8.481108859242322	8.985332789078532	2.097900582627866	-0.2765176738965317	1.72430996265564	8.866120028701037	0.5256808584444288	11.363890741850785	10.839771242162376	1.1574075800987922	2.443112968367742	3.7095201500630446	0.9494311346864319	6.1071067334578295	0.0	6.257485872396263	0.6599231155261985	1.830595552815004	2.131524220121901	0.986470811485346	5.13770910672361	1.4320158807027052	0.0625637552284167	4.217267342146693	2.897613395177816	10.617682046045521	0.22489876936931708	0.9936525877325957	-0.38516437900680095	0.34529130800907	1.7147326299994472	-0.11798375801334995	0.6537938047204073	0.9770744815105509	-0.1389195462208522	0.6416114262645707	0.8155282546683017	0.558448737093361	1.694400470638309	0.5652747624550746	0.4884811150767119	-0.2286050643803402	-0.2937136581926725	3.9757098621711795	0.748831666140415	1.9313260159995755	-0.8091021871190086	1.1201226497540548	0.2370872966047959	-0.38861899464058863	0.2521570597233814	1.1195968730799235	-0.3716336861134409	-0.49928980690377234	1.6011284796266738	0.3898671205463465	3.039275081125036	1.237353076791111	1.9982099476138218	1.2758827237883539	-0.5490599801499919	0.16837774891140986	-0.12714650270900038
MPP3_MA0163.1 PLAG1	0.6411719045570732	16.708558193565356	6.772934652701853	0.925825784619296	15.506549173365045	0.7880595273928435	4.908102978921374	2.0615327866534257	18.987205106696358	1.888266856392076	1.4714742913239967	1.8932297310391302	7.628090892600062	10.80938731455346	0.3667718653230872	23.040805359202817	13.99542115217674	2.0215716307054308	2.104933186856633	3.365199031898888	0.7883201102456684	6.89329704471967	6.257485872396263	0.0	1.8530924806587814	2.183859324399302	3.864777969378973	4.8635020534798565	16.241993189895247	3.0171678729502873	6.732285897633445	13.729513045189162	7.839432766620312	20.641118883034416	1.3966163377789595	2.593402322617191	-0.38945830962338895	3.641978882808677	1.0020810037015668	-0.022716646496693336	3.9563535737458193	-0.5724527305915735	-0.37492605671861307	0.7786969159081453	-0.395942843914861	1.0601786694116075	4.40357763257542	1.8421741554772846	-0.8602448948564236	0.49463131905399255	0.2038001778736001	4.679866217186226	0.09508540860324495	2.0548021358597093	0.9176222655567188	5.319688841523859	0.1626381242926382	-1.5501763579314318	1.4675092684290603	2.0296850601837133	1.182858178789075	0.48672087159036426	0.2821687338405851	0.7884091290285985	0.24588657760415064	0.6786525443272428	1.97578218110965	1.3624971562091857	1.635773422410111	5.160519961809755	2.39235107906269
Cluster_12 POU3F4,POU5F1B,POU2F1,POU3F1,POU3F3(...)	0.5024138498327357	0.957299025713362	1.8654880038559845	1.168102245882504	0.9601608671469007	-0.07397189566476235	-0.19399070969178184	1.285174798237082	1.0878392917614892	1.5665317394655343	-0.6971522826025128	1.368124564029438	2.587778032526056	0.2239059570698814	-0.9556604011573515	0.5996035718103565	2.28753873510768	-0.6636791899906744	2.000005637710236	0.7719981136800746	0.17305432149559932	0.979781047893026	0.6599231155261985	1.8530924806587814	0.0	-0.6151839090463875	-0.34661273983464086	0.15831122015008217	1.6637399296060627	0.639202397236666	1.3151787033582232	-0.13880917073515364	0.38218159283800623	0.9792252622346861	0.10066959904664277	-0.3460645967585813	-0.3480478768316896	-1.0321971791399416	0.5639095506446813	0.024510241360286907	-0.5846493505933469	0.10671462419537162	-1.0664927103408568	0.015715806677041696	-0.7581381135799986	-0.3762089211960979	-0.4776954175369413	-0.5394898387305345	0.3201757298750319	-0.775114827592536	-0.6848358151198586	0.8209889207425443	-1.185392530838757	1.3102393694732255	1.6647336563826554	1.3284065572370074	-1.2891942333947348	-0.09227609150424747	0.3144325859981769	3.903511785170462	1.0002578158242066	-0.5047171571807421	-0.17866790664284019	-0.36360092931759	-0.6326588109761008	1.9660425024445298	-0.6519402751271008	0.16745712775558202	-1.2603492072218803	-0.3522462234847849	-0.6114776177709695
Cluster_54 RBPJ,NFAT5,NFATC1,NFATC2(...)	-0.11102015237778023	2.0219626551895327	2.017988379616139	-0.8906748426867336	-0.5327209555385012	-0.7471805173336968	0.12668476296247816	2.2100022240746213	3.9288506936258685	2.3667197781205624	-0.415881514605778	0.25824790447323775	1.959074690617504	0.7837021219140743	-0.9542257079646229	3.2782833734554004	4.131142224833986	-0.28871680276203465	0.8057464988384309	2.02482466281921	1.3853455841914977	0.06861221639091658	1.830595552815004	2.183859324399302	-0.6151839090463875	0.0	2.4066960210173316	0.3284724669685749	1.87984118811315	2.0288029624497628	-0.32648242671679506	2.0139793838939934	1.0937175515457378	3.331763447571529	-0.21330887632896214	1.2690350442756362	-0.27970577601097124	0.013991458209521385	0.533032815890821	0.6938964685779908	0.44179858806642586	-1.4424314570057215	0.2568903700766514	0.1827069765600714	-0.42606741373575235	0.6106590698059629	2.0463953540495434	-1.0214687185793179	-2.4611406513061884	-1.3126368316706016	0.07544501296917093	0.8581808147807494	-0.07453965024392793	0.08128723519195333	0.43496925388043	2.5724199052272794	0.003767219495682435	1.9493581018162371	0.731531771173887	-1.122397541983126	0.7095134577100124	0.29345573645282014	0.17454564916129964	-1.5841515622170212	-0.10230048949365797	0.18558723688033427	0.7764249057537986	0.7957702860169665	1.5068193280358104	0.15450771795008533	0.5374646591329674
MPP3_Cluster_22 REL,RELA	2.1803739683799295	5.4414329265087	3.400572319374097	-0.031175166944863844	7.213216803811448	2.2976432107919287	2.429497764795607	7.982125739626883	8.271285127968817	8.100254428760733	2.209524443599635	0.973569389178898	4.004363446311152	5.528906656908747	0.43080980644910505	11.143830989910812	10.603436375159166	1.8137108344650772	1.3052575208371437	0.5175444192280478	1.36606279715847	5.057735163545332	2.131524220121901	3.864777969378973	-0.34661273983464086	2.4066960210173316	0.0	-0.3187682523416829	6.540566387000856	1.5151501021344116	2.668998071331464	3.7726454767274906	3.680873658139804	8.809112500397436	0.42600048306669064	0.07319907389123444	0.382366896986765	1.709309133700823	0.2845291815090547	-0.34386921414175936	3.7474047583835297	-0.737757938444852	0.3709387829905745	0.4103721653811369	0.5162744413708785	3.2213882953253816	2.1568872039230307	1.4796032034126714	1.3874646626457778	-1.1786467002653862	0.9302901082026926	3.562561839808293	-0.9938783696265111	2.314573967318877	1.5456325946622207	1.9274973618476445	0.5233771071093791	0.49766434931896136	1.068055012933774	-0.5283869753241807	0.49703061178142277	0.9733523150501523	2.294430259033365	-1.4914173936043997	-0.468917615221426	1.594924055413304	1.9900826133963998	-0.20327217214987972	2.5953070173812147	0.6915079032576525	0.43124380999295914
