<!DOCTYPE HTML>
<html>
  <head>
    <meta charset="UTF-8">
    <title>AME results</title>
    <script type="text/javascript">
      //@JSON_VAR data
      var data = {
        "version": "5.1.1",
        "revision": "1ec0cac75da38ade3bb84e84d35520ca52977940",
        "release": "Wed Jan 29 15:00:42 2020 -0800",
        "program": "AME",
        "cmd": [
          "ame", "--o", "../../data/ATAC/output/ame_MPP3_WT", "--control",
          "../../data/ATAC/output/MPP3_KO.fna",
          "../../data/ATAC/output/MPP3_WT.fna",
          "../../LFS/genomeData/JASPAR_motifs.meme"
        ],
        "options": {
          "scoring": "avg_odds",
          "positive_list": "FASTA",
          "pvalue_method": "Fisher's exact test",
          "pseudocount": 0.1,
          "fisher_fasta_threshold": 0.001,
          "hit_lo_fraction": 0.25,
          "evalue_report_threshold": 10,
          "noseq": false,
          "log_fscores": false,
          "log_pwmscores": false,
          "linreg_switchxy": true,
          "fix_partition": true,
          "partition": "number of primary sequences",
          "kmer": 2
        },
        "motif_dbs": [
          {
            "source": "../../LFS/genomeData/JASPAR_motifs.meme",
            "count": 746
          }
        ],
        "alphabet": {
          "name": "DNA",
          "like": "dna",
          "ncore": 4,
          "symbols": [
            {
              "symbol": "A",
              "name": "Adenine",
              "colour": "CC0000",
              "complement": "T"
            }, {
              "symbol": "C",
              "name": "Cytosine",
              "colour": "0000CC",
              "complement": "G"
            }, {
              "symbol": "G",
              "name": "Guanine",
              "colour": "FFB300",
              "complement": "C"
            }, {
              "symbol": "T",
              "aliases": "U",
              "name": "Thymine",
              "colour": "008000",
              "complement": "A"
            }, {
              "symbol": "N",
              "aliases": "X.",
              "name": "Any base",
              "equals": "ACGT"
            }, {
              "symbol": "V",
              "name": "Not T",
              "equals": "ACG"
            }, {
              "symbol": "H",
              "name": "Not G",
              "equals": "ACT"
            }, {
              "symbol": "D",
              "name": "Not C",
              "equals": "AGT"
            }, {
              "symbol": "B",
              "name": "Not A",
              "equals": "CGT"
            }, {
              "symbol": "M",
              "name": "Amino",
              "equals": "AC"
            }, {
              "symbol": "R",
              "name": "Purine",
              "equals": "AG"
            }, {
              "symbol": "W",
              "name": "Weak",
              "equals": "AT"
            }, {
              "symbol": "S",
              "name": "Strong",
              "equals": "CG"
            }, {
              "symbol": "Y",
              "name": "Pyrimidine",
              "equals": "CT"
            }, {
              "symbol": "K",
              "name": "Keto",
              "equals": "GT"
            }
          ]
        },
        "background": {
          "source": "--sequences--",
          "file": "../../data/ATAC/output/MPP3_WT.fna",
          "frequencies": [0.232446, 0.267554, 0.267554, 0.232446]
        },
        "sequence_db": {
          "source": "../../data/ATAC/output/MPP3_WT.fna",
          "count": 410,
          "skipped": 0,
          "fasta_scores": false
        },
        "control_db": {
          "source": "../../data/ATAC/output/MPP3_KO.fna",
          "count": 49,
          "skipped": 0
        },
        "min_sequence_score": 2.6064e-27,
        "max_sequence_score": 82712.4,
        "max_median_sequence_score": 4.50306,
        "motifs": [
          {
            "db": 0,
            "id": "MA1100.2",
            "alt": "ASCL1",
            "len": 10,
            "motif_evalue": 0,
            "motif_nsites": 4414,
            "url": "http://jaspar.genereg.net/matrix/MA1100.2",
            "pwm": [
              [0.28704, 0.209788, 0.338693, 0.164479], 
              [0.252269, 0.0985288, 0.582255, 0.0669477], 
              [5.26599e-06, 0.996821, 6.06135e-06, 0.00316719], 
              [0.910257, 0.0323893, 0.0123818, 0.0449712], 
              [0.0166379, 0.20022, 0.685985, 0.0971581], 
              [0.112468, 0.680799, 0.203642, 0.0030902], 
              [0.0252397, 0.00513895, 0.0258825, 0.943739], 
              [0.011576, 6.06135e-06, 0.98196, 0.00645812], 
              [0.0327515, 0.567061, 0.150604, 0.249584], 
              [0.191028, 0.336957, 0.201451, 0.270563]
            ],
            "pos": 410,
            "neg": 49,
            "tp": 355,
            "fp": 11,
            "positive_thresh": 410,
            "true_positive_thresh": 1.01524,
            "number_of_tests": 366,
            "corrected_pvalue": "7.32e-18",
            "evalue": "5.46e-15"
          }, {
            "db": 0,
            "id": "MA1472.1",
            "alt": "BHLHA15(var.2)",
            "len": 10,
            "motif_evalue": 0,
            "motif_nsites": 1505,
            "url": "http://jaspar.genereg.net/matrix/MA1472.1",
            "pwm": [
              [0.463108, 0.186716, 0.237211, 0.112965], 
              [0.412212, 0.278951, 0.271599, 0.037237], 
              [0.0295735, 0.945867, 0.00379153, 0.0207691], 
              [0.881035, 0.0193485, 0.0193485, 0.0802681], 
              [0.00548208, 0.0149278, 0.747483, 0.232107], 
              [0.218997, 0.740126, 0.0354484, 0.00542808], 
              [0.0345841, 0.00257861, 1.77765e-05, 0.962819], 
              [1.54439e-05, 1.77765e-05, 0.999951, 1.54439e-05], 
              [0.0249218, 0.281364, 0.225557, 0.468157], 
              [0.134226, 0.272425, 0.209971, 0.383379]
            ],
            "pos": 410,
            "neg": 49,
            "tp": 318,
            "fp": 6,
            "positive_thresh": 410,
            "true_positive_thresh": 1.02543,
            "number_of_tests": 324,
            "corrected_pvalue": "5.98e-17",
            "evalue": "4.46e-14"
          }, {
            "db": 0,
            "id": "MA1620.1",
            "alt": "Ptf1a(var.3)",
            "len": 12,
            "motif_evalue": 0,
            "motif_nsites": 10291,
            "url": "http://jaspar.genereg.net/matrix/MA1620.1",
            "pwm": [
              [0.275386, 0.239918, 0.258867, 0.225828], 
              [0.253911, 0.359536, 0.231173, 0.155379], 
              [0.667278, 0.115442, 0.137014, 0.0802655], 
              [0.0178821, 0.960735, 0.0109825, 0.0103992], 
              [0.974923, 0.00583254, 0.00816452, 0.0110802], 
              [0.0112741, 0.83247, 0.114859, 0.0413969], 
              [0.024878, 0.934014, 0.0285713, 0.0125371], 
              [0.00826218, 0.00913651, 0.00952551, 0.973076], 
              [0.00661019, 0.0105945, 0.968995, 0.0138001], 
              [0.0512118, 0.156934, 0.147314, 0.64454], 
              [0.163056, 0.245554, 0.324652, 0.266738], 
              [0.222816, 0.291906, 0.212128, 0.273151]
            ],
            "pos": 410,
            "neg": 49,
            "tp": 304,
            "fp": 7,
            "positive_thresh": 410,
            "true_positive_thresh": 1.02806,
            "number_of_tests": 311,
            "corrected_pvalue": "8.81e-14",
            "evalue": "6.58e-11"
          }, {
            "db": 0,
            "id": "MA1604.1",
            "alt": "Ebf2",
            "len": 13,
            "motif_evalue": 0,
            "motif_nsites": 26261,
            "url": "http://jaspar.genereg.net/matrix/MA1604.1",
            "pwm": [
              [0.177868, 0.223525, 0.292373, 0.306234], 
              [0.122273, 0.274019, 0.122578, 0.481131], 
              [0.00746486, 0.970904, 0.014319, 0.00731186], 
              [0.0195358, 0.923497, 0.00986398, 0.0471047], 
              [0.0165648, 0.957196, 0.00921598, 0.0170218], 
              [0.732453, 0.142569, 0.0543398, 0.0706376], 
              [0.729407, 0.0512938, 0.138418, 0.0808806], 
              [0.0280648, 0.00910198, 0.955901, 0.00693086], 
              [0.0485897, 0.00837799, 0.928598, 0.0144328], 
              [0.0369757, 0.0220869, 0.918623, 0.0223148], 
              [0.830202, 0.0547208, 0.0647738, 0.0503037], 
              [0.269449, 0.291992, 0.262633, 0.175926], 
              [0.253875, 0.272571, 0.184037, 0.289517]
            ],
            "pos": 410,
            "neg": 49,
            "tp": 240,
            "fp": 1,
            "positive_thresh": 410,
            "true_positive_thresh": 1.5136,
            "number_of_tests": 259,
            "corrected_pvalue": "1.08e-13",
            "evalue": "8.03e-11"
          }, {
            "db": 0,
            "id": "MA0048.2",
            "alt": "NHLH1",
            "len": 10,
            "motif_evalue": 0,
            "motif_nsites": 3246,
            "url": "http://jaspar.genereg.net/matrix/MA0048.2",
            "pwm": [
              [0.24276, 0.667271, 0.0557675, 0.0342021], 
              [0.156379, 0.0607254, 0.734721, 0.0481737], 
              [0.00139012, 0.998594, 8.24232e-06, 7.16078e-06], 
              [0.998133, 0.0013902, 0.000469228, 7.16078e-06], 
              [7.16078e-06, 0.116626, 0.839192, 0.0441748], 
              [0.0402409, 0.907775, 0.0519766, 7.16078e-06], 
              [7.16078e-06, 0.00184819, 0.00184819, 0.996296], 
              [0.000927132, 0.00184919, 0.996757, 0.000467147], 
              [0.101583, 0.743293, 0.0350102, 0.120113], 
              [0.0655511, 0.156632, 0.460943, 0.316873]
            ],
            "pos": 410,
            "neg": 49,
            "tp": 253,
            "fp": 2,
            "positive_thresh": 410,
            "true_positive_thresh": 1.0367,
            "number_of_tests": 255,
            "corrected_pvalue": "1.20e-13",
            "evalue": "8.93e-11"
          }, {
            "db": 0,
            "id": "MA1635.1",
            "alt": "BHLHE22(var.2)",
            "len": 10,
            "motif_evalue": 0,
            "motif_nsites": 18356,
            "url": "http://jaspar.genereg.net/matrix/MA1635.1",
            "pwm": [
              [0.211702, 0.306221, 0.242264, 0.239813], 
              [0.242591, 0.278383, 0.395891, 0.0831348], 
              [1.26632e-06, 0.998634, 0.000600454, 0.000764262], 
              [0.995147, 0.00201745, 0.00283444, 1.26632e-06], 
              [5.5266e-05, 0.00288844, 0.996291, 0.000764262], 
              [0.000764262, 0.996291, 0.00288844, 5.5266e-05], 
              [1.26632e-06, 0.00283444, 0.00201745, 0.995147], 
              [0.000764262, 0.000818453, 0.998416, 1.26632e-06], 
              [0.0831348, 0.396, 0.278492, 0.242373], 
              [0.239595, 0.242264, 0.306439, 0.211702]
            ],
            "pos": 410,
            "neg": 49,
            "tp": 245,
            "fp": 2,
            "positive_thresh": 410,
            "true_positive_thresh": 2.74554,
            "number_of_tests": 254,
            "corrected_pvalue": "8.65e-13",
            "evalue": "6.46e-10"
          }, {
            "db": 0,
            "id": "MA0154.4",
            "alt": "EBF1",
            "len": 15,
            "motif_evalue": 0,
            "motif_nsites": 45425,
            "url": "http://jaspar.genereg.net/matrix/MA0154.4",
            "pwm": [
              [0.311723, 0.195223, 0.239758, 0.253297], 
              [0.251029, 0.210325, 0.296775, 0.241871], 
              [0.0517784, 0.0991964, 0.121013, 0.728012], 
              [0.0290814, 0.763125, 0.0422675, 0.165526], 
              [0.0125045, 0.952249, 0.00816757, 0.0270785], 
              [0.0142655, 0.936972, 0.00975257, 0.0390094], 
              [0.0558944, 0.873417, 0.0189765, 0.0517124], 
              [0.764886, 0.0375785, 0.0379315, 0.159604], 
              [0.0770943, 0.0179205, 0.852569, 0.0524164], 
              [0.0576114, 0.0108976, 0.916917, 0.0145735], 
              [0.0333524, 0.0100176, 0.941969, 0.0146625], 
              [0.194959, 0.0541995, 0.72121, 0.0296314], 
              [0.696444, 0.139901, 0.109125, 0.0545294], 
              [0.247199, 0.292768, 0.216951, 0.243082], 
              [0.262036, 0.238547, 0.201937, 0.297479]
            ],
            "pos": 410,
            "neg": 49,
            "tp": 244,
            "fp": 2,
            "positive_thresh": 410,
            "true_positive_thresh": 1.05001,
            "number_of_tests": 246,
            "corrected_pvalue": "1.07e-12",
            "evalue": "7.96e-10"
          }, {
            "db": 0,
            "id": "MA1637.1",
            "alt": "EBF3",
            "len": 13,
            "motif_evalue": 0,
            "motif_nsites": 22062,
            "url": "http://jaspar.genereg.net/matrix/MA1637.1",
            "pwm": [
              [0.173058, 0.23366, 0.276584, 0.316698], 
              [0.115222, 0.272323, 0.138157, 0.474299], 
              [0.00992801, 0.965322, 0.0163641, 0.00838602], 
              [0.017316, 0.937401, 0.0118312, 0.0334519], 
              [0.015231, 0.95263, 0.0146871, 0.017452], 
              [0.683934, 0.164718, 0.0650899, 0.0862577], 
              [0.721873, 0.052127, 0.152934, 0.0730677], 
              [0.0233439, 0.0117862, 0.960381, 0.00448803], 
              [0.0399339, 0.0104262, 0.933231, 0.016409], 
              [0.0257919, 0.0233441, 0.929876, 0.020987], 
              [0.755233, 0.0824498, 0.0899748, 0.0723427], 
              [0.298568, 0.277128, 0.262397, 0.161907], 
              [0.258, 0.248708, 0.206962, 0.286329]
            ],
            "pos": 410,
            "neg": 49,
            "tp": 227,
            "fp": 1,
            "positive_thresh": 410,
            "true_positive_thresh": 1.7732,
            "number_of_tests": 262,
            "corrected_pvalue": "2.34e-12",
            "evalue": "1.74e-9"
          }, {
            "db": 0,
            "id": "MA1621.1",
            "alt": "Rbpjl",
            "len": 14,
            "motif_evalue": 0,
            "motif_nsites": 9652,
            "url": "http://jaspar.genereg.net/matrix/MA1621.1",
            "pwm": [
              [0.207833, 0.298487, 0.256527, 0.237153], 
              [0.255491, 0.25145, 0.26409, 0.228968], 
              [0.349046, 0.322937, 0.186698, 0.141319], 
              [0.622147, 0.142251, 0.15458, 0.0810206], 
              [0.0144033, 0.960727, 0.0106737, 0.0141963], 
              [0.972433, 0.0072547, 0.0113997, 0.00891232], 
              [0.00870532, 0.884059, 0.0696251, 0.037611], 
              [0.0242462, 0.93296, 0.0328454, 0.00994831], 
              [0.00652934, 0.0149216, 0.0136786, 0.96487], 
              [0.0105703, 0.0135746, 0.963006, 0.0128493], 
              [0.0589538, 0.177995, 0.163801, 0.59925], 
              [0.15945, 0.336406, 0.278388, 0.225756], 
              [0.235495, 0.298798, 0.202861, 0.262847], 
              [0.215707, 0.311127, 0.236324, 0.236842]
            ],
            "pos": 410,
            "neg": 49,
            "tp": 297,
            "fp": 8,
            "positive_thresh": 410,
            "true_positive_thresh": 1.08417,
            "number_of_tests": 311,
            "corrected_pvalue": "7.58e-12",
            "evalue": "5.66e-9"
          }, {
            "db": 0,
            "id": "MA0500.2",
            "alt": "MYOG",
            "len": 12,
            "motif_evalue": 0,
            "motif_nsites": 22357,
            "url": "http://jaspar.genereg.net/matrix/MA0500.2",
            "pwm": [
              [0.23751, 0.285414, 0.250302, 0.226775], 
              [0.376973, 0.167912, 0.245248, 0.209867], 
              [0.320213, 0.12211, 0.482622, 0.0750557], 
              [0.00384802, 0.983492, 0.00451918, 0.008142], 
              [0.974278, 0.00787316, 0.0105571, 0.00729201], 
              [0.00425002, 0.00581617, 0.982374, 0.00756001], 
              [0.00747101, 0.982419, 0.00586017, 0.00425002], 
              [0.00729201, 0.0106461, 0.00800716, 0.974054], 
              [0.008142, 0.00456318, 0.983358, 0.00393702], 
              [0.0745637, 0.482711, 0.121037, 0.321689], 
              [0.208749, 0.245874, 0.166301, 0.379075], 
              [0.224449, 0.253165, 0.284877, 0.23751]
            ],
            "pos": 410,
            "neg": 49,
            "tp": 201,
            "fp": 0,
            "positive_thresh": 410,
            "true_positive_thresh": 3.70154,
            "number_of_tests": 252,
            "corrected_pvalue": "1.51e-11",
            "evalue": "1.13e-8"
          }, {
            "db": 0,
            "id": "MA0521.1",
            "alt": "Tcf12",
            "len": 11,
            "motif_evalue": 0,
            "motif_nsites": 12895,
            "url": "http://jaspar.genereg.net/matrix/MA0521.1",
            "pwm": [
              [0.478478, 0.122917, 0.397285, 0.00131979], 
              [0.683982, 0.009618, 0.306398, 1.80259e-06], 
              [1.80259e-06, 0.999994, 2.07485e-06, 1.80259e-06], 
              [0.999994, 2.07485e-06, 2.07485e-06, 1.80259e-06], 
              [0.000621798, 2.07485e-06, 0.999374, 1.80259e-06], 
              [0.0142707, 0.839236, 0.146492, 1.80259e-06], 
              [1.80259e-06, 2.07485e-06, 2.07485e-06, 0.999994], 
              [1.80259e-06, 2.07485e-06, 0.999994, 1.80259e-06], 
              [0.145406, 0.428615, 0.295541, 0.130439], 
              [0.303372, 0.18736, 0.226832, 0.282435], 
              [0.222024, 0.233036, 0.375028, 0.169911]
            ],
            "pos": 410,
            "neg": 49,
            "tp": 200,
            "fp": 0,
            "positive_thresh": 410,
            "true_positive_thresh": 3.29325,
            "number_of_tests": 254,
            "corrected_pvalue": "1.88e-11",
            "evalue": "1.40e-8"
          }, {
            "db": 0,
            "id": "MA0816.1",
            "alt": "Ascl2",
            "len": 10,
            "motif_evalue": 0,
            "motif_nsites": 352,
            "url": "http://jaspar.genereg.net/matrix/MA0816.1",
            "pwm": [
              [0.67317, 0.10232, 0.179002, 0.0455081], 
              [0.374229, 0.119925, 0.502857, 0.00298919], 
              [0.00993121, 0.986638, 7.5988e-05, 0.00335408], 
              [0.952177, 7.5988e-05, 7.5988e-05, 0.0476715], 
              [0.0201753, 0.0661492, 0.8619, 0.0517753], 
              [0.00986723, 0.98019, 0.00661013, 0.00333309], 
              [0.0132203, 7.5988e-05, 7.5988e-05, 0.986628], 
              [6.60171e-05, 0.00337505, 0.989894, 0.00666514], 
              [0.0187527, 0.641639, 0.0467917, 0.292818], 
              [0.0939623, 0.279003, 0.077402, 0.549634]
            ],
            "pos": 410,
            "neg": 49,
            "tp": 262,
            "fp": 5,
            "positive_thresh": 410,
            "true_positive_thresh": 1.02228,
            "number_of_tests": 267,
            "corrected_pvalue": "5.23e-11",
            "evalue": "3.90e-8"
          }, {
            "db": 0,
            "id": "MA1641.1",
            "alt": "MYF5",
            "len": 12,
            "motif_evalue": 0,
            "motif_nsites": 11210,
            "url": "http://jaspar.genereg.net/matrix/MA1641.1",
            "pwm": [
              [0.240678, 0.240856, 0.290633, 0.227832], 
              [0.312845, 0.266369, 0.280553, 0.140233], 
              [0.668149, 0.122035, 0.158253, 0.0515626], 
              [0.008477, 0.973321, 0.0143643, 0.00383804], 
              [0.978138, 0.00419535, 0.00615733, 0.01151], 
              [0.00892299, 0.0205192, 0.950752, 0.0198059], 
              [0.0198949, 0.950663, 0.0205192, 0.00892299], 
              [0.01151, 0.00606833, 0.00419535, 0.978227], 
              [0.00374904, 0.0143643, 0.973411, 0.008477], 
              [0.0515626, 0.158342, 0.122035, 0.66806], 
              [0.140233, 0.280642, 0.26628, 0.312845], 
              [0.227832, 0.290633, 0.240946, 0.240589]
            ],
            "pos": 410,
            "neg": 49,
            "tp": 237,
            "fp": 3,
            "positive_thresh": 410,
            "true_positive_thresh": 1.61003,
            "number_of_tests": 281,
            "corrected_pvalue": "1.11e-10",
            "evalue": "8.25e-8"
          }, {
            "db": 0,
            "id": "MA1619.1",
            "alt": "Ptf1a(var.2)",
            "len": 12,
            "motif_evalue": 0,
            "motif_nsites": 7253,
            "url": "http://jaspar.genereg.net/matrix/MA1619.1",
            "pwm": [
              [0.257686, 0.248587, 0.272163, 0.221563], 
              [0.272714, 0.335033, 0.224598, 0.167656], 
              [0.599195, 0.147527, 0.18034, 0.0729372], 
              [0.00675911, 0.985651, 0.00386364, 0.00372615], 
              [0.981515, 0.00565661, 0.00896557, 0.00386315], 
              [0.00469114, 0.0423301, 0.92223, 0.0307488], 
              [0.0308868, 0.923333, 0.0412271, 0.00455314], 
              [0.00358816, 0.00910356, 0.00551861, 0.981791], 
              [0.00372615, 0.00372664, 0.985789, 0.00675911], 
              [0.0737652, 0.180892, 0.146838, 0.598506], 
              [0.168345, 0.225011, 0.334481, 0.272162], 
              [0.220874, 0.272577, 0.248587, 0.257962]
            ],
            "pos": 410,
            "neg": 49,
            "tp": 283,
            "fp": 8,
            "positive_thresh": 410,
            "true_positive_thresh": 1.02289,
            "number_of_tests": 291,
            "corrected_pvalue": "2.98e-10",
            "evalue": "2.22e-7"
          }, {
            "db": 0,
            "id": "MA0499.2",
            "alt": "MYOD1",
            "len": 13,
            "motif_evalue": 0,
            "motif_nsites": 34300,
            "url": "http://jaspar.genereg.net/matrix/MA0499.2",
            "pwm": [
              [0.209184, 0.328834, 0.236676, 0.225306], 
              [0.27586, 0.207085, 0.246181, 0.270875], 
              [0.132624, 0.163907, 0.638016, 0.0654525], 
              [0.0101756, 0.97166, 0.0103217, 0.00784365], 
              [0.941135, 0.0169977, 0.0247527, 0.0171146], 
              [0.0134996, 0.736879, 0.213878, 0.0357436], 
              [0.0155696, 0.947636, 0.0271727, 0.00962165], 
              [0.00702666, 0.0164147, 0.0106717, 0.965887], 
              [0.00606466, 0.0112547, 0.975741, 0.00693966], 
              [0.0117206, 0.0744906, 0.0495346, 0.864255], 
              [0.0527115, 0.555451, 0.129446, 0.262391], 
              [0.27586, 0.305685, 0.180816, 0.237638], 
              [0.165802, 0.342857, 0.218513, 0.272828]
            ],
            "pos": 410,
            "neg": 49,
            "tp": 289,
            "fp": 9,
            "positive_thresh": 410,
            "true_positive_thresh": 1.02059,
            "number_of_tests": 298,
            "corrected_pvalue": "5.50e-10",
            "evalue": "4.10e-7"
          }, {
            "db": 0,
            "id": "MA0820.1",
            "alt": "FIGLA",
            "len": 10,
            "motif_evalue": 0,
            "motif_nsites": 1780,
            "url": "http://jaspar.genereg.net/matrix/MA0820.1",
            "pwm": [
              [0.497738, 0.151692, 0.0983245, 0.252246], 
              [0.387631, 0.389319, 0.089898, 0.133152], 
              [1.3058e-05, 0.983929, 1.50303e-05, 0.0160432], 
              [0.96735, 0.0250136, 1.50303e-05, 0.00762163], 
              [1.3058e-05, 0.771537, 0.228437, 1.3058e-05], 
              [0.00429882, 0.847586, 0.148102, 1.3058e-05], 
              [0.0302324, 1.50303e-05, 0.00918851, 0.960563], 
              [0.018821, 0.0172551, 0.929953, 0.0339712], 
              [0.0865252, 0.126412, 0.31966, 0.467403], 
              [0.255617, 0.158995, 0.162366, 0.423023]
            ],
            "pos": 410,
            "neg": 49,
            "tp": 275,
            "fp": 8,
            "positive_thresh": 410,
            "true_positive_thresh": 1.36827,
            "number_of_tests": 319,
            "corrected_pvalue": "2.30e-9",
            "evalue": "1.72e-6"
          }, {
            "db": 0,
            "id": "MA1618.1",
            "alt": "Ptf1a",
            "len": 13,
            "motif_evalue": 0,
            "motif_nsites": 14441,
            "url": "http://jaspar.genereg.net/matrix/MA1618.1",
            "pwm": [
              [0.28336, 0.20698, 0.253514, 0.256146], 
              [0.30995, 0.253584, 0.247074, 0.189391], 
              [0.592339, 0.190223, 0.167164, 0.0502753], 
              [0.00921155, 0.969872, 0.00900379, 0.0119125], 
              [0.973889, 0.0081728, 0.0105968, 0.00734156], 
              [0.0173135, 0.0322706, 0.905196, 0.0452193], 
              [0.840104, 0.119383, 0.0302626, 0.0102505], 
              [0.00872655, 0.0155127, 0.0081728, 0.967587], 
              [0.0166905, 0.00844979, 0.960316, 0.0145435], 
              [0.0668251, 0.142512, 0.197632, 0.593032], 
              [0.104634, 0.162109, 0.158924, 0.574335], 
              [0.241742, 0.249359, 0.253722, 0.255176], 
              [0.259954, 0.255453, 0.233779, 0.250814]
            ],
            "pos": 410,
            "neg": 49,
            "tp": 251,
            "fp": 7,
            "positive_thresh": 410,
            "true_positive_thresh": 1.09369,
            "number_of_tests": 267,
            "corrected_pvalue": "5.11e-8",
            "evalue": "3.81e-5"
          }, {
            "db": 0,
            "id": "MA1109.1",
            "alt": "NEUROD1",
            "len": 13,
            "motif_evalue": 0,
            "motif_nsites": 2282,
            "url": "http://jaspar.genereg.net/matrix/MA1109.1",
            "pwm": [
              [0.245836, 0.187996, 0.31814, 0.248027], 
              [0.330846, 0.141549, 0.397014, 0.130591], 
              [0.56484, 0.198075, 0.216479, 0.0206053], 
              [0.00745986, 0.981564, 0.00570847, 0.00526896], 
              [0.982, 0.00307859, 0.00702242, 0.00789784], 
              [0.00702088, 0.0105283, 0.943002, 0.0394475], 
              [0.891294, 0.0657408, 0.0337522, 0.00921178], 
              [0.0241111, 0.0223597, 0.00833736, 0.945192], 
              [0.00570694, 0.00307859, 0.97762, 0.0135946], 
              [0.0258641, 0.0407639, 0.859746, 0.073627], 
              [0.163456, 0.399205, 0.183177, 0.254162], 
              [0.30324, 0.236636, 0.262489, 0.197636], 
              [0.235758, 0.258983, 0.275197, 0.230061]
            ],
            "pos": 410,
            "neg": 49,
            "tp": 226,
            "fp": 5,
            "positive_thresh": 410,
            "true_positive_thresh": 1.10904,
            "number_of_tests": 239,
            "corrected_pvalue": "1.11e-7",
            "evalue": "8.24e-5"
          }, {
            "db": 0,
            "id": "MA1648.1",
            "alt": "TCF12(var.2)",
            "len": 11,
            "motif_evalue": 0,
            "motif_nsites": 61876,
            "url": "http://jaspar.genereg.net/matrix/MA1648.1",
            "pwm": [
              [0.210324, 0.313417, 0.274678, 0.201581], 
              [0.239754, 0.284343, 0.299955, 0.175949], 
              [0.0154344, 0.934901, 0.0191674, 0.0304963], 
              [0.848939, 0.0324364, 0.0906173, 0.0280083], 
              [0.0120244, 0.898538, 0.0610903, 0.0283473], 
              [0.0309173, 0.901237, 0.0571473, 0.0106994], 
              [0.0223033, 0.0628033, 0.0424244, 0.87247], 
              [0.0455593, 0.0337454, 0.903774, 0.0169213], 
              [0.0176003, 0.889859, 0.0373974, 0.0551433], 
              [0.22411, 0.284488, 0.230994, 0.260408], 
              [0.184466, 0.293393, 0.324197, 0.197944]
            ],
            "pos": 410,
            "neg": 49,
            "tp": 300,
            "fp": 14,
            "positive_thresh": 410,
            "true_positive_thresh": 1.02418,
            "number_of_tests": 314,
            "corrected_pvalue": "4.48e-7",
            "evalue": "3.34e-4"
          }, {
            "db": 0,
            "id": "MA1123.2",
            "alt": "TWIST1",
            "len": 13,
            "motif_evalue": 0,
            "motif_nsites": 27333,
            "url": "http://jaspar.genereg.net/matrix/MA1123.2",
            "pwm": [
              [0.304723, 0.210771, 0.237259, 0.247247], 
              [0.286174, 0.20232, 0.209344, 0.302162], 
              [0.275711, 0.168185, 0.211173, 0.344931], 
              [0.136575, 0.746788, 0.0854647, 0.0311717], 
              [0.0137938, 0.975558, 0.00428196, 0.00636683], 
              [0.977314, 0.00497696, 0.00768395, 0.0100258], 
              [0.0160988, 0.0482938, 0.884131, 0.0514767], 
              [0.897228, 0.0617208, 0.0332209, 0.00782982], 
              [0.0130618, 0.0166839, 0.0105379, 0.959716], 
              [0.0139038, 0.0144889, 0.950314, 0.0212938], 
              [0.0658916, 0.106795, 0.148868, 0.678445], 
              [0.148904, 0.270808, 0.266089, 0.314199], 
              [0.249625, 0.24004, 0.227308, 0.283028]
            ],
            "pos": 410,
            "neg": 49,
            "tp": 239,
            "fp": 7,
            "positive_thresh": 410,
            "true_positive_thresh": 1.03113,
            "number_of_tests": 246,
            "corrected_pvalue": "5.15e-7",
            "evalue": "3.84e-4"
          }, {
            "db": 0,
            "id": "MA0103.3",
            "alt": "ZEB1",
            "len": 11,
            "motif_evalue": 0,
            "motif_nsites": 20129,
            "url": "http://jaspar.genereg.net/matrix/MA0103.3",
            "pwm": [
              [0.159521, 0.397336, 0.259725, 0.183417], 
              [0.232749, 0.275722, 0.25729, 0.234239], 
              [0.00566413, 0.953596, 0.00785029, 0.032889], 
              [0.988868, 1.32919e-06, 0.0110803, 5.11545e-05], 
              [0.00159115, 0.987526, 0.00482031, 0.00606212], 
              [0.00958911, 0.956676, 0.0322432, 0.00149115], 
              [0.000200154, 0.0248902, 0.0176372, 0.957272], 
              [0.02191, 0.00884429, 0.962837, 0.00641012], 
              [0.0984657, 0.474985, 0.257241, 0.169308], 
              [0.211536, 0.30389, 0.327935, 0.15664], 
              [0.173382, 0.345521, 0.289533, 0.191564]
            ],
            "pos": 410,
            "neg": 49,
            "tp": 267,
            "fp": 10,
            "positive_thresh": 410,
            "true_positive_thresh": 1.07814,
            "number_of_tests": 277,
            "corrected_pvalue": "5.39e-7",
            "evalue": "4.02e-4"
          }, {
            "db": 0,
            "id": "MA0830.2",
            "alt": "TCF4",
            "len": 13,
            "motif_evalue": 0,
            "motif_nsites": 29465,
            "url": "http://jaspar.genereg.net/matrix/MA0830.2",
            "pwm": [
              [0.20526, 0.341151, 0.242321, 0.211268], 
              [0.238724, 0.229221, 0.292483, 0.239572], 
              [0.141456, 0.171797, 0.627795, 0.0589516], 
              [0.00824776, 0.97356, 0.0108949, 0.00729776], 
              [0.91712, 0.0215518, 0.0439508, 0.0173777], 
              [0.00733176, 0.908364, 0.0588167, 0.0254887], 
              [0.0120827, 0.940911, 0.0406248, 0.00638077], 
              [0.0126257, 0.0344828, 0.0230448, 0.929847], 
              [0.00851976, 0.0183278, 0.964939, 0.00821376], 
              [0.0574926, 0.642626, 0.17923, 0.120652], 
              [0.187816, 0.436856, 0.167419, 0.207908], 
              [0.217648, 0.29384, 0.270287, 0.218225], 
              [0.174207, 0.334057, 0.260037, 0.231699]
            ],
            "pos": 410,
            "neg": 49,
            "tp": 290,
            "fp": 13,
            "positive_thresh": 410,
            "true_positive_thresh": 1.15205,
            "number_of_tests": 311,
            "corrected_pvalue": "7.90e-7",
            "evalue": "5.89e-4"
          }, {
            "db": 0,
            "id": "MA1631.1",
            "alt": "ASCL1(var.2)",
            "len": 13,
            "motif_evalue": 0,
            "motif_nsites": 34356,
            "url": "http://jaspar.genereg.net/matrix/MA1631.1",
            "pwm": [
              [0.198888, 0.343608, 0.243655, 0.213849], 
              [0.260566, 0.232798, 0.250349, 0.256287], 
              [0.169868, 0.193678, 0.540691, 0.0957624], 
              [0.00535666, 0.976887, 0.00934375, 0.00841265], 
              [0.940591, 0.0163877, 0.0250327, 0.0179886], 
              [0.00474466, 0.878127, 0.0934045, 0.0237226], 
              [0.00570566, 0.97223, 0.0176687, 0.00439566], 
              [0.0107116, 0.0215397, 0.0143217, 0.953427], 
              [0.00730666, 0.0129537, 0.972492, 0.00724866], 
              [0.0116146, 0.83956, 0.0791425, 0.0696825], 
              [0.13069, 0.520519, 0.0863315, 0.262458], 
              [0.206165, 0.307224, 0.260187, 0.226423], 
              [0.173827, 0.349168, 0.243218, 0.233787]
            ],
            "pos": 410,
            "neg": 49,
            "tp": 287,
            "fp": 13,
            "positive_thresh": 410,
            "true_positive_thresh": 1.03195,
            "number_of_tests": 300,
            "corrected_pvalue": "1.46e-6",
            "evalue": "1.09e-3"
          }, {
            "db": 0,
            "id": "MA0607.1",
            "alt": "Bhlha15",
            "len": 8,
            "motif_evalue": 0,
            "motif_nsites": 1001,
            "url": "http://jaspar.genereg.net/matrix/MA0607.1",
            "pwm": [
              [0.142866, 0.5704, 0.285712, 0.00102212], 
              [2.32191e-05, 0.999927, 2.6726e-05, 2.32191e-05], 
              [0.999923, 2.6726e-05, 2.6726e-05, 2.32191e-05], 
              [2.32191e-05, 2.6726e-05, 0.200207, 0.799743], 
              [0.799743, 0.200207, 2.6726e-05, 2.32191e-05], 
              [2.32191e-05, 2.6726e-05, 2.6726e-05, 0.999923], 
              [2.32191e-05, 2.6726e-05, 0.999927, 2.32191e-05], 
              [0.00102312, 0.231004, 0.154011, 0.613962]
            ],
            "pos": 410,
            "neg": 49,
            "tp": 209,
            "fp": 5,
            "positive_thresh": 410,
            "true_positive_thresh": 1.01652,
            "number_of_tests": 214,
            "corrected_pvalue": "2.25e-6",
            "evalue": "1.68e-3"
          }, {
            "db": 0,
            "id": "MA1642.1",
            "alt": "NEUROG2(var.2)",
            "len": 13,
            "motif_evalue": 0,
            "motif_nsites": 34391,
            "url": "http://jaspar.genereg.net/matrix/MA1642.1",
            "pwm": [
              [0.252682, 0.213806, 0.314414, 0.219098], 
              [0.263063, 0.198976, 0.29435, 0.24361], 
              [0.351516, 0.188043, 0.323166, 0.137274], 
              [0.478264, 0.237097, 0.233753, 0.0508855], 
              [0.00808465, 0.975806, 0.00921875, 0.00689166], 
              [0.980487, 0.00613576, 0.00875275, 0.00462366], 
              [0.0116316, 0.0230587, 0.883718, 0.0815914], 
              [0.952166, 0.0276827, 0.0121547, 0.00799665], 
              [0.0188716, 0.0262867, 0.00939275, 0.945449], 
              [0.00814265, 0.00596176, 0.971822, 0.0140736], 
              [0.0442855, 0.0862435, 0.726875, 0.142595], 
              [0.193801, 0.303597, 0.220436, 0.282167], 
              [0.275188, 0.262685, 0.253235, 0.208892]
            ],
            "pos": 410,
            "neg": 49,
            "tp": 200,
            "fp": 5,
            "positive_thresh": 410,
            "true_positive_thresh": 1.2039,
            "number_of_tests": 219,
            "corrected_pvalue": "1.07e-5",
            "evalue": "7.98e-3"
          }, {
            "db": 0,
            "id": "MA0764.2",
            "alt": "ETV4",
            "len": 10,
            "motif_evalue": 0,
            "motif_nsites": 8414,
            "url": "http://jaspar.genereg.net/matrix/MA0764.2",
            "pwm": [
              [0.37069, 0.177562, 0.323389, 0.128358], 
              [0.143334, 0.547656, 0.230093, 0.0789178], 
              [0.992741, 0.00725309, 3.17983e-06, 2.76258e-06], 
              [2.76258e-06, 0.010937, 0.987393, 0.00166674], 
              [0.000121761, 0.000122178, 0.99179, 0.00796567], 
              [0.995237, 3.17983e-06, 3.17983e-06, 0.00475671], 
              [0.990364, 0.00867908, 3.17983e-06, 0.000953751], 
              [0.00130975, 0.00333114, 0.991672, 0.00368672], 
              [0.15403, 0.260756, 0.231638, 0.353576], 
              [0.277632, 0.189804, 0.363084, 0.16948]
            ],
            "pos": 410,
            "neg": 49,
            "tp": 240,
            "fp": 9,
            "positive_thresh": 410,
            "true_positive_thresh": 1.3507,
            "number_of_tests": 249,
            "corrected_pvalue": "1.48e-5",
            "evalue": "1.11e-2"
          }, {
            "db": 0,
            "id": "MA0761.2",
            "alt": "ETV1",
            "len": 14,
            "motif_evalue": 0,
            "motif_nsites": 37339,
            "url": "http://jaspar.genereg.net/matrix/MA0761.2",
            "pwm": [
              [0.338038, 0.200005, 0.258255, 0.203701], 
              [0.304213, 0.23134, 0.278717, 0.185731], 
              [0.610647, 0.116206, 0.161092, 0.112054], 
              [0.0494925, 0.860733, 0.0639815, 0.0257916], 
              [0.891961, 0.0820595, 0.0153467, 0.0106326], 
              [0.00618761, 0.0073657, 0.977073, 0.0093746], 
              [0.0101236, 0.0072587, 0.967378, 0.0152396], 
              [0.967619, 0.0126147, 0.0100437, 0.0097226], 
              [0.893648, 0.0130167, 0.0110347, 0.0823004], 
              [0.11342, 0.0350046, 0.837085, 0.0144896], 
              [0.0895314, 0.104154, 0.0842555, 0.722059], 
              [0.212164, 0.135515, 0.507967, 0.144353], 
              [0.312756, 0.200193, 0.289777, 0.197274], 
              [0.264094, 0.244088, 0.259728, 0.23209]
            ],
            "pos": 410,
            "neg": 49,
            "tp": 247,
            "fp": 10,
            "positive_thresh": 410,
            "true_positive_thresh": 1.03372,
            "number_of_tests": 257,
            "corrected_pvalue": "2.25e-5",
            "evalue": "1.68e-2"
          }, {
            "db": 0,
            "id": "MA1467.1",
            "alt": "ATOH1(var.2)",
            "len": 10,
            "motif_evalue": 0,
            "motif_nsites": 2005,
            "url": "http://jaspar.genereg.net/matrix/MA1467.1",
            "pwm": [
              [0.682272, 0.0852961, 0.232421, 1.15927e-05], 
              [0.736279, 0.130759, 0.132951, 1.15927e-05], 
              [1.15927e-05, 0.999963, 1.33437e-05, 1.15927e-05], 
              [0.947332, 1.33437e-05, 1.33437e-05, 0.052641], 
              [1.15927e-05, 1.33437e-05, 0.883119, 0.116856], 
              [0.129776, 0.870199, 1.33437e-05, 1.15927e-05], 
              [1.15927e-05, 1.33437e-05, 1.33437e-05, 0.999962], 
              [1.15927e-05, 1.33437e-05, 0.999963, 1.15927e-05], 
              [0.0679902, 0.216377, 0.0255971, 0.690035], 
              [1.15927e-05, 0.688803, 1.33437e-05, 0.311172]
            ],
            "pos": 410,
            "neg": 49,
            "tp": 168,
            "fp": 3,
            "positive_thresh": 410,
            "true_positive_thresh": 1.04663,
            "number_of_tests": 171,
            "corrected_pvalue": "2.74e-5",
            "evalue": "2.04e-2"
          }, {
            "db": 0,
            "id": "MA1629.1",
            "alt": "Zic2",
            "len": 14,
            "motif_evalue": 0,
            "motif_nsites": 11919,
            "url": "http://jaspar.genereg.net/matrix/MA1629.1",
            "pwm": [
              [0.263864, 0.294236, 0.231647, 0.210253], 
              [0.205554, 0.147245, 0.320581, 0.32662], 
              [0.0974091, 0.83337, 0.0490828, 0.0201378], 
              [0.577898, 0.148084, 0.0695547, 0.204463], 
              [0.0113279, 0.962826, 0.0157751, 0.0100699], 
              [0.929099, 0.032807, 0.0156071, 0.0224868], 
